0
6
15
30
65
103
160
221
309
383
464
537
627
714
830
929
1035
1132
1234
1338
1455
1578
1678
1786
1887
1993
2114
2245
2346
2450
2576
2702
2814
2943
3058
3173
3291
3409
3522
3620
3703
3810
3939
4067
4179
4290
4400
4488
4603
4708
4841
4965
5067
5169
5277
5373
5461
5566
5653
5766
5884
5972
6079
6181
6286
6407
6509
6590
6676
6775
6851
6960
7069
7152
7241
7347
7468
7562
7655
7741
7849
7941
8019
8130
8224
8331
8423
8548
8638
8739
8828
8911
8993
9065
9122
9197
9271
9356
9456
9538
9616
9705
9786
9865
9936
10020
10101
10165
10222
10263
10326
10409
10477
10539
10592
10687
10769
10840
10910
10970
11021
11068
11100
11133
11166
11191
11218
11234
11287
11314
11361
11385
11421
11448
11474
11490
11505
11528
11521
11527
11537
11531
11527
11542
11543
11541
11558
11547
11556
11554
11531
11529
11540
11534
11515
11495
11494
11489
11477
11463
11449
11429
11403
11375
11340
11322
11289
11268
11236
11214
11188
11160
11125
11082
11058
11038
11030
10998
10969
10938
10908
10876
10844
10816
10776
10741
10701
10678
10648
10603
10561
10529
10497
10461
10424
10388
10346
10293
10248
10217
10174
10150
10097
10061
10024
9989
9949
9906
9859
9824
9790
9754
9725
9681
9647
9618
9585
9545
9515
9476
9437
9403
9367
9332
9299
9262
9220
9178
9122
9085
9053
9023
8995
8965
8930
8899
8851
8800
8760
8722
8689
8662
8631
8600
8571
8542
8519
8478
8436
8410
8374
8336
8300
8262
8232
8198
8157
8129
8103
8074
8040
8000
7964
7931
7900
7865
7832
7795
7766
7728
7694
7660
7630
7598
7573
7532
7506
7470
7446
7414
7386
7358
7322
7283
7264
7234
7209
7184
7155
7133
7093
7068
7032
6999
6971
6948
6910
6877
6849
6819
6782
6753
6725
6695
6677
6657
6635
6604
6582
6562
6545
6519
6504
6489
6464
6433
6415
6393
6376
6361
6334
6305
6280
6258
6232
6205
6176
6155
6136
6115
6096
6068
6044
6014
5988
5958
5934
5915
5890
5865
5841
5819
5793
5773
5744
5732
5714
5680
5668
5642
5615
5590
5577
5558
5532
5504
5476
5453
5429
5404
5376
5364
5342
5320
5291
5272
5252
5233
5211
5194
5163
5136
5112
5089
5068
5048
5030
5004
4987
4959
4935
4901
4873
4861
4844
4825
4804
4782
4768
4754
4731
4712
4697
4678
4655
4631
4612
4597
4572
4555
