0
2
9
26
66
115
170
232
313
402
486
586
678
761
859
949
1038
1156
1256
1356
1462
1585
1702
1796
1925
2031
2148
2264
2375
2475
2589
2693
2793
2906
3017
3129
3243
3354
3463
3579
3687
3784
3898
4016
4119
4211
4322
4449
4553
4666
4777
4863
4954
5049
5149
5240
5323
5408
5518
5622
5721
5829
5954
6065
6165
6267
6368
6450
6542
6626
6724
6809
6902
6981
7092
7190
7280
7371
7456
7541
7642
7733
7806
7899
7978
8078
8168
8253
8348
8428
8508
8589
8673
8762
8858
8960
9039
9141
9208
9286
9383
9481
9565
9645
9719
9806
9873
9959
10045
10112
10185
10283
10340
10415
10487
10550
10591
10637
10708
10794
10857
10893
10959
10970
11008
11043
11086
11095
11112
11127
11147
11193
11214
11265
11286
11324
11344
11350
11380
11397
11393
11399
11401
11429
11458
11470
11469
11473
11491
11499
11499
11489
11499
11482
11465
11463
11442
11432
11420
11419
11402
11373
11356
11334
11312
11291
11261
11231
11206
11194
11162
11135
11116
11102
11071
11051
11019
10994
10976
10953
10904
10875
10843
10806
10774
10750
10719
10674
10632
10595
10548
10517
10474
10434
10396
10368
10324
10288
10256
10226
10201
10170
10143
10110
10078
10040
10007
9964
9937
9904
9867
9831
9780
9749
9705
9670
9642
9593
9559
9522
9474
9443
9407
9376
9346
9310
9275
9248
9212
9179
9132
9100
9063
9031
8987
8961
8932
8898
8867
8832
8799
8769
8739
8713
8680
8647
8612
8579
8542
8513
8487
8463
8432
8400
8375
8347
8313
8279
8245
8211
8176
8151
8124
8087
8057
8020
7984
7948
7906
7879
7855
7823
7784
7739
7693
7653
7629
7590
7565
7543
7516
7487
7466
7434
7410
7382
7359
7339
7309
7288
7257
7221
7192
7172
7141
7111
7089
7057
7025
7003
6969
6942
6910
6875
6854
6827
6803
6772
6746
6723
6696
6672
6649
6622
6598
6571
6544
6517
6489
6462
6440
6408
6379
6359
6333
6301
6273
6242
6228
6206
6184
6158
6133
6115
6087
6053
6036
6014
5987
5956
5939
5914
5886
5866
5836
5822
5805
5778
5761
5729
5707
5681
5649
5618
5594
5560
5533
5516
5493
5474
5436
5414
5395
5368
5344
5315
5291
5274
5256
5240
5221
5204
5179
5154
5134
5117
5098
5077
5062
5039
5014
4991
4968
4949
4931
4914
4890
4874
4854
4842
4819
4793
4781
4764
4747
4726
4710
4697
4677
4661
