0
1
13
32
68
116
175
231
315
393
471
560
638
749
849
958
1096
1220
1318
1419
1529
1641
1748
1855
1966
2072
2181
2287
2397
2505
2618
2728
2848
2946
3075
3205
3323
3447
3567
3684
3807
3916
4032
4125
4241
4330
4425
4532
4650
4755
4864
4953
5046
5149
5255
5344
5429
5520
5637
5734
5833
5943
6042
6131
6231
6322
6428
6526
6631
6736
6833
6923
7004
7109
7202
7308
7413
7484
7590
7678
7788
7892
7990
8067
8147
8223
8289
8391
8469
8545
8633
8708
8793
8874
8974
9056
9147
9215
9307
9398
9465
9562
9646
9732
9771
9837
9913
9993
10056
10122
10200
10283
10355
10409
10471
10519
10569
10649
10679
10719
10776
10826
10875
10924
10975
11028
11073
11131
11166
11208
11230
11252
11277
11308
11347
11362
11365
11381
11382
11384
11403
11414
11412
11401
11403
11404
11419
11409
11402
11402
11402
11374
11364
11361
11364
11339
11331
11333
11308
11280
11269
11256
11233
11207
11172
11152
11128
11090
11067
11038
11003
10973
10926
10892
10873
10856
10831
10802
10771
10731
10694
10664
10628
10591
10555
10519
10475
10438
10412
10358
10340
10290
10256
10228
10190
10153
10115
10087
10068
10020
10001
9962
9911
9882
9851
9815
9776
9745
9708
9678
9647
9612
9570
9529
9483
9450
9419
9381
9354
9315
9276
9233
9196
9160
9121
9073
9030
8995
8949
8901
8853
8822
8791
8750
8722
8685
8650
8610
8576
8547
8515
8484
8450
8423
8390
8341
8320
8273
8237
8207
8173
8148
8123
8096
8062
8036
8004
7972
7933
7902
7873
7852
7812
7774
7748
7718
7689
7659
7625
7596
7568
7530
7501
7477
7446
7418
7393
7376
7352
7321
7282
7249
7222
7196
7170
7136
7105
7072
7048
7022
6996
6957
6922
6899
6869
6845
6819
6787
6762
6736
6710
6679
6653
6628
6603
6570
6548
6523
6501
6475
6453
6419
6391
6365
6347
6330
6311
6280
6261
6236
6211
6187
6162
6132
6109
6090
6066
6048
6020
5993
5969
5937
5909
5890
5861
5840
5810
5784
5764
5737
5722
5700
5677
5657
5634
5613
5598
5580
5557
5541
5515
5499
5483
5462
5441
5417
5393
5369
5346
5327
5299
5283
5260
5233
5207
5189
5176
5152
5127
5111
5090
5069
5049
5034
5021
4997
4978
4957
4939
4919
4892
4871
4857
4837
4822
4806
4785
4761
4739
4721
4704
4691
4670
4648
4626
4608
4588
4571
4549
4537
