0
2
12
36
69
119
163
234
304
377
466
553
655
760
841
954
1049
1121
1234
1349
1445
1564
1661
1767
1863
1971
2091
2204
2320
2443
2547
2655
2759
2866
2961
3085
3195
3303
3427
3555
3678
3766
3843
3958
4070
4163
4253
4337
4452
4565
4659
4758
4864
4972
5088
5193
5312
5425
5528
5619
5733
5822
5918
6034
6133
6227
6313
6415
6519
6610
6701
6795
6907
7027
7114
7213
7295
7394
7493
7585
7668
7773
7869
7960
8059
8166
8267
8353
8451
8539
8613
8712
8790
8906
8991
9108
9172
9251
9315
9389
9457
9548
9623
9709
9787
9865
9959
10044
10124
10222
10274
10336
10408
10472
10538
10596
10668
10734
10797
10872
10925
10960
11012
11052
11111
11161
11216
11255
11293
11319
11343
11355
11378
11401
11428
11451
11466
11488
11492
11502
11507
11513
11530
11523
11524
11536
11535
11550
11542
11536
11523
11531
11534
11535
11510
11496
11474
11438
11410
11403
11391
11365
11342
11321
11295
11271
11239
11208
11192
11170
11155
11119
11090
11060
11034
11008
10984
10947
10909
10875
10845
10817
10785
10756
10725
10678
10644
10625
10580
10553
10522
10490
10452
10416
10376
10341
10308
10258
10210
10166
10129
10097
10068
10028
9991
9955
9910
9874
9848
9810
9772
9735
9699
9656
9626
9589
9548
9502
9468
9433
9403
9364
9325
9273
9244
9206
9165
9127
9093
9054
9022
8982
8951
8922
8888
8843
8815
8789
8746
8706
8675
8651
8621
8586
8558
8533
8485
8455
8414
8386
8350
8320
8294
8267
8240
8211
8181
8150
8119
8089
8058
8031
7997
7962
7936
7904
7871
7831
7803
7768
7734
7703
7659
7631
7602
7570
7533
7494
7460
7429
7398
7367
7337
7306
7281
7254
7218
7191
7158
7127
7098
7066
7036
7012
6984
6952
6923
6881
6839
6811
6781
6751
6719
6698
6669
6642
6619
6590
6559
6532
6511
6493
6467
6434
6409
6378
6348
6319
6295
6275
6248
6219
6197
6173
6153
6122
6098
6072
6049
6025
5999
5975
5955
5928
5902
5881
5859
5829
5804
5780
5746
5723
5702
5675
5649
5633
5611
5580
5562
5540
5526
5513
5498
5473
5453
5430
5412
5398
5378
5352
5333
5307
5286
5267
5247
5228
5214
5198
5172
5158
5134
5114
5091
5072
5056
5037
5016
4993
4978
4957
4935
4914
4891
4879
4858
4835
4808
4798
4778
4760
4733
4709
4694
4678
4654
4643
4629
4614
4590
4577
