997238
994505
991679
988912
986096
983318
980520
977710
974835
971956
969172
966392
963668
960889
958071
955244
952498
949732
946879
944116
941392
938679
935997
933201
930472
927854
925167
922504
919779
917091
914454
911831
909172
906532
903900
901223
898734
896100
893476
890909
888287
885675
883204
880595
878051
875563
873021
870539
868037
865532
863014
860547
858055
855615
853206
850757
848267
845830
843373
841028
838593
836129
833730
831281
828917
826572
824231
821847
819553
817185
814829
812494
810191
807907
805562
803253
800969
798647
796405
794220
791911
789733
787482
785255
783154
781038
778836
776700
774619
772610
770615
768702
766777
764965
763156
761533
760070
758696
757508
756436
755502
754812
754234
753802
753630
753581
753559
753515
753468
753512
753566
753627
753694
753760
753825
753884
753950
754005
754055
754108
754164
754220
754286
754338
754396
754471
754527
754597
754654
754715
754786
754843
754914
754971
755028
755088
755149
755213
755276
755335
755390
755443
755518
755581
755657
755724
755790
755852
755906
755963
756022
756072
756135
756199
756271
756336
756404
756480
756555
756613
756677
756723
756781
756846
756910
756972
757033
757090
757158
757221
757283
757336
757403
757463
757523
757582
757648
757728
757791
757861
757918
757969
758031
758088
758148
758215
758283
758355
758434
758499
758562
758611
758674
758736
758785
758852
758908
758964
759024
759087
759158
759211
759261
759318
759388
759447
759506
759558
759618
759688
759753
759813
759871
759915
759973
760032
760092
760148
760195
760252
760301
760356
760409
760474
760535
760604
760681
760740
760797
760868
760936
760994
761058
761128
761183
761240
761293
761349
761402
761466
761521
761574
761632
761702
761763
761830
761891
761952
762000
762070
762130
762202
762270
762332
762397
762464
762522
762578
762633
762707
762766
762822
762869
762917
762973
763037
763102
763165
763226
763283
763344
763398
763448
763503
763557
763616
763669
763733
763806
763864
763918
763990
764063
764111
764160
764221
764280
764336
764399
764474
764523
764570
764639
764682
764746
764801
764860
764920
764967
765024
765078
765137
765201
765263
765321
765380
765464
765527
765592
765657
765713
765772
765821
765880
765933
765999
766057
766106
766160
766221
766282
766326
766385
766449
766493
766555
766618
766668
766722
766782
766834
766890
766943
767000
767061
767119
767173
767234
767299
767360
767414
767473
767537
767587
767638
767690
767751
767817
767894
767946
767989
768056
768125
768179
768255
768313
768380
768446
768517
768582
768650
768699
768754
768801
768865
768914
768967
769027
769084
769151
769222
769282
769329
769389
769437
769503
769546
769613
769661
769729
769780
769840
769893
769968
770023
770085
770133
770190
770248
770306
770360
770426
770484
770542
770590
770647
770694
770738
770800
770869
