997294
994532
991756
988903
986108
983344
980446
977591
974776
971961
969166
966329
963629
960836
958015
955344
952520
949842
947046
944260
941501
938808
936192
933542
930882
928229
925646
922886
920220
917568
914877
912230
909614
907044
904395
901791
899105
896520
893867
891264
888647
886090
883545
880990
878492
875964
873435
870974
868466
866021
863575
861071
858621
856081
853569
851147
848702
846222
843781
841485
839067
836646
834294
831959
829521
827123
824712
822361
819992
817694
815323
812987
810611
808250
805983
803754
801461
799130
796904
794594
792303
789996
787760
785575
783351
781238
779099
777033
775005
772992
770989
769063
767220
765484
763830
762314
760948
759642
758526
757517
756674
755963
755390
754972
754547
754084
753804
753651
753606
753604
753661
753724
753784
753842
753900
753965
754020
754089
754144
754207
754286
754336
754413
754472
754522
754595
754663
754720
754772
754835
754897
754950
755002
755048
755113
755166
755217
755281
755324
755385
755441
755495
755539
755610
755658
755716
755771
755828
755887
755956
756019
756090
756142
756195
756250
756305
756376
756421
756483
756534
756587
756647
756697
756750
756809
756871
756926
756999
757064
757128
757184
757250
757306
757365
757429
757490
757545
757598
757646
757707
757783
757846
757911
757972
758040
758096
758160
758221
758276
758331
758394
758452
758508
758559
758634
758677
758733
758796
758852
758912
758968
759026
759078
759132
759189
759243
759303
759355
759401
759461
759516
759560
759630
759686
759761
759824
759905
759981
760038
760101
760160
760221
760271
760339
760385
760442
760501
760552
760602
760664
760719
760792
760846
760910
760973
761028
761087
761151
761218
761283
761325
761377
761441
761497
761557
761614
761679
761745
761803
761864
761921
761983
762059
762116
762176
762237
762299
762366
762422
762480
762546
762601
762658
762716
762771
762830
762886
762945
762997
763059
763129
763202
763251
763308
763359
763412
763476
763529
763582
763641
763697
763761
763830
763896
763943
764013
764080
764126
764170
764219
764270
764321
764359
764418
764484
764552
764606
764670
764745
764787
764837
764880
764948
764999
765042
765106
765153
765205
765279
765349
765407
765465
765519
765584
765633
765693
765751
765804
765857
765915
765969
766029
766095
766147
766199
766266
766333
766392
766443
766488
766549
766615
766673
766724
766787
766857
766909
766958
767020
767071
767131
767203
767270
767318
767382
767437
767499
767556
767614
767670
767725
767789
767848
767901
767948
768013
768062
768115
768173
768227
768294
768360
768412
768482
768550
768616
768676
768747
768813
768863
768916
768959
769017
769071
769129
769188
769263
769331
769390
769446
769508
769559
769609
769662
769714
769782
769837
769899
769963
770029
770088
770144
770206
770273
770333
770377
770438
770492
770541
770602
