997232
994542
991758
988921
986130
983367
980642
977785
974940
972188
969343
966524
963834
961057
958359
955655
952852
950121
947355
944677
941835
939090
936297
933549
930824
928116
925383
922767
920019
917382
914674
911995
909331
906758
904193
901679
899035
896444
893831
891172
888626
886033
883460
880887
878367
875868
873303
870804
868294
865749
863121
860636
858183
855674
853240
850797
848308
845952
843448
841049
838607
836161
833775
831320
828964
826578
824259
821885
819495
817207
814821
812450
810097
807833
805472
803207
800852
798547
796253
793881
791563
789337
787083
784856
782646
780528
778414
776247
774130
772037
770098
768137
766188
764324
762603
761022
759473
758093
756868
755797
754989
754458
753999
753536
753052
752558
752165
751984
751855
751787
751642
751486
751385
751414
751475
751548
751605
751663
751728
751798
751867
751936
751990
752061
752128
752184
752256
752314
752367
752425
752488
752542
752604
752658
752728
752777
752846
752912
752981
753042
753100
753165
753235
753289
753350
753409
753473
753530
753582
753655
753709
753773
753838
753909
753968
754036
754104
754171
754235
754302
754359
754428
754501
754568
754643
754710
754775
754844
754903
754966
755028
755111
755165
755227
755290
755363
755429
755491
755543
755602
755668
755722
755795
755863
755945
756014
756070
756132
756180
756249
756292
756348
756400
756468
756540
756597
756645
756690
756760
756832
756888
756951
756999
757066
757130
757181
757238
757293
757352
757409
757461
757529
757589
757659
757727
757795
757868
757928
757987
758041
758102
758156
758230
758291
758340
758391
758450
758506
758573
758631
758697
758767
758834
758886
758942
759001
759053
759102
759157
759230
759293
759349
759413
759475
759527
759581
759623
759700
759778
759823
759884
759953
760011
760081
760141
760190
760254
760317
760372
760419
760478
760542
760604
760657
760714
760760
760827
760887
760951
761023
761100
761173
761233
761294
761369
761439
761486
761542
761612
761677
761738
761794
761853
761916
761971
762023
762086
762144
762189
762247
762303
762374
762427
762497
762562
762630
762679
762741
762799
762854
762915
762967
763025
763084
763156
763234
763294
763370
763433
763500
763564
763610
763688
763752
763815
763868
763930
763985
764053
764109
764170
764231
764285
764354
764416
764468
764528
764586
764644
764702
764778
764830
764883
764936
764998
765052
765106
765162
765220
765288
765355
765411
765478
765536
765594
765654
765714
765766
765823
765885
765946
765998
766056
766111
766168
766227
766284
766337
766408
766476
766530
766589
766640
766705
766778
766834
766892
766943
766997
767048
767113
767178
767230
767284
767340
767403
767453
767507
767577
767641
767683
767751
767831
767893
767941
767993
768044
768095
768144
768198
768252
768312
768380
768436
768499
768569
768637
768692
768751
768807
