2631
5228
7707
9998
12144
14258
16256
18112
19911
21664
23200
24763
26142
27470
28793
29942
31013
32135
33029
33941
34844
35751
36539
37267
37994
38589
39283
39822
40287
40829
41353
41816
42230
42613
42972
43214
43519
43846
44083
44248
44548
44705
44885
44985
45041
45297
45423
45568
45722
45777
45865
46030
46075
46159
46193
46280
46321
46362
46310
46319
46298
46258
46278
46289
46169
46197
46155
46088
46017
46056
46048
45991
45828
45643
45544
45371
45245
45039
44988
44946
44788
44687
44494
44297
44225
43984
43931
43869
43557
43355
43003
42589
42237
41842
41381
40716
39998
39179
38274
37322
36222
35064
33848
32516
31263
30018
28735
27417
26095
24873
23647
22482
21222
20095
19019
17972
16968
16089
15242
14434
13662
12974
12276
11616
10978
10373
9844
9310
8788
8335
7886
7470
7102
6731
6390
6066
5726
5416
5159
4902
4657
4423
4169
3955
3723
3551
3357
3207
3037
2875
2717
2571
2434
2323
2192
2082
1970
1871
1781
1683
1604
1515
1441
1354
1281
1216
1151
1094
1038
979
923
879
834
794
748
711
677
650
620
590
552
530
500
475
454
434
406
378
355
336
321
309
290
275
258
249
229
217
206
198
189
178
173
163
150
144
133
125
121
115
108
102
93
91
85
82
77
74
71
68
65
63
60
57
56
51
50
48
46
45
43
42
39
38
36
32
29
29
29
28
26
25
25
24
24
23
20
19
19
19
18
16
16
16
16
15
15
13
12
12
12
11
11
11
11
10
10
10
10
9
9
9
9
8
8
8
8
8
8
8
8
8
8
7
6
6
6
6
6
6
5
5
5
4
4
4
4
4
4
4
2
2
2
1
1
1
1
1
1
1
1
1
1
1
1
1
1
1
1
1
1
1
1
0
0
0
0
0
0
0
0
0
0
0
0
0
0
0
0
0
0
0
0
0
0
0
0
0
0
0
0
0
0
0
0
0
0
0
0
0
0
0
0
0
0
0
0
0
0
0
0
0
0
0
0
0
0
0
0
0
0
0
0
0
0
0
0
0
0
0
0
0
0
0
0
0
0
0
0
0
