2705
5171
7620
9974
12176
14241
16161
18094
19938
21529
23232
24708
26019
27378
28560
29732
30950
31964
33015
33910
35002
35861
36760
37516
38191
38822
39471
39914
40526
40986
41560
42013
42475
42751
42949
43126
43412
43676
43979
44309
44520
44743
44973
45141
45233
45274
45480
45649
45707
45862
45968
46042
45938
45986
45945
45876
46007
45835
45868
45925
45941
45874
45812
45867
45733
45712
45582
45521
45451
45363
45264
45201
45079
44958
44958
44842
44821
44778
44686
44650
44650
44574
44526
44406
44316
44142
44103
43898
43643
43421
43108
42848
42440
42086
41646
41062
40417
39671
38869
37919
36688
35343
33953
32737
31567
30466
29327
27962
26679
25389
24306
23281
22249
21109
20010
19011
18053
17140
16224
15395
14584
13809
13016
12319
11665
11070
10518
9959
9390
8897
8414
7995
7565
7150
6756
6390
6053
5755
5452
5172
4916
4663
4444
4202
3942
3763
3586
3392
3216
3031
2889
2746
2609
2464
2332
2215
2089
1971
1857
1761
1678
1581
1497
1416
1354
1280
1223
1155
1105
1044
998
945
889
832
801
763
722
694
662
627
595
552
510
488
469
445
419
401
379
362
347
328
305
292
285
266
249
236
228
214
201
192
179
167
157
150
145
139
133
126
118
115
109
100
96
89
80
78
75
72
70
68
60
58
55
51
47
47
46
43
42
36
32
31
30
28
27
22
21
20
18
17
15
15
15
15
15
15
13
12
12
12
12
12
12
11
10
10
9
9
8
8
8
8
8
8
7
5
5
5
5
5
5
5
5
5
5
4
3
3
3
3
3
3
2
2
2
2
2
2
2
2
2
1
1
1
1
0
0
0
0
0
0
0
0
0
0
0
0
0
0
0
0
0
0
0
0
0
0
0
0
0
0
0
0
0
0
0
0
0
0
0
0
0
0
0
0
0
0
0
0
0
0
0
0
0
0
0
0
0
0
0
0
0
0
0
0
0
0
0
0
0
0
0
0
0
0
0
0
0
0
0
0
0
0
0
0
0
0
0
0
0
0
0
0
0
0
0
0
0
0
0
0
0
0
0
0
0
0
0
