2656
5185
7747
9983
12243
14285
16353
18242
20010
21796
23327
24813
26240
27638
28856
30060
31243
32309
33279
34170
35141
36051
36772
37582
38283
38931
39554
40137
40590
41105
41526
41953
42429
42696
43036
43216
43586
43850
44152
44425
44657
44862
45141
45217
45340
45591
45621
45824
45962
46065
46160
46108
46131
46063
46079
46119
45992
46037
45934
46002
46013
45997
45960
45892
45964
45891
45880
45851
45818
45641
45579
45569
45330
45241
45084
45034
44920
44716
44577
44419
44288
44115
44060
44018
43849
43762
43481
43263
43035
42699
42343
41945
41513
41119
40528
39764
39005
38261
37312
36277
35160
34001
33058
31973
30619
29177
27699
26293
24923
23654
22515
21318
20176
19122
18122
17217
16321
15450
14640
13884
13183
12495
11842
11216
10595
10020
9492
8988
8499
8044
7601
7202
6798
6407
6044
5740
5477
5178
4869
4608
4343
4145
3929
3737
3551
3376
3185
3014
2837
2668
2521
2393
2268
2153
2035
1923
1798
1704
1620
1522
1450
1384
1305
1238
1165
1105
1038
984
925
884
834
795
750
698
667
637
606
571
545
509
473
445
420
394
371
354
345
327
310
293
275
262
241
223
210
194
185
175
169
155
145
139
132
123
116
109
103
96
90
84
79
75
63
60
55
53
52
49
49
46
44
42
40
40
38
33
32
32
30
29
26
26
25
25
25
25
23
23
22
21
21
20
19
19
17
15
15
14
14
14
14
14
12
11
10
9
9
9
9
9
9
9
9
8
8
7
7
7
7
7
6
4
4
4
4
4
4
4
4
4
4
4
4
4
4
4
4
3
3
2
2
2
2
2
2
2
2
2
2
2
2
2
2
2
2
2
2
2
2
2
2
2
2
2
2
2
2
2
2
2
2
2
2
2
2
2
2
2
2
2
2
1
1
1
1
1
1
1
1
1
1
1
1
1
1
0
0
0
0
0
0
0
0
0
0
0
0
0
0
0
0
0
0
0
0
0
0
0
0
0
0
0
0
0
0
0
0
0
0
0
0
0
0
0
0
0
0
0
0
0
0
0
0
0
0
0
0
0
0
0
