106930
143855
143208
129515
114835
102796
93486
85942
80023
75076
71046
67642
64233
62272
59718
57662
56306
54851
53577
52257
50720
49722
48945
48099
47488
46975
46328
45974
45107
44744
44361
43900
43176
43267
42755
42664
42692
42480
42251
41890
41626
41386
41392
41151
40805
41093
40971
40708
40631
40638
40224
40617
40523
40742
40116
40458
40949
40516
40904
40521
40538
40528
40466
40845
40394
40917
40772
40778
41010
40712
40518
40744
41009
41219
41334
41354
41272
41484
41602
41865
41795
42136
42033
42378
42414
42535
42878
42609
42972
43282
43117
43635
44379
44345
44875
45905
46288
47245
48084
49186
50346
51372
52607
54279
55959
57833
59896
62362
64623
67470
70323
72572
75148
78180
80967
83763
86403
89759
92472
95551
98456
101598
105099
108359
111451
114963
118380
121889
125168
128748
132298
135919
138809
142031
145428
148915
151809
154772
158141
161497
165045
167504
170116
173167
175642
178315
180935
183690
186158
189200
191484
194012
196682
198448
200854
203084
205150
207057
208893
210728
212663
214441
215965
217440
219065
220439
221546
223080
224758
225738
226757
228147
228827
229969
231027
231931
232699
233559
234508
235128
235834
236826
237656
238353
238973
239534
240058
240486
240936
241355
241749
242241
242737
243299
243750
244060
244440
244711
244953
245309
245487
245794
246045
246285
246447
246610
246810
246969
247173
247354
247549
247707
247907
248058
248182
248316
248401
248484
248536
248599
248690
248723
248779
248840
248918
248959
248973
249040
249061
249093
249130
249224
249255
249271
249251
249272
249292
249336
249387
249422
249440
249432
249430
249451
249471
249467
249541
249562
249560
249573
249601
249625
249616
249651
249678
249703
249719
249737
249755
249737
249746
249750
249760
249761
249773
249765
249786
249775
249773
249779
249806
249812
249855
249869
249885
249900
249894
249896
249897
249891
249883
249901
249904
249897
249894
249890
249894
249886
249895
249923
249941
249953
249932
249939
249947
249935
249947
249949
249948
249944
249943
249947
249958
249938
249942
249936
249932
249940
249952
249951
249945
249946
249943
249945
249932
249933
249941
249944
249934
249945
249951
249953
249956
249954
249946
249946
249945
249941
249945
249943
249940
249940
249952
249957
249968
249974
249975
249973
249966
249968
249967
249970
249971
249975
249973
249975
249987
249993
249997
249998
249998
249999
250000
250000
250000
250000
250000
250000
250000
250000
250000
250000
250000
250000
250000
250000
250000
250000
250000
250000
250000
250000
250000
250000
250000
250000
250000
250000
250000
250000
250000
250000
250000
250000
250000
250000
250000
250000
250000
250000
250000
250000
250000
250000
250000
250000
250000
250000
250000
250000
