6705
38059
88720
145335
200939
251746
297124
337574
372689
403043
430651
453342
474151
491393
507085
520840
532796
543417
552278
560403
567656
573360
578983
584218
588833
592958
596864
599988
602895
605218
608386
610445
612700
614627
615904
617716
619379
619136
619568
620350
621349
623225
624414
625241
625468
626066
625999
625769
626187
625651
626120
626478
627521
627614
628372
627404
627420
627728
627485
627074
627996
627730
628075
628004
627776
628409
627465
626909
627167
626850
626956
627223
626383
627512
627503
627322
627016
626429
625889
625896
624670
624834
625770
624859
624605
623163
623297
622967
623316
623799
622035
620497
619380
618870
616805
616164
614094
612451
610079
607664
604973
601307
597321
592900
587821
582313
576090
569997
563538
556962
550186
543373
535426
527612
519579
512265
504454
496030
487449
478578
469780
460649
451417
442580
432929
422874
413072
403538
393570
384469
374305
364493
354217
344833
335107
325578
316085
306759
297092
287860
278465
268906
260127
251765
243394
234334
226181
218672
210842
203541
196299
189034
181862
174927
168629
161845
155516
149017
142757
136970
131524
126036
120870
115619
111150
106643
102200
97830
93426
89307
85322
81381
77860
74275
70649
67235
64180
61079
58581
55612
53235
50842
48304
46175
43809
41491
39534
37480
35607
33745
32014
30260
28737
27330
26021
24872
23443
22171
21129
19970
18960
17894
17053
16193
15262
14438
13773
13047
12512
12072
11502
10910
10409
9762
9235
8727
8289
7859
7382
6855
6448
6061
5646
5296
5075
4835
4618
4420
4277
4105
3936
3700
3532
3330
3088
2882
2694
2544
2414
2213
2087
2011
1872
1733
1626
1550
1466
1404
1347
1299
1249
1162
1074
994
949
911
862
848
793
738
688
636
566
541
527
471
444
445
404
376
358
353
332
307
275
235
214
196
176
148
120
91
78
65
55
44
37
27
21
17
15
13
10
6
6
5
4
4
3
2
2
2
1
0
0
0
0
0
0
0
0
0
0
0
0
0
0
0
0
0
0
0
0
0
0
0
0
0
0
0
0
0
0
0
0
0
0
0
0
0
0
0
0
0
0
0
0
0
0
0
0
0
0
0
0
0
0
0
0
0
0
0
0
0
0
0
0
0
0
0
0
0
0
0
0
0
0
0
0
0
0
0
0
0
0
0
0
0
0
0
0
0
0
0
0
0
0
0
0
0
