6585
37412
88245
146463
202083
253858
298481
338149
372927
403803
431278
454565
475398
493256
508252
522060
532848
543022
551685
559562
566118
572592
577950
583217
588488
592153
595805
598752
601267
604605
607383
609118
610832
612278
613954
615723
617477
617910
618721
619203
619933
620868
621758
622342
622792
623247
624848
624583
624532
624741
625715
625415
625324
625572
626300
627570
627596
627692
627723
627604
627484
627323
627768
628312
628810
628935
629000
628884
628405
628667
628485
628302
627440
626603
626308
626070
626041
625334
625607
625489
625849
625747
625097
625521
625030
624373
624544
623924
624450
624482
624154
623590
621950
621577
621113
620466
618627
616429
614494
612360
609923
606833
603320
599070
595785
592227
588182
583343
578144
572345
566295
559947
552889
545650
538120
530380
521456
512914
504915
496673
487533
478080
469368
460809
451223
441459
432071
422687
413257
403559
393577
383556
373730
363785
354450
345357
335898
325932
316411
307304
298091
289041
279726
270419
260800
252386
243840
235589
227315
219129
211275
203205
195901
188841
181854
174642
167493
160640
154400
147944
141624
136253
130591
124892
119548
114689
109222
104447
99725
95369
90899
86622
82984
79257
75668
72338
68922
65815
63027
60201
57371
54853
52458
49984
47691
45506
43346
41207
39170
37104
35199
33552
31892
30182
28765
27172
25762
24294
22950
21639
20567
19484
18625
17662
16898
15991
15270
14427
13645
13009
12370
11608
10945
10291
9744
9195
8765
8401
8032
7605
7236
6881
6583
6312
5996
5680
5321
5113
4937
4646
4474
4324
4160
4020
3891
3713
3530
3302
3148
2982
2843
2664
2528
2424
2341
2305
2224
2129
2066
2028
1966
1879
1750
1646
1628
1564
1550
1498
1372
1337
1301
1209
1148
1111
1090
1076
1028
995
983
942
915
897
880
843
793
797
771
778
759
756
733
728
712
684
669
654
627
598
615
577
574
531
510
498
485
470
436
401
386
377
354
316
294
259
235
210
191
169
156
135
125
123
123
128
123
119
116
119
121
111
99
93
82
80
69
54
46
42
33
26
19
16
11
8
8
7
7
6
6
6
4
3
3
3
3
3
3
3
3
3
2
1
1
1
0
0
0
0
0
0
0
0
0
0
0
0
0
0
0
0
0
0
0
0
0
0
0
0
0
0
0
0
0
0
0
0
0
0
0
0
0
0
0
0
0
0
0
0
0
0
