6755
37421
87781
145585
202141
253226
298291
338209
372728
403407
429591
453538
474949
492542
507975
522358
534492
544822
553305
561265
569036
575004
580169
585279
589647
593698
596826
600234
603051
605570
607235
609350
611238
613314
614285
615347
616292
617615
618461
619708
620895
621311
621453
622864
623548
624432
624848
625339
625420
626197
626971
627923
627500
627868
627841
627772
628482
628556
628669
629043
628640
628585
627880
627722
627401
627944
626957
626260
626688
626497
625681
626041
626859
627770
628040
627352
627140
627463
626724
626304
625849
626278
625970
625971
625774
625451
625984
626462
625795
624896
624519
624140
623369
622334
620960
619532
617630
615263
613341
612389
609812
606599
602154
598087
593084
588813
583856
578739
573311
567852
562534
557240
550459
543467
536772
528683
520511
512764
505112
496688
488269
479069
470406
460839
451698
443368
433558
423676
413970
404010
393945
384538
374689
364940
355579
345767
336116
326142
316466
307189
297983
288368
279249
271073
262914
254537
246439
238396
229737
221535
214413
206717
199208
191785
184435
177362
170619
164167
158010
151750
145599
139743
133809
127802
122432
116883
111710
106975
101723
97150
92766
88562
84651
80563
76689
73185
69642
66085
63050
60083
57315
54718
52376
50009
47851
45868
44013
41986
40139
38577
37052
35392
33880
32412
30931
29570
27985
26517
25356
24163
22903
21754
20881
19671
18488
17515
16610
15741
14877
14127
13282
12490
11674
11179
10446
9874
9252
8688
8072
7568
7152
6786
6369
6018
5663
5317
5004
4658
4309
4090
3856
3622
3394
3163
2993
2802
2665
2564
2451
2265
2089
1961
1835
1725
1647
1546
1470
1413
1329
1240
1191
1135
1083
1031
970
948
894
839
794
745
745
682
671
633
606
591
566
538
518
510
465
442
427
383
346
311
284
257
247
224
219
203
190
187
188
195
190
195
176
169
171
173
163
149
134
115
104
92
72
61
50
41
39
30
26
21
17
16
14
11
10
9
8
7
6
5
3
3
0
0
0
0
0
0
0
0
0
0
0
0
0
0
0
0
0
0
0
0
0
0
0
0
0
0
0
0
0
0
0
0
0
0
0
0
0
0
0
0
0
0
0
0
0
0
0
0
0
0
0
0
0
0
0
0
0
0
0
0
0
0
0
0
0
0
0
0
0
0
0
0
0
0
0
0
0
0
0
0
0
0
