0
0
0
0
0
0
0
1
1
1
1
1
2
3
3
2
2
2
3
3
5
5
5
6
7
6
8
8
8
10
11
13
15
16
17
20
21
23
24
25
28
29
33
33
34
33
34
38
39
39
37
39
41
41
41
41
41
41
42
43
44
49
52
54
53
51
55
57
58
58
60
60
64
65
68
70
70
67
71
72
71
68
67
67
71
71
74
75
79
83
80
83
81
83
86
87
91
91
93
91
91
91
94
96
94
92
91
98
94
94
95
91
86
86
83
88
88
86
84
81
82
83
79
79
79
77
78
75
73
71
70
69
68
68
66
65
67
64
63
60
59
60
58
56
54
51
48
46
47
45
43
42
41
41
40
40
39
37
35
34
33
33
32
32
32
31
30
28
29
26
25
25
24
24
24
25
25
25
24
24
23
23
21
19
17
17
17
16
16
16
16
15
15
15
13
12
12
12
12
11
11
10
9
9
9
9
10
10
10
10
10
10
10
10
10
10
10
10
10
10
11
11
11
10
10
10
9
9
8
8
8
7
7
7
7
7
7
7
7
7
7
7
6
6
6
6
4
4
4
4
4
4
4
4
4
4
4
4
3
3
3
3
3
3
3
2
1
0
0
0
0
0
0
0
0
0
0
0
0
0
0
0
0
0
0
0
0
0
0
0
0
0
0
0
0
0
0
0
0
0
0
0
0
0
0
0
0
0
0
0
0
0
0
0
0
0
0
0
0
0
0
0
0
0
0
0
0
0
0
0
0
0
0
0
0
0
0
0
0
0
0
0
0
0
0
0
0
0
0
0
0
0
0
0
0
0
0
0
0
0
0
0
0
0
0
0
0
0
0
0
0
0
0
0
0
0
0
0
0
0
0
0
0
0
0
0
0
0
0
0
0
0
0
0
0
0
0
0
0
0
