0
0
0
0
0
0
0
0
1
1
1
2
3
3
3
4
5
5
6
6
8
9
8
9
11
11
12
12
10
11
14
15
15
15
17
21
25
24
24
25
26
28
33
35
36
33
32
33
34
35
39
43
46
44
47
45
45
49
50
51
55
56
56
59
60
61
64
65
68
71
72
73
72
69
71
72
74
76
74
73
75
72
72
73
74
79
84
84
86
83
81
81
78
78
81
82
83
81
83
82
86
84
81
80
85
88
87
87
86
87
84
83
80
78
80
78
77
77
80
80
77
76
77
76
75
73
74
76
74
75
73
72
70
70
69
67
64
64
64
64
62
62
56
54
53
53
52
51
50
48
48
46
45
42
40
39
39
39
38
36
36
36
35
34
34
34
33
31
31
33
33
32
32
31
30
29
28
27
27
26
26
25
23
23
23
20
18
18
18
17
17
17
17
17
17
17
15
14
12
12
11
11
10
10
11
11
11
11
11
11
10
8
8
7
7
7
7
7
6
4
4
4
4
4
4
3
3
3
2
2
2
2
2
2
2
2
2
2
2
2
2
2
2
2
1
1
1
1
1
1
1
1
1
1
1
1
2
2
2
2
2
2
2
2
2
2
2
2
2
2
2
1
1
1
1
1
1
1
1
1
1
1
1
1
1
1
1
1
1
1
1
1
1
1
1
1
1
1
1
1
1
1
1
1
1
1
1
1
1
1
1
1
1
1
1
1
1
1
1
1
1
1
1
1
1
1
1
1
1
1
1
1
1
1
1
1
1
1
1
1
1
1
1
1
0
0
0
0
0
0
0
0
0
0
0
0
0
0
0
0
0
0
0
0
0
0
0
0
0
0
0
0
0
0
0
0
0
0
0
0
0
0
0
0
0
0
0
0
0
0
0
0
0
0
0
0
0
0
0
0
