11
22
32
40
47
51
66
77
87
95
103
110
122
133
145
160
167
178
190
199
209
218
227
239
250
255
263
270
281
299
308
324
334
337
345
352
360
374
388
394
399
408
417
422
427
443
452
457
463
474
484
494
501
511
520
527
536
546
554
558
562
570
575
582
587
587
592
598
613
621
625
632
639
646
652
654
664
680
689
699
715
718
729
738
745
751
762
770
778
788
798
804
809
813
825
837
844
853
858
865
872
888
895
905
914
921
932
939
952
961
968
973
976
982
994
1005
1014
1015
1025
1029
1040
1051
1061
1064
1075
1081
1097
1111
1113
1123
1135
1143
1150
1155
1163
1172
1184
1192
1199
1208
1218
1227
1237
1253
1264
1285
1295
1306
1317
1327
1336
1346
1359
1367
1376
1392
1400
1415
1427
1439
1448
1461
1474
1486
1495
1509
1515
1528
1538
1547
1554
1562
1580
1596
1607
1627
1633
1645
1654
1668
1679
1690
1697
1708
1716
1729
1733
1739
1746
1753
1759
1765
1774
1783
1790
1797
1803
1816
1827
1834
1844
1859
1866
1877
1892
1904
1917
1924
1927
1942
1951
1962
1972
1984
1994
2003
2019
2029
2040
2048
2056
2068
2082
2090
2103
2114
2121
2127
2138
2143
2151
2159
2166
2182
2193
2208
2220
2228
2238
2247
2256
2263
2279
2290
2299
2319
2325
2334
2343
2352
2361
2373
2386
2403
2411
2419
2427
2439
2447
2456
2466
2473
2482
2498
2507
2516
2530
2539
2553
2563
2571
2583
2592
2605
2616
2628
2638
2647
2660
2677
2686
2698
2704
2714
2722
2732
2749
2758
2776
2790
2799
2809
2820
2831
2843
2850
2854
2866
2876
2887
2901
2908
2917
2922
2936
2942
2953
2971
2982
2990
3004
3018
3026
3037
3051
3061
3073
3083
3089
3098
3117
3129
3144
3153
3166
3177
3190
3196
3205
3212
3219
3230
3239
3250
3259
3273
3283
3291
3298
3307
3318
3326
3335
3341
3349
3366
3377
3382
3390
3400
3409
3420
3434
3445
3460
3468
3479
3496
3511
3517
3529
3538
3544
3558
3571
3579
3588
3608
3616
3627
3634
3645
3652
3658
3670
3678
3688
3697
3707
3716
3726
3740
3749
3765
3777
3788
3801
3812
3824
3835
3847
3860
3866
3877
3885
3895
3907
3915
3929
3931
