639
761
924
1107
1374
1629
1958
2384
2853
3399
4055
4840
5743
6894
8081
9491
11024
12748
14758
17065
19471
21930
24758
27818
30893
34282
37696
41338
45115
48952
52813
56919
60604
64417
68102
71415
74936
77974
80361
82526
84469
85919
86888
87662
87818
87277
86728
85748
84138
81730
79269
76512
73349
69883
66292
62636
58653
54645
50627
46841
43128
39687
36223
32697
29424
26563
23756
21305
18838
16665
14633
12807
11251
9857
8470
7247
6196
5273
4426
3773
3130
2586
2131
1807
1411
1122
895
731
609
460
378
289
254
203
145
117
89
65
48
36
19
12
10
13
13
10
9
4
5
3
4
5
1
0
0
0
0
0
0
0
0
0
0
0
0
0
0
0
0
0
0
0
0
0
0
0
0
0
0
0
0
0
0
0
0
0
0
0
0
0
0
0
0
0
0
0
0
0
0
0
0
0
0
0
0
0
0
0
0
0
0
0
0
0
0
0
0
0
0
0
0
0
0
0
0
0
0
0
0
0
0
0
0
0
0
0
0
0
0
0
0
0
0
0
0
0
0
0
0
0
0
0
0
0
0
0
0
0
0
0
0
0
0
0
0
0
0
0
0
0
0
0
0
0
0
0
0
0
0
0
0
0
0
0
0
0
0
0
0
0
0
0
0
0
0
0
0
0
0
0
0
0
0
0
0
0
0
0
0
0
0
0
0
0
0
0
0
0
0
0
0
0
0
0
0
0
0
0
0
0
0
0
0
0
0
0
0
0
0
0
0
0
0
0
0
0
0
0
0
0
0
0
0
0
0
0
0
0
0
0
0
0
0
0
0
0
0
0
0
0
0
0
0
0
0
0
0
0
0
0
0
0
0
0
0
0
0
0
0
0
0
0
0
0
0
0
0
0
0
0
0
0
0
0
0
0
0
0
0
0
0
0
0
0
0
0
0
0
0
0
0
0
0
0
0
0
0
0
0
0
0
0
0
0
0
0
0
0
0
0
