1000000
958511
918442
879861
842931
807508
773272
740804
709794
680048
651460
623895
597337
572152
547887
524888
502719
481692
461259
441890
423264
405630
388925
372915
357749
343025
329083
315631
302890
290766
279042
268211
257847
248052
238458
229408
220839
212894
205251
197795
190880
184485
178189
172268
166885
161889
157191
152746
148556
144866
141335
138001
134772
131669
128700
125825
123039
120377
117871
115671
113591
111708
109899
108116
106489
104898
103409
102161
101047
99851
98713
97570
96549
95713
95065
94440
93775
92997
92243
91561
90970
90364
89628
88946
88284
87651
87205
86671
86203
85741
85264
84768
84302
83894
83442
82971
82489
82158
81770
81427
81083
80653
80205
79844
79568
79323
79144
78934
78772
78611
78369
78216
78088
77966
77823
77717
77618
77566
77379
77152
76895
76453
75971
75467
74915
74218
73443
72737
72077
71399
70725
69997
69292
68653
68086
67511
66926
66456
66094
65784
65476
65229
65008
64737
64503
64273
64032
63658
63307
62985
62675
62321
61971
61644
61285
60973
60758
60523
60361
60130
59870
59638
59368
59133
58899
58626
58443
58377
58199
58103
58011
57881
57876
57861
57871
58011
58179
58376
58519
58683
58806
59010
59249
59465
59690
59927
60174
60383
60621
60861
61125
61342
61574
61828
62079
62337
62554
62799
63045
63269
63520
63773
64010
64256
64486
64730
64962
65172
65410
65654
65902
66124
66344
66579
66802
67058
67282
67525
67767
68004
68233
68464
68723
68948
69168
69385
69608
69835
70095
70328
70549
70794
71037
71259
71487
71736
71966
72200
72464
72663
72908
73151
73380
73614
73853
74069
74306
74561
74788
75027
75276
75503
75749
75968
76180
76402
76629
76847
77079
77317
77569
77789
78033
78264
78487
78713
78918
79158
79378
79607
79850
80066
80301
80512
80738
80966
81213
81452
81658
81917
82139
82358
82610
82854
83074
83301
83553
83813
84037
84261
84465
84670
84916
85160
85418
85623
85824
86049
86291
86513
86757
86981
87220
87457
87685
87922
88126
88387
88614
88845
89072
89281
89499
89747
89958
90185
90430
90666
90889
91118
91348
91588
91833
92061
92302
92507
92749
92975
93193
93408
93598
93806
94036
94259
94494
94725
94935
95166
95395
95637
95875
96096
96340
96591
96823
97065
97288
97505
97726
97931
98159
98395
98621
98876
99092
99297
99509
99751
99977
100208
100445
100677
100931
101145
101383
101620
101833
102070
102290
102515
102772
102977
103210
103457
103661
103870
104111
104360
104574
104823
105054
105292
105516
105759
105997
106248
106496
106722
106953
107167
107405
107605
107850
108117
108345
108556
108783
109055
109284
109508
109723
109969
110201
110422
110645
110903
111115
111341
111585
111789
111982
112203
112442
112660
112898
113124
113365
113572
113796
114024
114265
114487
114705
114924
115146
115370
115633
115868
116097
116315
116530
116792
117014
117234
117443
117685
117906
118141
118358
118583
118833
119051
119268
119506
119722
119928
120162
120388
120605
120799
121016
121211
121434
121662
121902
122147
122385
122628
122899
123107
123317
123525
123726
123934
124166
124402
124612
124835
125064
125316
125561
125785
126008
126220
126448
126669
126903
127116
127350
127557
127795
128013
128208
128415
128616
128812
129027
129251
129477
129693
129917
130123
130323
130535
130764
130967
131200
131397
131611
131857
132075
132285
132498
132695
132932
133158
133377
133576
133807
134028
134232
134476
134704
134947
135158
135379
135612
135828
136041
136244
136444
136656
136873
137063
137281
137500
137701
137930
138144
138377
138604
138812
139015
139232
139472
139705
139915
140147
140360
140560
140758
140998
141210
141429
141661
141858
142062
142270
142481
142727
142957
143153
143362
143598
143805
144006
144212
144424
144628
144821
145030
145240
145459
145679
145908
146140
146342
146586
146771
146997
147197
147404
147597
147793
147996
148181
148380
148586
148811
149025
149255
149476
149689
149906
150100
150320
150535
150736
150935
151162
151354
151562
151766
151984
152184
152420
152623
152835
153023
153234
153444
