1000000
959038
919029
880692
843771
807750
774049
741461
710291
680282
651494
623986
597946
572891
548806
525718
503770
482762
462552
443320
425004
407346
390776
374483
359227
344612
330614
317185
304331
292288
280692
269773
259377
249457
240079
231119
222638
214422
206600
199301
192327
185785
179673
173789
168422
163011
158110
153413
149085
144914
140889
137050
133399
130120
127185
124494
121872
119238
116717
114358
112137
110067
108258
106388
104505
102707
100894
99215
97731
96093
94550
93018
91341
89969
88612
87321
86227
85197
84254
83229
82234
81258
80286
79292
78144
77095
76035
75058
73962
72858
71632
70476
69332
68242
67125
66090
64967
64017
63002
62067
61243
60441
59564
58697
57813
56902
56049
55271
54442
53736
53114
52547
52101
51616
51240
50928
50532
50078
49568
49147
48697
48240
47823
47348
46877
46476
46157
45886
45664
45387
45085
44814
44606
44452
44261
44104
43945
43744
43508
43225
42862
42611
42360
42180
42011
41769
41677
41555
41446
41362
41387
41442
41488
41538
41545
41588
41659
41735
41807
41822
41789
41704
41629
41581
41528
41529
41513
41500
41575
41593
41680
41769
41744
41828
41881
41954
42017
42110
42185
42239
42305
42409
42455
42531
42657
42748
42878
43016
43137
43225
43283
43334
43376
43406
43443
43523
43483
43430
43388
43364
43385
43401
43501
43547
43597
43682
43735
43772
43830
43949
44195
44362
44562
44779
44973
45178
45372
45545
45665
45772
45823
45873
45954
46063
46164
46265
46400
46525
46661
46818
46904
47009
47077
47171
47309
47422
47541
47637
47738
47847
47935
48027
48052
48032
48004
47949
47923
47859
47843
47753
47637
47532
47441
47278
47061
46852
46711
46662
46518
46378
46225
46137
46118
46098
46181
46366
46618
46852
47088
47328
47585
47810
48058
48262
48492
48720
48959
49194
49444
49672
49910
50164
50411
50647
50870
51085
51321
51527
51743
51986
52240
52483
52714
52930
53146
53399
53634
53862
54072
54311
54552
54789
55015
55243
55513
55710
55934
56170
56410
56620
56844
57082
57328
57545
57784
58026
58240
58504
58757
58998
59229
59468
59705
59973
60209
60466
60697
60924
61130
61364
61585
61811
62064
62310
62530
62780
62987
63212
63435
63663
63917
64136
64366
64620
64868
65099
65346
65578
65815
66065
66304
66529
66768
66995
67248
67477
67712
67944
68176
68404
68638
68857
69114
69333
69550
69762
70012
70239
70459
70708
70931
71160
71370
71635
71863
72075
72332
72571
72813
73031
73270
73483
73723
73946
74165
74397
74645
74893
75165
75398
75622
75867
76115
76368
76598
76819
77059
77296
77508
77748
77997
78235
78458
78698
78929
79173
79424
79632
79844
80070
80305
80542
80786
81016
81236
81501
81747
81952
82174
82410
82627
82887
83089
83339
83575
83800
84040
84250
84460
84696
84923
85153
85376
85599
85832
86067
86307
86541
86740
86973
87201
87442
87673
87907
88140
88362
88614
88854
89068
89309
89553
89781
90010
90217
90431
90659
90886
91103
91304
91512
91734
91974
92200
92432
92664
92896
93102
93331
93561
93784
94008
94226
94468
94696
94928
95139
95350
95584
95787
96011
96230
96439
96636
96891
97134
97373
97618
97845
98048
98271
98512
98725
98929
99155
99373
99628
99852
100087
100309
100527
100754
101003
101212
101445
101682
101873
102098
102314
102543
102786
103016
103220
103439
103664
103890
104093
104284
104476
104687
104953
105193
105426
105664
105848
106073
106291
106529
106779
107015
107241
107457
107671
107907
108105
108315
108530
108745
108994
109221
109439
109655
109885
110102
110329
110539
110779
111022
111224
111443
111667
111900
112122
112333
112548
112757
112967
113196
113412
113654
113881
114088
114306
114497
114698
114903
115124
115330
115565
115788
116019
116243
116474
116708
116919
117126
117350
117569
117810
118006
118219
118458
118674
118914
119149
119368
119583
119819
120008
120236
120470
120693
120894
121142
121358
121581
121791
122002
122231
122428
122655
122888
