1000000
958634
918988
880622
843887
808413
774294
741561
710364
680516
651929
624673
598566
573542
549458
526504
504456
483378
463384
443948
425489
407853
390933
374754
359385
344613
330632
317302
304513
292458
280958
269895
259336
249493
240268
231400
222823
214720
207267
200076
193247
187116
181293
175694
170192
165011
160221
155784
151583
147583
143751
140077
136779
133594
130659
127910
125371
123026
120799
118708
116630
114856
113386
112197
110976
109836
108535
107465
106510
105565
104643
103696
102879
102152
101703
101340
100956
100501
100013
99572
99164
98885
98740
98573
98457
98290
98041
97856
97826
97861
97964
98169
98396
98629
98838
99067
99286
99512
99712
99925
100124
100319
100573
100810
101031
101248
101485
101706
101917
102136
102355
102577
102805
103021
103248
103475
103713
103906
104109
104326
104563
104777
105003
105225
105434
105659
105883
106101
106319
106564
106769
106997
107235
107447
107670
107913
108104
108336
108576
108772
109006
109242
109451
109695
109915
110147
110347
110593
110849
111078
111288
111487
111701
111933
112137
112383
112611
112820
113029
113251
113470
113724
113952
114179
114415
114624
114856
115051
115277
115500
115723
115966
116164
116397
116625
116854
117071
117274
117510
117732
117927
118131
118362
118582
118796
119044
119256
119461
119699
119910
120113
120335
120555
120783
121006
121230
121471
121706
121909
122116
122329
122563
122793
123006
123225
123451
123678
123913
124106
124326
124552
124750
124983
125199
125430
125632
125850
126073
126309
126534
126751
126974
127198
127441
127673
127916
128157
128374
128604
128819
129073
129283
129509
129739
129968
130176
130379
130606
130812
131034
131245
131464
131675
131898
132115
132321
132523
132750
132944
133153
133384
133593
133793
133998
134195
134400
134617
134825
135024
135251
135460
135675
135895
136090
136296
136529
136737
136972
137163
137371
137568
137773
138005
138215
138409
138583
138765
138970
139195
139434
139641
139841
140040
140244
140473
140670
140896
141126
141355
141557
141768
141948
142143
142341
142574
142761
143005
143199
143402
143636
143856
144067
144304
144535
144725
144956
145166
145361
145584
145785
145996
146193
146368
146554
146748
146959
147178
147390
147623
147854
148070
148294
148503
148709
148912
149104
149331
149553
149767
150003
150197
150416
150637
150886
151111
151327
151552
151747
151949
152166
152366
152583
152808
153027
153253
153467
153671
153885
154099
154305
154525
154752
154975
155176
155385
155616
155823
156046
156264
156470
156683
156876
157082
157291
157476
157687
157878
158090
158302
158504
158757
158972
159177
159396
159583
159776
159997
160223
160448
160671
160886
161085
161274
161497
161693
161914
162124
162319
162519
162727
162935
163125
163342
163556
163779
163985
164198
164398
164590
164804
165021
165240
165461
165676
165902
166115
166311
166553
166764
166970
167155
167361
167562
167805
167991
168194
168399
168612
168802
169009
169217
169426
169653
169863
170073
170275
170494
170704
170917
171136
171349
171547
171752
171979
172186
172392
172604
172812
173010
173193
173374
173589
173781
173996
174196
174417
174647
174822
175042
175243
175440
175650
175854
176053
176271
176490
176721
176912
177131
177364
177571
177762
177982
178183
178385
178602
178800
179006
179195
179397
179616
179805
180024
180225
180444
180631
180827
181062
181269
181500
181710
181894
182103
182313
182525
182738
182934
183134
183339
183559
183767
183970
184176
184376
184578
184787
184984
185176
185425
185645
185843
186038
186253
186444
186664
186882
187073
187275
187481
187708
187901
188109
188341
188544
188755
188924
189139
189353
189529
189716
189896
190122
190285
190492
190694
190889
191095
191309
191522
191705
191916
192118
192289
192514
192736
192961
193163
193351
193555
193756
193935
194136
194331
194557
194746
194958
195157
195372
195554
195732
195927
196107
196308
196516
196727
196920
197091
197296
197494
197701
197874
198081
198277
198471
198680
198880
199075
199270
199474
199677
199872
200075
200279
200494
200705
200927
201140
201327
201531
201728
201941
202159
202349
202540
202739
202931
203129
203326
203524
203750
203937
204123
204327
204514
204684
204877
205054
205225
205404
205611
205792
