1000000
958900
918863
880106
843294
808187
774329
741482
710343
680179
651510
623940
597465
572465
548409
525242
503108
482089
462236
442964
424533
406963
390019
373768
358375
343598
329640
316346
303516
291440
279896
268775
258495
248478
239080
230110
221645
213618
205806
198438
191422
184717
178299
172504
167030
161884
157233
152821
148413
144487
140933
137709
134669
131958
129353
126981
124621
122567
120508
118579
117123
115726
114460
113086
111694
110126
108652
107233
105904
104577
103219
101898
100590
99319
98133
96967
95850
94770
93860
93134
92498
91886
91245
90619
90153
89479
88813
88205
87669
87129
86670
86251
85991
85765
85556
85459
85461
85485
85523
85571
85681
85921
86134
86342
86568
86777
87011
87241
87463
87700
87965
88240
88460
88687
88904
89123
89334
89537
89731
89947
90196
90437
90669
90906
91154
91387
91626
91863
92065
92264
92512
92730
92967
93193
93438
93657
93881
94105
94341
94594
94846
95063
95294
95528
95751
96005
96235
96457
96704
96955
97177
97394
97628
97846
98083
98308
98504
98708
98908
99145
99369
99596
99829
100082
100296
100514
100718
100933
101118
101339
101568
101777
101997
102226
102451
102671
102903
103102
103313
103547
103754
103997
104212
104429
104642
104849
105055
105318
105577
105803
106007
106217
106448
106682
106927
107160
107366
107579
107813
108029
108267
108478
108687
108901
109116
109334
109552
109775
110025
110254
110488
110726
110957
111182
111411
111630
111846
112054
112286
112495
112737
112947
113158
113370
113599
113822
114068
114279
114517
114714
114909
115129
115337
115560
115763
115965
116181
116408
116638
116862
117064
117286
117523
117715
117896
118106
118323
118551
118755
118953
119186
119396
119626
119841
120043
120266
120500
120732
120941
121150
121343
121573
121779
121988
122185
122411
122626
122831
123042
123248
123465
123682
123907
124146
124378
124583
124796
124990
125218
125409
125608
125841
126071
126270
126502
126707
126933
127166
127361
127574
127803
128029
128249
128476
128680
128926
129154
129375
129566
129810
130026
130264
130492
130737
130961
131175
131368
131575
131782
132012
132209
132416
132635
132853
133054
133261
133483
133700
133918
134143
134362
134575
134784
134995
135198
135428
135597
135812
136050
136255
136474
136719
136925
137156
137385
137612
137811
138033
138237
138481
138713
138931
139152
139345
139555
139772
139985
140204
140426
140654
140850
141038
141253
141470
141681
141870
142085
142270
142490
142695
142922
143146
143355
143573
143787
144022
144238
144452
144674
144888
145103
145330
145529
145724
145951
146170
146386
146584
146793
147002
147230
147442
147666
147880
148075
148293
148485
148675
148873
149088
149283
149525
149746
149919
150136
150347
150563
150791
150993
151196
151415
151610
151811
152040
152255
152443
152638
152859
153053
153270
153503
153738
153948
154154
154370
154584
154790
155000
155223
155429
155630
155845
156041
156259
156442
156671
156889
157124
157341
157578
157788
158016
158215
158432
158671
158872
159105
159311
159516
159724
159914
160112
160337
160567
160775
161007
161213
161410
161630
161846
162050
162268
162506
162699
162920
163129
163325
163541
163754
163973
164172
164406
164618
164827
165049
165253
165477
165679
165893
166078
166276
166469
166673
166904
167121
167340
167556
167765
167967
168214
168412
168616
168817
169011
169220
169433
169633
169833
170012
170216
170421
170625
170846
171059
171276
171470
171657
171840
172071
172284
172500
172709
172898
173105
173302
173514
173707
173908
174097
174296
174511
174723
174906
175114
175312
175532
175765
175992
176190
176416
176608
176811
177012
177234
177432
177637
177848
178070
178283
178499
178718
178911
179121
179329
179568
179770
179960
180172
180379
180566
180766
180972
181156
181352
181552
181743
181947
182158
182368
182576
182767
182987
183224
183449
183659
183872
184060
184267
184472
184686
184903
185088
185308
185516
185702
185913
186084
186278
186469
186677
186885
187098
187288
187503
187690
187879
188087
188296
188487
188685
188895
189087
189285
189461
189691
189925
190122
190331
190542
190758
190940
191138
191341
191538
191757
191977
192168
192383
192597
192799
192966
