1000000
958423
918226
879868
843179
807783
773653
740885
709577
679915
650963
623508
597012
571945
547619
524624
502540
481581
461496
441998
423641
406113
389355
373416
357743
343264
329232
316077
303404
291350
279657
268595
258008
247949
238476
229440
220983
212826
205129
197786
190861
184118
177718
171662
165781
160223
155074
150035
145238
140781
136447
132248
128198
124498
121096
117881
114752
111891
109189
106697
104436
102167
99935
97707
95564
93726
91976
90355
88815
87385
86051
84625
83238
81872
80502
79127
77779
76351
74913
73461
72032
70773
69613
68505
67456
66470
65672
64932
64145
63342
62695
62012
61270
60597
59988
59307
58661
58024
57359
56699
55941
55253
54576
53859
53171
52490
51774
51015
50287
49600
48897
48200
47666
47078
46368
45682
45044
44519
44003
43523
43077
42585
42060
41547
41159
40736
40309
39893
39453
38923
38474
37935
37453
36999
36610
36266
35911
35486
35136
34838
34590
34385
34081
33811
33589
33315
33085
32779
32533
32334
32133
31978
31828
31606
31395
31248
31137
30938
30806
30620
30495
30289
30119
29950
29758
29556
29350
29124
28903
28694
28483
28255
27995
27691
27438
27156
26875
26571
26283
26010
25796
25580
25340
25071
24767
24520
24265
24094
23840
23616
23419
23250
23026
22873
22654
22486
22270
22066
21874
21735
21526
21373
21211
21088
20929
20793
20650
20489
20323
20172
20016
19852
19685
19504
19376
19303
19240
19117
19052
18941
18896
18762
18616
18529
18452
18379
18287
18193
18107
17993
17934
17903
17848
17790
17683
17596
17537
17438
17345
17303
17228
17150
17115
17045
16993
17023
16997
16969
16905
16899
16866
16796
16759
16738
16671
16658
16598
16543
16514
16428
16375
16323
16278
16253
16223
16133
16073
16015
15912
15837
15732
15627
15527
15434
15389
15332
15266
15221
15162
15126
15084
15038
15003
15030
15048
15057
15066
15048
14999
14975
14912
14877
14852
14803
14792
14765
14739
14736
14743
14804
14877
14856
14869
14885
14909
14915
14930
14950
14955
14930
14901
14922
14915
14940
14956
14971
14971
15013
15081
15053
15087
15112
15161
15202
15222
15280
15321
15324
15381
15433
15480
15491
15495
15546
15542
15501
15462
15458
15449
15437
15471
15505
15524
15550
15597
15577
15581
15608
15637
15678
15712
15764
15824
15855
15937
16009
16139
16299
16467
16628
16869
17084
17313
17565
17821
18059
18297
18551
18778
19040
19265
19522
19741
19977
20249
20506
20747
21007
21249
21477
21767
22025
22259
22466
22722
22967
23197
23457
23694
23935
24178
24435
24692
24919
25158
25400
25624
25859
26103
26359
26593
26860
27115
27351
27622
27874
28096
28358
28593
28840
29073
29341
29585
29850
30085
30334
30574
30823
31057
31270
31512
31767
31989
32222
32479
32728
32962
33208
33458
33683
33907
34138
34398
34619
34864
35094
35359
35576
35820
36068
36320
36577
36822
37050
37295
37551
37774
38010
38267
38500
38745
38975
39205
39470
39703
39932
40180
40404
40624
40853
41075
41332
41567
41812
42067
42307
42556
42778
43020
43233
43453
43689
43926
44179
44443
44669
44879
45125
45380
45625
45860
46083
46330
46567
46815
47042
47278
47486
47727
47976
48171
48393
48623
48872
49110
49367
49572
49838
50050
50314
50527
50763
51020
51263
51497
51732
51984
52222
52441
52673
52889
53139
53377
53625
53865
54111
54371
54610
54841
55077
55309
55547
55777
55999
56243
56462
56678
56935
57160
57425
57649
57879
58155
58395
58617
58851
59099
59336
59565
59811
60052
60280
60530
60774
61002
61263
61524
61750
62004
62251
62491
62694
62937
63188
63415
63657
63910
64152
64377
64604
64848
65084
65312
65543
65763
66015
66250
66498
66684
66904
67173
67412
67604
67850
68071
68324
68537
68787
69038
69262
69498
69747
69986
70186
70421
70659
70869
71109
71359
71601
71800
72023
72241
72467
72702
72935
73181
73402
73648
73885
74149
