0
38264
69582
94881
114725
130492
142835
151701
157703
161969
164271
165672
165405
163998
162083
159400
156358
152631
148916
144834
140431
135723
130997
126363
121889
117630
113182
109000
104587
100112
96176
91921
87862
84088
80520
77143
73777
70260
66843
63920
60794
57795
55125
52706
49880
47166
44725
42271
40025
37681
35562
33546
31819
30163
28436
26949
25832
24617
23400
22097
20833
19624
18614
17577
16683
15877
15149
14264
13476
12753
12192
11613
11069
10396
9638
8993
8515
8169
7842
7512
7126
6862
6690
6516
6322
6104
5790
5654
5419
5177
5027
4933
4872
4754
4734
4603
4601
4435
4398
4282
4185
4143
4150
4043
3835
3650
3471
3380
3243
3103
3061
2957
2852
2780
2746
2625
2515
2421
2467
2566
2650
2853
3073
3294
3483
3835
4181
4446
4623
4836
4956
5103
5217
5239
5168
5122
5154
4990
4780
4592
4443
4217
4020
3909
3771
3645
3571
3609
3619
3615
3595
3615
3620
3595
3617
3594
3481
3380
3270
3221
3176
3116
3129
3151
3124
3101
3009
2897
2844
2713
2594
2536
2377
2248
2088
1862
1632
1428
1276
1222
1163
992
832
699
602
527
446
381
331
280
242
205
179
155
115
94
82
63
55
46
38
32
28
25
21
19
16
13
12
11
11
6
5
2
2
2
1
1
0
0
0
0
0
0
0
0
0
0
0
0
0
0
0
0
0
0
0
0
0
0
0
0
0
0
0
0
0
0
0
0
0
0
0
0
0
0
0
0
0
0
0
0
0
0
0
0
0
0
0
0
0
0
0
0
0
0
0
0
0
0
0
0
0
0
0
0
0
0
0
0
0
0
0
0
0
0
0
0
0
0
0
0
0
0
0
0
0
0
0
0
0
0
0
0
0
0
0
0
0
0
0
0
0
0
0
0
0
0
0
0
0
0
0
0
0
0
0
0
0
0
0
0
0
0
0
0
0
0
0
0
0
0
0
0
0
0
0
0
0
0
0
0
0
0
0
0
0
0
0
0
0
0
0
0
0
0
0
0
0
0
0
0
0
0
0
0
0
0
0
0
0
0
0
0
0
0
0
0
0
0
0
0
0
0
0
0
0
0
0
0
0
0
0
0
0
0
0
0
0
0
0
0
0
0
0
0
0
0
0
0
0
0
0
0
0
0
0
0
0
0
0
0
0
0
0
0
0
0
0
0
0
0
0
0
0
0
0
0
0
0
0
0
0
0
0
0
0
0
0
0
0
0
0
0
0
0
0
0
0
0
0
0
0
0
0
0
0
0
0
0
0
0
0
0
0
0
0
0
0
0
0
0
0
0
0
0
0
0
0
0
0
0
0
0
0
0
0
0
0
0
0
0
0
0
0
0
0
0
0
0
0
0
0
0
0
0
0
0
0
0
0
0
0
0
0
0
0
0
0
0
0
0
0
0
0
0
0
0
0
0
0
0
0
0
0
0
0
0
0
0
0
0
0
0
0
0
0
0
0
0
0
0
0
0
0
0
0
0
0
0
0
0
0
0
0
0
0
0
0
0
0
