0
38398
69824
94856
114592
130486
142724
151401
158134
162050
164555
165286
165652
164306
162272
159525
156246
152531
148690
144265
140291
135882
131457
126833
122129
117589
113350
109415
105237
100879
96710
92638
88657
84800
81287
77812
74457
71034
67975
64944
61730
58900
56239
53666
51158
48769
46379
43963
41730
39586
37405
35672
34093
32618
30986
29632
28104
26786
25508
24282
23083
21921
20910
19929
19137
18337
17567
16926
16487
16124
15791
15513
15175
14881
14487
14146
13718
13409
12999
12530
12034
11611
11197
10850
10437
10121
9868
9521
9157
8911
8685
8427
8152
7868
7627
7368
7051
6915
6694
6554
6428
6423
6358
6257
6180
6086
6004
6001
5974
5867
5768
5770
5785
5699
5620
5540
5493
5492
5395
5305
5259
5220
5181
5075
4972
4882
4805
4712
4719
4679
4640
4530
4502
4423
4340
4277
4202
4215
4100
4085
4132
4127
4156
4179
4157
4105
4058
3949
3866
3800
3684
3698
3637
3550
3493
3501
3467
3483
3471
3490
3492
3455
3414
3321
3249
3196
3165
3054
2982
2993
2973
3008
3091
3076
3084
3056
3082
3088
3025
2987
2956
2991
2928
2907
2864
2865
2816
2811
2838
2777
2813
2813
2849
2800
2775
2726
2712
2666
2704
2697
2657
2553
2544
2530
2522
2494
2507
2493
2474
2459
2436
2347
2344
2360
2362
2305
2268
2272
2251
2255
2271
2267
2274
2252
2239
2180
2196
2205
2217
2239
2240
2248
2242
2184
2178
2136
2158
2142
2098
2100
2090
2066
2062
2097
2051
1993
2008
1982
1948
1943
1917
1877
1870
1874
1863
1868
1851
1842
1802
1791
1793
1797
1761
1782
1796
1795
1761
1735
1748
1752
1781
1791
1749
1738
1748
1759
1740
1725
1684
1668
1659
1650
1673
1717
1713
1709
1690
1695
1681
1696
1668
1657
1641
1637
1632
1624
1640
1622
1634
1641
1681
1695
1679
1653
1606
1596
1597
1569
1584
1592
1604
1666
1662
1655
1632
1596
1609
1586
1584
1593
1592
1601
1582
1624
1596
1578
1572
1590
1596
1611
1621
1581
1595
1628
1666
1661
1685
1664
1653
1624
1656
1627
1621
1622
1587
1595
1599
1603
1598
1590
1552
1603
1585
1600
1569
1573
1558
1526
1532
1531
1519
1495
1524
1555
1565
1538
1528
1552
1552
1543
1538
1547
1538
1502
1518
1515
1496
1491
1502
1474
1457
1444
1457
1441
1435
1410
1411
1421
1439
1416
1419
1417
1476
1475
1485
1472
1484
1492
1468
1503
1486
1465
1453
1443
1474
1509
1522
1504
1480
1458
1443
1409
1393
1372
1362
1354
1350
1376
1400
1457
1459
1452
1481
1494
1480
1484
1461
1457
1444
1427
1453
1443
1478
1469
1447
1482
1468
1480
1478
1439
1445
1449
1454
1448
1448
1476
1427
1450
1467
1450
1459
1442
1422
1405
1427
1466
1451
1451
1444
1430
1449
1458
1457
1428
1411
1407
1410
1404
1423
1382
1357
1338
1324
1291
1323
1331
1291
1293
1341
1326
1343
1298
1300
1297
1291
1273
1295
1261
1206
1222
1232
1219
1240
1235
1273
1272
1304
1298
1281
1266
1272
1255
1228
1210
1231
1191
1168
1185
1186
1167
1127
1139
1157
1104
1067
1068
1088
1080
1043
1007
981
946
933
888
891
914
912
944
955
957
953
971
990
1033
1004
977
941
924
914
878
880
913
941
947
1012
1007
1009
1013
1045
1111
1175
1204
1219
1226
1212
1207
1175
1164
1132
1114
1090
1082
1066
1050
1051
1070
1065
1107
1063
1037
1025
983
966
935
896
868
862
850
807
739
681
635
590
535
474
419
388
352
337
306
300
299
283
297
297
264
247
233
214
181
165
