0
38279
69476
94720
114455
130172
142227
151596
158098
162320
164365
165457
165127
163913
161847
158845
155482
151840
148050
144168
139848
135292
130851
126238
122008
117663
113287
109022
104876
100912
96621
92775
88870
85224
81502
78136
74674
71285
67875
65013
62104
59256
56514
53992
51483
48895
46616
44295
42054
40178
38471
36780
35246
33569
31896
30408
29059
27846
26608
25346
24126
23016
22056
20915
19769
18653
17490
16493
15550
14737
13927
13111
12589
12114
11919
11604
11415
11177
10858
10613
10489
10270
10079
9873
9641
9582
9374
9036
8758
8503
8465
8466
8419
8512
8487
8555
8451
8371
8311
8194
8161
8174
8140
8034
7748
7576
7453
7288
7175
7083
6866
6720
6569
6344
6146
5914
5810
5640
5491
5371
5225
5195
5137
4967
4802
4660
4543
4362
4226
4141
4122
4142
4043
3963
3917
3806
3722
3694
3545
3420
3343
3293
3158
3053
2944
2907
2908
2914
2991
2990
3038
3112
3149
3131
3144
3195
3164
3156
3135
3140
3107
3051
3038
3034
2924
2847
2818
2782
2732
2683
2644
2669
2699
2760
2833
2844
2867
2938
2937
2983
3057
3123
3138
3156
3125
3154
3145
3193
3208
3184
3173
3161
3194
3157
3134
3123
3132
3107
3049
3057
3018
3029
2978
2906
2853
2822
2782
2774
2682
2685
2609
2563
2524
2485
2407
2389
2362
2354
2336
2311
2252
2225
2155
2092
2068
2035
2044
1995
1997
1992
1978
1969
1922
1842
1834
1811
1810
1864
1834
1797
1795
1815
1811
1777
1751
1800
1763
1733
1733
1759
1767
1734
1703
1726
1715
1718
1727
1758
1799
1820
1809
1794
1826
1828
1836
1843
1844
1822
1804
1781
1800
1823
1835
1843
1799
1796
1760
1748
1735
1711
1723
1704
1697
1712
1680
1704
1690
1659
1632
1628
1654
1659
1657
1659
1661
1697
1681
1658
1662
1629
1639
1634
1627
1619
1638
1655
1651
1669
1708
1699
1693
1695
1699
1709
1678
1656
1672
1673
1634
1605
1610
1577
1563
1585
1585
1598
1597
1578
1553
1559
1527
1525
1529
1498
1485
1481
1501
1519
1500
1500
1498
1493
1478
1520
1514
1504
1506
1453
1457
1429
1441
1451
1432
1412
1435
1446
1493
1483
1459
1437
1405
1388
1392
1369
1356
1342
1343
1341
1374
1345
1330
1308
1309
1275
1271
1284
1268
1271
1293
1297
1317
1308
1348
1340
1329
1338
1332
1336
1355
1331
1354
1400
1431
1450
1464
1511
1481
1473
1469
1463
1436
1441
1433
1427
1442
1439
1416
1399
1363
1347
1325
1296
1252
1258
1227
1202
1173
1134
1087
1027
991
990
956
942
949
960
955
989
964
951
920
925
960
965
941
950
935
942
956
961
980
1016
1007
1006
1036
1057
1108
1124
1147
1166
1191
1218
1240
1280
1257
1266
1265
1280
1290
1277
1281
1286
1274
1233
1163
1127
1105
1063
1027
974
912
875
846
826
771
744
717
690
702
679
641
667
684
673
648
643
628
658
736
784
851
951
1037
1061
1115
1164
1194
1232
1302
1371
1437
1463
1464
1424
1417
1391
1357
1354
1324
1278
1234
1177
1125
1047
995
982
966
932
905
846
789
702
654
591
559
497
445
408
349
295
260
228
203
169
146
127
105
87
76
65
56
45
39
37
31
28
24
23
20
16
11
9
9
6
6
3
2
1
1
1
0
0
0
0
0
0
0
0
0
0
0
0
0
0
0
0
0
0
0
0
0
0
0
0
0
0
0
0
0
0
0
0
0
0
0
0
0
0
0
0
0
