0
54049
30130
20668
16109
14332
12626
11900
11242
10933
10838
10594
10548
10748
10727
11140
11182
11792
12029
11948
12284
13294
13810
14253
14746
15464
16243
17011
17583
18148
18874
19806
20743
21785
22624
23895
24552
25493
26971
28136
29153
30528
32302
33997
35413
37089
38885
41122
43306
45459
47103
49825
51738
54329
56269
59311
61770
63986
66321
68916
72208
75414
77430
80627
84055
87206
89872
92737
95540
99572
102531
105439
108307
111607
115538
119770
124057
127534
130252
132552
134783
138099
140208
142181
143911
145853
148756
150931
153034
155104
156918
158883
160448
161485
162177
162979
164296
165090
166401
167170
168319
169604
169897
170459
171729
173926
176717
179123
180299
182355
184173
185105
186721
188073
189731
190849
192317
194197
194929
194617
193855
192238
189373
185909
182946
179227
174686
170108
167008
164009
161993
160085
158222
157465
157268
157845
158117
158799
160196
162065
163525
166248
168740
171123
173421
175253
176859
177145
177251
177293
177315
177488
178007
177665
177240
177629
178462
179520
180926
181725
182663
183633
184015
184135
184023
184893
185199
186557
187788
189173
190941
192483
194417
196322
198545
201833
205744
209741
213574
216661
218489
220981
223764
226933
229806
232223
234524
236554
238538
240015
241413
242532
243431
244308
245250
246111
246785
247378
247807
248154
248466
248771
248925
249073
249191
249304
249425
249455
249548
249595
249645
249685
249764
249824
249875
249896
249926
249950
249953
249971
249982
249989
249994
249995
249997
249997
249999
249999
249999
249999
249999
249999
249999
249999
249999
249999
249999
249999
249999
249999
249999
250000
250000
250000
250000
250000
250000
250000
250000
250000
250000
250000
250000
250000
250000
250000
250000
250000
250000
250000
250000
250000
250000
250000
250000
250000
250000
250000
250000
250000
250000
250000
250000
250000
250000
250000
250000
250000
250000
250000
250000
250000
250000
250000
250000
250000
250000
250000
250000
250000
250000
250000
250000
250000
250000
250000
250000
250000
250000
250000
250000
250000
250000
250000
250000
250000
250000
250000
250000
250000
250000
250000
250000
250000
250000
250000
250000
250000
250000
250000
250000
250000
250000
250000
250000
250000
250000
250000
250000
250000
250000
250000
250000
250000
250000
250000
250000
250000
250000
250000
250000
250000
250000
250000
250000
250000
250000
250000
250000
250000
250000
250000
250000
250000
250000
250000
250000
250000
250000
250000
250000
250000
250000
250000
250000
250000
250000
250000
250000
250000
250000
250000
250000
250000
250000
250000
250000
250000
250000
250000
250000
250000
250000
250000
250000
250000
250000
250000
250000
250000
250000
250000
250000
250000
250000
250000
250000
250000
250000
250000
250000
250000
250000
250000
250000
250000
250000
250000
250000
250000
250000
250000
250000
250000
250000
250000
250000
250000
250000
250000
250000
250000
250000
250000
250000
250000
250000
250000
250000
250000
250000
250000
250000
250000
250000
250000
250000
250000
250000
250000
250000
250000
250000
250000
250000
250000
250000
250000
250000
250000
250000
250000
250000
250000
250000
250000
250000
250000
250000
250000
250000
250000
250000
250000
250000
250000
250000
250000
250000
250000
250000
250000
250000
250000
250000
250000
250000
250000
250000
250000
250000
250000
250000
250000
250000
250000
250000
250000
250000
250000
250000
250000
250000
250000
250000
250000
250000
250000
250000
250000
250000
250000
250000
250000
250000
250000
250000
250000
250000
250000
250000
250000
250000
250000
250000
250000
250000
250000
250000
250000
250000
250000
250000
250000
250000
250000
250000
250000
250000
250000
250000
250000
250000
250000
250000
250000
250000
250000
250000
250000
250000
250000
250000
250000
250000
250000
250000
250000
250000
250000
250000
250000
250000
250000
250000
250000
250000
250000
250000
250000
250000
250000
250000
250000
250000
250000
250000
250000
250000
250000
250000
250000
250000
250000
250000
250000
250000
250000
250000
250000
250000
250000
250000
250000
250000
250000
250000
250000
250000
250000
250000
250000
250000
250000
250000
250000
250000
250000
250000
250000
250000
