0
54126
30244
20762
16601
14447
13117
11961
11625
11001
10866
10752
10879
10773
11222
11349
11233
11594
12022
12460
12900
13148
13830
14299
14626
14989
15819
16289
17121
17911
18426
19750
20536
21600
22373
23469
24183
25356
26167
27508
28920
29965
31597
32704
34252
34992
36994
38898
39970
41582
43056
44542
46714
47850
50310
52037
53720
55768
57867
60425
62294
64854
67121
69036
71519
74669
76372
78972
80957
83431
85437
87579
90931
93279
95103
98542
101037
102717
104855
106940
109004
111559
113657
116201
117448
118994
120907
122007
123320
123913
125009
125725
127286
127378
127706
127928
128376
129004
128221
128475
129266
129719
131010
132339
133623
134950
136158
137524
138781
140385
141542
142643
143819
144813
146480
147410
148150
148617
149811
150727
151795
152607
153650
154645
155548
157204
157981
159161
160168
161383
162094
163105
164252
165177
165960
167413
168708
169359
170108
171101
172119
173224
174337
175438
176283
176566
177128
178297
179256
180775
181601
182046
182506
183071
183695
184133
184847
186146
186741
187369
188130
188828
189039
189189
189707
190028
190628
190897
191275
191900
192612
193264
193968
194866
195682
195910
196257
196215
197237
197535
197448
197673
197731
197728
197917
198077
198176
198667
199186
199153
199570
200198
200203
200648
200828
201023
201628
201872
202389
202720
203255
203251
203126
203734
203654
203893
204273
204035
204530
204810
205458
205869
206892
207326
207294
207508
207250
206712
206044
206098
206018
205611
205170
205495
205782
206025
205922
206275
206778
207966
208164
208280
208757
208936
208910
208875
208884
209219
209361
209473
209120
208915
208249
207722
207852
207785
207785
208195
208142
208258
208525
208849
209194
209442
209091
208730
208387
207915
208280
208835
208632
208746
209173
209223
209567
209927
209844
209673
209617
210316
211004
211198
211246
211449
211538
211543
211806
211766
211556
211677
212112
212413
212265
212042
211812
211904
212200
212509
212549
212450
212165
212068
211893
211709
211783
211519
211617
211806
211697
211790
212044
211824
211661
212050
212417
212258
211590
211167
211394
211362
211812
212378
212870
213048
213251
212963
213253
213061
212471
212466
212064
211905
211609
211358
210997
211422
211460
212278
212395
212769
212425
212466
212785
212916
213009
213262
213389
213262
213014
212797
212857
213165
213073
213026
212990
212996
212967
212723
212241
212127
212170
212244
212956
212857
212859
212961
212746
212568
212230
211822
211941
212361
212598
212371
212838
213309
213283
213394
213725
213679
213899
213736
213715
213681
213431
213504
213659
213527
213644
213687
213436
213198
213098
213254
213324
213799
214328
214525
214753
214318
214641
213935
213741
213705
213380
213553
213877
214104
214202
214285
214174
213978
214102
214393
214685
214401
214358
214138
213770
214024
214284
214316
214846
215377
215314
214871
215052
215271
215660
215726
215261
215279
215811
216302
216394
216668
216607
216645
216188
216582
216764
216195
215939
216288
216440
216457
216590
216795
217419
217689
218223
218657
219120
219294
219796
220054
219886
219902
219748
219639
219842
220205
220331
220003
219785
219766
220142
220270
220414
220918
221210
221673
222270
222677
222973
222985
223323
223649
223478
223697
223931
223920
224067
223917
224141
224824
225285
225977
226652
227060
227473
227662
226849
226653
226916
227070
226876
226677
226589
226814
227105
227557
228254
228765
229735
230685
231388
232067
232894
233572
234372
234909
235425
235346
235694
236214
236631
237146
237610
237785
237977
237963
237618
237014
235961
235005
234373
233918
233519
232752
231720
230879
230084
229140
228224
227577
226750
225854
225191
224776
224725
224352
223792
223189
222617
222365
222306
222268
222406
222153
221731
220759
220708
220479
220754
220949
221285
221794
222159
222777
223405
223541
223496
222914
222671
222156
221181
219637
218356
217277
216152
215364
215372
216048
216488
217019
217784
218745
219845
220771
221639
222914
224519
226089
227167
227926
228767
230094
231582
232925
234074
235173
236393
237701
238788
239771
240848
241470
242233
242728
243128
243329
243697
243466
243114
242200
241127
239907
238577
237656
236979
