0
10
38
82
111
143
180
201
203
222
215
216
208
239
240
223
226
210
224
211
189
173
198
184
177
162
179
147
151
157
151
142
144
121
122
111
98
98
105
90
91
86
91
82
70
64
68
55
56
60
65
53
52
45
49
48
48
50
38
34
28
30
31
32
34
41
29
25
23
33
24
20
18
28
26
24
20
12
16
12
14
13
14
9
12
10
13
12
17
9
12
18
12
16
15
15
15
15
13
13
14
20
14
13
13
11
11
15
15
10
8
12
9
11
10
6
9
6
8
11
12
13
13
10
12
11
18
12
12
7
8
7
5
12
7
5
3
8
5
5
7
4
6
8
8
5
3
7
6
5
5
8
6
4
2
6
5
9
5
6
2
6
5
5
4
6
8
6
10
6
5
5
11
12
9
8
4
3
3
4
3
3
6
8
6
5
3
4
3
3
2
5
2
1
7
6
7
4
2
3
6
5
4
5
5
4
4
8
5
4
8
9
5
3
3
6
5
3
3
5
3
2
2
3
2
3
5
4
6
5
6
6
5
4
6
3
1
3
6
5
3
6
3
4
8
5
6
6
2
6
8
7
5
5
6
7
5
6
4
6
6
5
5
5
4
6
6
10
7
9
4
7
7
5
3
3
5
6
4
7
5
4
6
4
3
3
4
2
2
3
3
6
6
3
4
4
5
4
2
5
7
8
5
4
4
4
3
6
4
3
3
1
1
2
3
1
5
6
5
3
2
5
7
5
6
6
6
3
8
4
0
4
3
7
7
5
7
7
4
5
5
5
5
7
8
4
8
4
1
3
5
4
2
4
4
5
6
6
5
5
3
4
4
3
2
2
5
6
4
6
5
5
4
2
7
3
3
3
3
3
5
2
2
2
2
3
7
7
4
3
5
1
3
3
3
2
1
3
6
5
5
7
3
6
5
3
3
2
2
4
4
5
3
4
3
6
7
8
3
3
5
5
6
8
9
6
3
1
3
5
4
2
4
3
4
1
4
2
2
1
3
4
4
3
3
5
4
2
3
2
2
3
3
4
5
5
5
2
4
4
7
6
10
11
6
4
6
6
4
5
6
8
8
5
4
2
2
1
2
3
3
4
6
6
5
4
6
7
4
4
0
2
2
2
3
4
3
2
4
2
3
5
3
6
5
3
5
1
0
2
2
2
3
3
3
5
8
5
5
3
0
3
3
3
4
4
4
6
5
2
0
1
5
2
2
3
5
6
4
0
1
4
3
3
3
2
1
2
0
6
4
6
6
7
4
2
2
2
2
1
4
4
7
7
4
4
3
4
2
2
4
2
8
4
9
6
3
4
3
5
2
5
4
6
7
4
5
3
2
5
5
1
4
4
2
3
3
3
2
1
1
