0
19
55
87
128
147
161
178
210
203
211
222
234
226
230
245
235
206
223
233
190
204
199
199
181
164
176
161
152
162
154
140
134
116
104
105
105
108
101
104
82
79
98
92
95
79
79
76
57
60
51
44
36
38
42
41
41
40
30
30
23
35
39
28
22
23
25
23
16
23
16
17
22
18
13
11
16
11
11
19
13
12
12
7
7
11
17
10
8
11
8
9
4
2
1
1
1
2
6
5
6
6
6
6
5
3
3
2
4
3
4
6
6
2
5
3
3
7
9
6
4
5
3
5
3
2
2
1
3
6
6
4
5
2
0
1
2
0
1
0
1
4
5
2
3
3
4
4
6
2
2
4
4
7
7
4
3
2
2
2
4
4
2
3
4
5
4
6
5
4
6
4
3
4
4
4
7
5
5
3
1
1
3
2
5
5
6
5
4
4
5
4
5
3
3
5
2
3
7
7
5
7
6
2
2
2
2
3
1
3
3
3
4
5
3
6
5
5
4
1
0
2
5
5
7
5
4
6
6
5
7
4
4
4
5
4
3
5
7
3
1
3
5
5
5
2
4
5
4
4
7
6
5
5
3
2
2
4
5
5
4
5
5
9
6
5
2
2
1
3
2
1
2
3
6
4
3
1
2
3
2
3
6
4
6
5
5
7
3
4
4
4
1
3
3
6
4
4
4
5
3
2
2
0
2
1
0
1
2
2
3
3
2
2
2
1
2
2
5
5
3
3
4
1
1
2
5
2
3
4
6
1
0
1
2
3
4
5
6
3
4
2
2
1
1
3
3
4
4
0
1
1
1
3
1
2
3
1
1
1
1
2
3
4
4
3
5
3
6
5
3
3
4
6
6
3
3
4
4
8
3
4
6
4
5
3
4
4
7
5
4
4
4
4
3
3
4
3
5
6
5
4
7
7
9
8
6
4
5
6
3
2
6
2
2
1
2
2
2
2
3
2
3
3
2
2
3
3
2
3
3
2
1
3
4
3
3
4
5
4
5
4
4
4
3
4
1
2
2
1
2
6
8
5
2
3
5
6
3
3
5
1
3
3
3
3
4
3
2
2
3
4
5
4
3
0
2
2
4
2
4
3
4
1
5
3
4
6
2
2
4
2
3
3
3
4
4
3
3
8
11
4
3
3
4
3
3
5
6
5
3
5
5
3
1
2
3
2
2
5
5
3
2
3
6
4
1
1
1
2
3
4
3
3
3
0
2
2
1
0
1
2
1
3
2
2
3
3
2
2
3
2
2
4
4
7
5
6
6
4
4
2
4
4
9
9
5
7
5
6
4
6
4
5
8
7
5
6
3
1
2
3
4
3
4
4
2
5
5
3
4
3
2
3
2
3
2
4
8
6
1
