0
10
45
91
134
141
155
190
198
205
222
229
220
218
221
216
226
230
214
197
183
180
170
183
183
198
163
191
162
154
150
127
125
117
122
109
117
126
123
97
94
98
90
80
86
84
77
67
62
73
67
52
48
58
53
55
60
61
52
44
43
36
45
35
28
31
32
23
23
22
28
27
20
27
22
28
27
25
25
16
17
15
18
18
13
9
6
7
15
14
14
15
14
14
17
18
15
13
12
11
10
13
12
11
14
19
14
12
6
9
13
11
11
7
7
8
17
15
11
9
8
9
6
7
7
7
15
10
5
6
8
11
11
12
9
8
6
12
10
7
9
10
13
15
14
8
11
8
10
10
10
8
8
5
4
6
9
7
11
12
8
9
11
11
13
11
8
6
10
7
4
4
6
6
5
5
5
8
8
8
5
5
6
6
4
2
5
5
8
6
9
3
4
8
7
7
9
7
4
6
2
4
6
5
1
3
6
8
6
6
8
8
10
9
4
5
8
9
6
8
6
6
2
5
4
4
4
4
5
3
3
7
8
8
4
3
3
8
2
2
2
4
6
7
7
7
8
4
4
4
6
3
7
7
8
6
13
8
4
8
6
8
8
6
3
5
3
5
7
6
4
7
4
8
8
6
7
6
5
4
1
4
4
4
5
3
2
2
4
6
7
4
9
4
5
3
6
3
6
7
5
3
3
5
6
7
5
5
7
3
4
6
7
6
6
2
5
7
10
13
13
8
12
9
4
2
10
12
9
10
6
6
7
6
6
7
9
13
10
6
6
3
6
8
4
5
5
7
6
6
4
4
5
5
4
6
6
5
7
5
11
11
13
9
9
7
5
6
6
6
6
4
5
6
5
4
1
2
2
3
3
2
6
2
4
4
3
2
0
7
10
12
7
3
5
3
3
5
4
7
9
6
7
4
7
6
6
4
4
4
6
7
8
7
7
8
5
5
3
5
6
9
4
4
3
3
4
5
5
5
7
7
4
4
1
3
4
2
2
6
4
6
2
4
2
2
3
1
8
6
5
5
8
7
10
8
3
1
6
4
7
8
7
3
5
4
8
9
3
2
7
3
2
3
3
3
3
4
3
3
8
7
8
9
8
4
5
4
5
5
2
1
2
1
3
3
3
5
7
5
5
3
2
1
3
2
4
3
3
5
5
7
4
3
4
2
5
5
4
5
10
4
4
5
5
2
3
2
2
8
5
8
10
6
8
4
6
7
4
2
3
3
3
0
2
3
6
5
4
2
4
2
6
5
2
3
3
4
4
5
8
9
4
2
3
3
6
6
4
4
4
3
4
6
5
4
5
3
5
4
7
3
4
3
1
3
4
2
6
3
5
7
7
7
5
7
6
1
3
3
5
