0
17
58
77
132
168
176
193
216
218
241
245
252
203
225
218
199
211
207
205
201
199
215
189
206
171
184
177
152
146
149
127
125
133
123
115
100
103
91
85
81
73
77
68
65
76
78
80
80
69
70
64
55
53
43
39
41
35
30
31
34
35
36
37
27
26
32
21
21
18
21
16
22
25
18
20
17
14
16
18
14
14
18
19
18
14
17
14
15
12
14
14
11
12
12
14
10
5
7
7
7
6
7
4
13
8
8
10
7
6
9
8
9
10
8
12
11
11
11
10
10
12
13
14
10
11
11
10
8
8
7
6
10
7
12
12
14
8
10
12
9
8
8
7
7
14
7
6
7
6
6
8
12
10
10
11
7
5
7
7
6
6
3
7
3
6
8
9
9
6
5
6
10
11
13
12
13
10
8
5
9
9
5
6
4
3
4
12
14
8
9
9
7
7
5
6
6
7
12
9
6
6
5
6
8
12
6
9
6
5
8
8
6
5
5
5
6
7
7
9
9
8
10
10
9
8
6
6
5
4
2
6
9
9
5
8
9
8
5
6
5
6
7
6
7
5
8
4
6
4
1
7
9
4
7
5
4
5
6
6
9
8
7
6
4
6
2
4
4
7
10
6
2
4
3
3
3
6
4
5
3
4
1
4
5
4
4
1
3
3
4
2
0
1
6
8
7
4
5
5
7
5
6
6
5
5
2
2
5
6
6
8
9
6
1
3
3
2
3
2
4
4
6
6
4
4
6
6
5
6
4
6
5
3
3
4
4
6
7
6
6
7
6
7
6
8
6
9
11
9
4
4
6
4
6
11
7
3
3
2
1
3
6
4
4
2
3
1
5
4
5
5
4
6
8
8
8
9
8
1
3
3
2
5
6
2
6
11
6
4
3
3
4
2
2
4
3
1
0
0
1
1
1
2
4
7
8
7
7
4
5
5
4
5
3
5
5
3
2
4
5
3
5
4
4
6
4
5
5
5
6
6
2
3
4
4
2
2
4
5
3
1
3
3
2
5
8
5
5
5
4
6
6
3
4
4
2
0
5
3
1
2
4
3
3
3
6
4
3
1
2
3
4
6
8
6
5
7
9
5
2
2
6
6
5
5
6
6
6
8
9
6
3
4
2
0
1
1
2
2
1
4
3
5
6
6
6
2
4
5
3
5
4
4
4
2
2
1
0
2
3
5
4
3
2
3
1
1
1
1
3
4
3
2
2
5
2
4
3
5
4
7
5
5
6
4
6
3
6
6
7
6
4
4
2
6
5
3
1
3
3
6
4
2
1
3
4
3
6
8
9
4
4
3
2
1
3
2
1
1
3
0
1
0
1
1
2
2
5
4
2
0
3
5
8
6
8
6
6
7
6
