0
4012
29794
78233
143329
222827
314087
414295
522055
637210
757181
881693
1009361
1140315
1273866
1409031
1545265
1683161
1821078
1960374
2099903
2239714
2380742
2521824
2662970
2803643
2944048
3084439
3224480
3364295
3505005
3644761
3784120
3922764
4061823
4199808
4337185
4473627
4610326
4745853
4880473
5014702
5148276
5281061
5413278
5544018
5673991
5803650
5931512
6058693
6184815
6309409
6432039
6554403
6675170
6795572
6914599
7031603
7147516
7261387
7373448
7484053
7592343
7700011
7804622
7907356
8008235
8106935
8203253
8297277
8389509
8480006
8567760
8654287
8737762
8819568
8899129
8975574
9049712
9121535
9191278
9258448
9323465
9385729
9445785
9503806
9559436
9613233
9664678
9714239
9761581
9806332
9848282
9887261
9923023
9956264
9986263
10013312
10037998
10060346
10080640
10098649
10114641
10128907
10141502
10152235
10161991
10170595
10178223
10184907
10190692
10195856
10200319
10204233
10207571
10210543
10213013
10215196
10217074
10218732
10220190
10221449
10222449
10223314
10224118
10224826
10225386
10225879
10226360
10226763
10227077
10227322
10227576
10227783
10227970
10228124
10228262
10228366
10228447
10228519
10228573
10228620
10228657
10228688
10228719
10228752
10228766
10228775
10228788
10228799
10228808
10228817
10228823
10228830
10228834
10228835
10228837
10228837
10228840
10228844
10228846
10228848
10228850
10228850
10228850
10228850
10228850
10228850
10228850
10228850
10228850
10228851
10228851
10228851
10228851
10228851
10228852
10228852
10228852
10228852
10228853
10228854
10228854
10228854
10228854
10228854
10228854
10228854
10228854
10228854
10228854
10228854
10228854
10228854
10228854
10228854
10228854
10228854
10228854
10228854
10228854
10228854
10228854
10228854
10228854
10228854
10228854
10228854
10228854
10228854
10228854
10228854
10228854
10228854
10228854
10228854
10228854
10228854
10228854
10228854
10228854
10228854
10228854
10228854
10228854
10228854
10228854
10228854
10228854
10228854
10228854
10228854
10228854
10228854
10228854
10228854
10228854
10228854
10228854
10228854
10228854
10228854
10228854
10228854
10228854
10228854
10228854
10228854
10228854
10228854
10228854
10228854
10228854
10228854
10228854
10228854
10228854
10228854
10228854
10228854
10228854
10228854
10228854
10228854
10228854
10228854
10228854
10228854
10228854
10228854
10228855
10228855
10228855
10228855
10228855
10228855
10228855
10228855
10228855
10228855
10228855
10228855
10228855
10228855
10228855
10228855
10228855
10228855
10228855
10228855
10228855
10228855
10228855
10228855
10228855
10228855
10228855
10228855
10228855
10228855
10228855
10228855
10228855
10228855
10228855
10228855
10228855
10228855
10228855
10228855
10228855
10228855
10228855
10228855
10228855
10228855
10228855
10228855
10228855
10228855
10228855
10228855
10228855
10228855
10228855
10228855
10228855
10228855
10228855
10228855
10228855
10228855
10228855
10228855
10228855
10228855
10228855
10228855
10228855
10228855
10228855
10228855
10228855
10228855
10228855
10228855
10228855
10228855
10228855
10228855
10228855
10228855
10228855
10228855
10228855
10228855
10228855
10228855
10228855
10228855
10228855
10228855
10228855
10228855
10228855
10228855
10228855
10228855
10228855
10228855
10228855
10228855
10228855
10228855
10228855
10228855
10228855
10228855
10228855
10228855
10228855
10228855
10228855
10228855
10228855
10228855
10228855
10228855
10228855
10228855
10228855
10228855
10228855
10228855
10228855
10228855
10228855
10228855
10228855
10228855
10228855
10228855
10228855
10228855
10228855
10228855
10228855
10228855
10228855
10228855
10228855
10228855
10228855
10228855
10228855
10228855
10228855
10228855
10228855
10228855
10228855
10228855
10228855
10228855
10228855
10228855
10228855
10228855
10228855
10228855
10228855
10228855
10228855
10228855
10228855
10228855
10228855
10228855
10228855
10228855
10228855
10228855
10228855
10228855
10228855
10228855
10228855
10228855
10228855
10228855
10228855
10228855
10228855
10228855
10228855
10228855
10228855
10228855
10228855
10228855
10228855
10228855
10228855
10228855
10228855
10228855
10228855
10228855
10228855
10228855
10228855
10228855
10228855
10228855
10228855
10228855
10228855
10228855
10228855
10228855
10228855
10228855
10228855
10228855
10228855
10228855
10228855
10228855
10228855
10228855
10228855
10228855
10228855
10228855
10228855
10228855
10228855
10228855
10228855
10228855
10228855
10228855
10228855
10228855
10228855
10228855
10228855
10228855
10228855
10228855
10228855
10228855
10228855
10228855
10228855
10228855
10228855
10228855
10228855
10228855
10228855
10228855
10228855
10228855
10228855
10228855
10228855
10228855
10228855
10228855
10228855
10228855
10228855
10228855
10228855
10228855
10228855
10228855
10228855
10228855
10228855
10228855
10228855
10228855
10228855
10228855
10228855
10228855
10228855
10228855
10228855
10228855
10228855
10228855
10228855
10228855
10228855
10228855
10228855
10228855
10228855
10228855
10228855
10228855
10228855
10228855
10228855
10228855
10228855
10228855
10228855
10228855
10228855
10228855
10228855
10228855
10228855
10228855
10228855
10228855
10228855
10228855
10228855
10228855
10228855
10228855
10228855
10228855
10228855
10228855
10228855
10228855
10228855
10228855
10228855
10228855
10228855
10228855
10228855
10228855
10228855
