0
3931
29737
77990
143314
222922
313615
414177
522614
637348
757077
881608
1009576
1140391
1274200
1409045
1545222
1683074
1821438
1960555
2100196
2240657
2380783
2521777
2663102
2804196
2944319
3084918
3225042
3364997
3505156
3645046
3784382
3923262
4061817
4199110
4335320
4472192
4608148
4743653
4878484
5013204
5146377
5278868
5411047
5542172
5672284
5801483
5929232
6056316
6182440
6306842
6430118
6552465
6673766
6793171
6911463
7028617
7143893
7257802
7370893
7481530
7591048
7699191
7805018
7909364
8011673
8112656
8211630
8308879
8404608
8498044
8589966
8679768
8767763
8853878
8937610
9019704
9099890
9177693
9253901
9328491
9401201
9472206
9541512
9609260
9675526
9741187
9804845
9867135
9927875
9987655
10046120
10103600
10160191
10215888
10270788
10325067
10378344
10431050
10482876
10534224
10585342
10635359
10684518
10732927
10780363
10826761
10872611
10917185
10960679
11003034
11044455
11085399
11125227
11164387
11202515
11239386
11275681
11310946
11346334
11381434
11417193
11453731
11491159
11529601
11569340
11611098
11654608
11699650
11746549
11794730
11844743
11895610
11947493
12000139
12053262
12106557
12159885
12213234
12265993
12318632
12370215
12420127
12469899
12518704
12566180
12612916
12659013
12704847
12750601
12795760
12840397
12884885
12929804
12973870
13018006
13061966
13105218
13148187
13190373
13232404
13273646
13314166
13354868
13395470
13435605
13475342
13514165
13553064
13590876
13628233
13664607
13700047
13734874
13767966
13799830
13830017
13858347
13885027
13909902
13933417
13955508
13975581
13994149
14010922
14026342
14040363
14052918
14064035
14074013
14082901
14090772
14097833
14104076
14109440
14114160
14118250
14121846
14124893
14127492
14129715
14131652
14133341
14134809
14136087
14137144
14138127
14138965
14139667
14140297
14140842
14141305
14141700
14142009
14142279
14142521
14142714
14142884
14143027
14143149
14143234
14143315
14143371
14143427
14143488
14143538
14143567
14143588
14143605
14143627
14143639
14143645
14143651
14143658
14143668
14143675
14143679
14143685
14143689
14143691
14143691
14143691
14143693
14143694
14143695
14143696
14143697
14143697
14143699
14143700
14143700
14143700
14143700
14143700
14143700
14143700
14143700
14143700
14143700
14143701
14143701
14143701
14143701
14143701
14143701
14143701
14143701
14143701
14143701
14143701
14143701
14143701
14143701
14143701
14143701
14143701
14143701
14143701
14143701
14143701
14143701
14143701
14143701
14143701
14143701
14143701
14143701
14143701
14143701
14143701
14143701
14143701
14143701
14143701
14143701
14143701
14143701
14143701
14143701
14143701
14143701
14143701
14143701
14143701
14143701
14143701
14143701
14143701
14143701
14143701
14143701
14143701
14143701
14143701
14143701
14143701
14143701
14143701
14143701
14143701
14143701
14143701
14143701
14143701
14143701
14143701
14143701
14143701
14143701
14143701
14143701
14143701
14143701
14143701
14143701
14143701
14143701
14143701
14143701
14143701
14143701
14143701
14143701
14143701
14143701
14143701
14143701
14143701
14143701
14143701
14143701
14143701
14143701
14143701
14143701
14143701
14143701
14143701
14143701
14143701
14143701
14143701
14143701
14143701
14143701
14143701
14143701
14143701
14143701
14143701
14143701
14143701
14143701
14143701
14143701
14143701
14143701
14143701
14143701
14143701
14143701
14143701
14143701
14143701
14143701
14143701
14143701
14143701
14143701
14143701
14143701
14143701
14143701
14143701
14143701
14143701
14143701
14143701
14143701
14143701
14143701
14143701
14143701
14143701
14143701
14143701
14143701
14143701
14143701
14143701
14143701
14143701
14143701
14143701
14143701
14143701
14143701
14143701
14143701
14143701
14143701
14143701
14143701
14143701
14143701
14143701
14143701
14143701
14143701
14143701
14143701
14143701
14143701
14143701
14143701
14143701
14143701
14143701
14143701
14143701
14143701
14143701
14143701
14143701
14143701
14143701
14143701
14143701
14143701
14143701
14143701
14143701
14143701
14143701
14143701
14143701
14143701
14143701
14143701
14143701
14143701
14143701
14143701
14143701
14143701
14143701
14143701
14143701
14143701
14143701
14143701
14143701
14143701
14143701
14143701
14143701
14143701
14143701
14143701
14143701
14143701
14143701
14143701
14143701
14143701
14143701
14143701
14143701
14143701
14143701
14143701
14143701
14143701
14143701
14143701
14143701
14143701
14143701
14143701
14143701
14143701
14143701
14143701
14143701
14143701
14143701
14143701
14143701
14143701
14143701
14143701
14143701
14143701
14143701
14143701
14143701
14143701
14143701
14143701
14143701
14143701
14143701
14143701
14143701
14143701
14143701
14143701
14143701
14143701
14143701
14143701
14143701
14143701
14143701
14143701
14143701
14143701
14143701
14143701
14143701
14143701
14143701
14143701
14143701
14143701
14143701
14143701
14143701
14143701
14143701
14143701
14143701
14143701
14143701
14143701
14143701
14143701
14143701
14143701
14143701
14143701
14143701
14143701
14143701
14143701
14143701
14143701
14143701
14143701
14143701
14143701
14143701
14143701
14143701
14143701
14143701
14143701
14143701
14143701
14143701
14143701
14143701
14143701
14143701
14143701
14143701
14143701
14143701
14143701
14143701
14143701
14143701
14143701
14143701
14143701
14143701
14143701
14143701
14143701
14143701
