0
7
32
76
148
234
310
388
475
589
699
800
927
1034
1155
1247
1337
1439
1532
1643
1735
1810
1893
1932
2013
2051
2095
2136
2194
2237
2278
2291
2337
2375
2384
2420
2416
2445
2445
2475
2491
2504
2520
2555
2561
2593
2593
2578
2586
2592
2589
2599
2607
2612
2633
2636
2648
2631
2631
2614
2593
2574
2545
2539
2510
2503
2488
2489
2460
2437
2408
2391
2352
2349
2314
2274
2258
2243
2236
2183
2174
2166
2153
2129
2109
2065
2077
2074
2063
2049
2008
1993
1975
1971
1928
1890
1881
1866
1843
1826
1802
1768
1769
1770
1774
1747
1760
1740
1729
1694
1679
1659
1632
1605
1594
1550
1548
1540
1519
1489
1468
1461
1435
1409
1395
1373
1375
1338
1308
1301
1304
1297
1280
1263
1244
1231
1231
1233
1216
1208
1197
1159
1143
1139
1124
1112
1094
1074
1049
1028
1022
1021
1003
960
941
909
902
883
858
847
822
796
776
779
764
770
751
726
701
704
681
667
655
647
648
630
605
610
599
579
572
559
544
541
527
509
509
490
476
468
455
446
439
434
426
423
422
422
424
427
423
422
428
422
425
429
414
408
406
409
395
392
393
399
392
385
378
367
360
348
341
332
327
317
309
304
309
297
292
292
274
269
272
274
270
266
270
265
257
248
248
250
251
250
255
249
245
244
244
249
259
274
283
292
306
316
320
330
338
341
350
356
365
372
382
399
411
409
405
414
416
398
391
385
375
368
364
363
345
338
334
332
321
308
297
289
277
261
249
236
224
218
214
201
193
187
175
169
157
155
151
142
136
127
116
113
105
100
96
93
91
85
83
78
72
69
67
63
61
60
59
58
56
54
52
50
49
46
45
42
40
39
35
32
31
30
28
28
27
25
23
23
21
21
18
18
18
18
16
16
15
15
15
15
13
13
13
12
12
12
10
10
10
9
8
8
7
6
5
5
5
4
4
4
4
3
3
3
3
3
3
2
2
2
2
2
2
2
2
2
2
2
2
1
1
1
1
1
1
1
1
1
1
1
1
1
1
0
0
0
0
0
0
0
0
0
0
0
0
0
0
0
0
0
0
0
0
0
0
0
0
0
0
0
0
0
0
0
0
0
0
0
0
0
0
0
0
0
0
0
0
0
0
0
0
0
0
0
0
0
0
0
0
0
0
0
0
0
0
0
0
0
0
0
0
0
0
0
0
0
0
0
0
0
0
0
0
0
0
0
0
0
0
0
0
0
0
0
0
0
0
0
0
0
0
0
0
0
0
0
0
0
0
0
0
0
0
0
0
0
0
0
0
0
0
0
0
0
0
0
0
0
0
0
0
0
0
0
0
0
0
0
0
0
0
0
0
0
0
0
0
0
0
0
0
0
0
0
0
0
0
0
0
0
0
0
0
0
0
0
0
0
0
0
0
0
0
0
0
0
0
0
0
0
0
0
0
0
0
0
0
0
0
0
0
0
0
0
0
0
0
