0
3
35
80
152
228
323
442
546
656
739
863
964
1088
1183
1282
1391
1471
1555
1674
1746
1797
1860
1930
2004
2062
2131
2178
2256
2307
2349
2382
2405
2450
2460
2480
2513
2520
2558
2582
2583
2598
2623
2634
2661
2670
2714
2729
2706
2698
2699
2691
2654
2646
2647
2609
2592
2600
2593
2577
2533
2529
2507
2471
2478
2443
2460
2434
2416
2381
2360
2324
2264
2257
2228
2167
2118
2070
2046
2015
1969
1942
1904
1860
1824
1809
1761
1742
1696
1652
1606
1570
1533
1494
1457
1416
1365
1323
1246
1189
1151
1106
1072
1040
1004
954
916
884
844
804
770
730
702
668
634
601
582
558
526
494
463
437
421
396
380
367
349
328
306
289
268
260
247
226
214
204
191
181
172
157
147
142
132
128
120
113
105
102
91
87
85
81
77
71
69
66
61
60
57
54
51
48
48
46
45
44
44
41
39
39
38
37
33
31
31
29
26
24
24
23
22
20
20
17
17
15
14
13
12
11
10
10
9
9
9
9
8
8
8
8
8
7
6
5
5
5
4
4
4
4
4
4
3
3
3
2
1
1
1
1
1
1
1
1
1
1
1
1
1
1
1
1
1
1
1
1
1
1
1
1
0
0
0
0
0
0
0
0
0
0
0
0
0
0
0
0
0
0
0
0
0
0
0
0
0
0
0
0
0
0
0
0
0
0
0
0
0
0
0
0
0
0
0
0
0
0
0
0
0
0
0
0
0
0
0
0
0
0
0
0
0
0
0
0
0
0
0
0
0
0
0
0
0
0
0
0
0
0
0
0
0
0
0
0
0
0
0
0
0
0
0
0
0
0
0
0
0
0
0
0
0
0
0
0
0
0
0
0
0
0
0
0
0
0
0
0
0
0
0
0
0
0
0
0
0
0
0
0
0
0
0
0
0
0
0
0
0
0
0
0
0
0
0
0
0
0
0
0
0
0
0
0
0
0
0
0
0
0
0
0
0
0
0
0
0
0
0
0
0
0
0
0
0
0
0
0
0
0
0
0
0
0
0
0
0
0
0
0
0
0
0
0
0
0
0
0
0
0
0
0
0
0
0
0
0
0
0
0
0
0
0
0
0
0
0
0
0
0
0
0
0
0
0
0
0
0
0
0
0
0
0
0
0
0
0
0
0
0
0
0
0
0
0
0
0
0
0
0
0
0
0
0
0
0
0
0
0
0
0
0
0
0
0
0
0
0
0
0
0
0
0
0
0
0
0
0
0
0
0
0
0
0
0
0
0
0
0
0
0
0
0
0
0
0
0
0
0
0
0
0
0
0
0
0
0
0
0
0
0
0
0
0
0
0
0
0
0
0
0
0
0
0
0
0
0
0
0
0
0
0
0
0
0
0
0
0
0
0
0
0
0
0
0
0
0
0
0
0
0
0
0
0
0
0
0
0
0
0
0
0
0
