0
7
50
103
163
256
340
426
535
624
728
835
933
1023
1149
1264
1335
1432
1538
1613
1677
1759
1854
1887
1957
2005
2049
2119
2141
2173
2224
2277
2313
2352
2385
2416
2474
2465
2488
2513
2536
2565
2564
2536
2518
2538
2548
2572
2578
2560
2587
2607
2590
2611
2601
2613
2620
2604
2602
2614
2610
2587
2574
2561
2535
2537
2523
2533
2515
2489
2456
2424
2404
2398
2387
2375
2356
2328
2302
2264
2238
2225
2177
2128
2114
2090
2069
2017
1994
1960
1951
1936
1915
1894
1889
1847
1813
1799
1785
1763
1727
1701
1676
1658
1633
1614
1585
1546
1528
1523
1484
1470
1432
1413
1394
1367
1337
1341
1306
1285
1259
1243
1239
1209
1179
1145
1116
1091
1059
1036
1026
996
970
953
928
908
887
855
819
809
781
786
778
763
751
743
744
742
743
752
755
763
762
766
774
777
771
779
789
797
786
791
802
803
810
824
828
826
834
836
827
832
834
847
853
844
866
870
884
869
883
871
866
874
860
861
878
869
872
879
885
903
899
896
891
888
889
890
891
873
859
848
840
838
834
825
822
827
817
823
810
798
793
795
789
802
815
801
805
808
798
800
789
790
784
784
774
771
773
759
749
744
744
735
717
705
679
662
651
639
629
620
605
603
600
594
600
587
579
570
569
555
545
539
544
536
530
517
518
514
508
504
498
485
491
486
492
479
479
481
479
483
485
494
500
514
526
525
533
543
542
554
551
546
556
562
566
560
559
556
576
563
564
573
563
556
547
547
547
531
538
526
516
519
524
528
537
527
529
510
508
506
506
497
492
490
485
482
481
471
463
448
442
436
437
439
434
424
413
409
401
411
408
412
416
404
387
373
373
362
351
349
352
358
355
355
355
347
342
338
345
346
362
369
369
380
387
391
398
413
406
401
403
401
412
423
439
436
438
440
436
447
445
446
463
475
483
489
508
513
518
517
515
516
497
500
488
489
495
503
510
505
502
502
496
497
490
484
487
485
480
475
470
470
471
471
464
466
455
464
452
447
437
433
423
430
432
421
414
413
418
413
408
398
388
382
374
370
365
362
348
341
335
334
326
315
309
302
300
298
298
311
316
314
312
316
315
319
313
323
330
326
327
335
337
345
356
356
362
365
373
386
386
390
392
407
410
421
435
438
438
432
435
425
424
426
415
418
413
400
396
396
389
383
371
369
360
353
349
341
330
325
321
312
314
304
300
291
279
282
282
280
290
291
295
290
290
285
287
289
284
289
292
287
288
290
294
306
315
324
329
325
329
344
353
357
354
352
341
339
329
315
314
310
309
307
299
297
293
293
296
299
291
281
270
265
252
246
238
228
222
207
199
193
185
178
170
163
154
147
143
140
134
125
120
116
109
103
99
94
89
83
79
77
76
74
71
64
63
60
58
53
51
46
44
41
40
40
37
35
34
31
29
27
25
24
24
24
22
22
22
