0
2
29
75
135
229
328
429
550
659
771
876
991
1132
1210
1314
1424
1509
1576
1665
1764
1835
1918
1996
2063
2121
2180
2251
2289
2354
2390
2423
2446
2502
2519
2569
2583
2595
2593
2576
2581
2619
2635
2643
2665
2706
2714
2712
2721
2730
2720
2718
2701
2690
2681
2704
2694
2692
2705
2720
2689
2668
2661
2624
2615
2621
2590
2567
2542
2529
2521
2491
2470
2463
2432
2378
2345
2329
2287
2265
2240
2213
2164
2148
2133
2077
2079
2059
2045
2019
2000
1977
1936
1903
1869
1860
1844
1817
1807
1768
1753
1747
1735
1752
1741
1728
1715
1698
1691
1668
1660
1637
1625
1631
1622
1612
1602
1590
1564
1540
1513
1517
1494
1492
1481
1448
1422
1422
1406
1397
1391
1373
1358
1359
1333
1313
1299
1287
1268
1274
1236
1231
1206
1195
1181
1171
1156
1119
1102
1077
1069
1066
1068
1050
1046
1015
1018
1011
1011
1000
1010
993
984
959
952
961
950
958
948
954
938
933
917
924
918
931
927
911
915
907
915
927
914
907
896
886
876
881
868
849
854
849
847
860
863
857
855
868
873
876
878
872
874
871
866
862
854
847
854
822
823
811
803
803
796
791
785
781
766
767
760
749
746
741
731
746
735
735
723
722
728
725
723
719
699
698
682
688
671
666
662
658
652
634
621
598
579
576
577
576
556
553
536
542
546
522
524
527
516
513
508
513
511
504
501
504
500
488
487
487
497
486
479
467
465
460
476
477
480
472
474
485
483
481
481
486
490
494
488
482
478
473
476
484
491
494
490
487
488
494
491
472
482
484
485
485
485
478
473
475
478
482
481
484
483
484
482
475
473
475
489
490
489
492
489
491
499
499
494
491
491
485
490
481
466
477
473
472
476
473
472
475
477
462
460
462
462
459
460
440
426
414
409
395
407
423
428
422
426
428
426
433
438
434
432
429
424
428
435
430
435
431
434
445
443
450
448
443
442
438
431
428
430
423
418
410
402
401
401
408
405
390
401
411
406
400
395
400
392
400
405
403
406
404
396
397
394
398
409
414
411
408
409
407
406
411
410
409
413
427
429
416
414
410
419
418
401
394
386
382
376
373
375
372
360
361
356
354
348
348
340
333
340
329
334
332
316
323
323
318
312
313
310
306
311
311
314
314
314
316
312
321
332
331
339
352
347
343
340
339
335
336
332
334
328
324
321
315
312
304
295
302
301
291
280
270
271
269
268
259
261
260
253
257
262
259
261
261
259
258
264
262
272
275
273
270
282
290
293
297
307
312
313
309
309
305
311
305
306
299
294
300
306
308
304
296
294
284
273
255
246
243
237
234
227
223
218
213
206
203
187
184
179
175
171
167
159
156
151
149
146
140
128
122
116
114
107
100
97
92
88
83
83
81
79
72
71
65
63
60
59
55
53
49
47
47
44
41
39
35
34
34
31
30
30
29
27
27
26
24
23
22
21
21
19
16
14
13
12
10
10
