0
0
0
0
0
0
0
0
0
0
0
0
0
0
0
0
0
0
0
0
0
0
0
0
0
0
1
1
1
3
3
3
3
3
3
3
3
3
3
3
3
4
5
5
7
7
8
8
8
8
8
9
10
11
11
11
12
14
15
15
17
17
17
19
19
22
23
24
25
25
25
27
27
27
28
30
30
31
32
36
36
37
37
37
37
37
37
38
39
39
40
40
40
40
40
41
41
41
41
42
42
45
46
47
47
48
48
50
51
51
52
52
55
57
59
59
61
61
62
63
63
66
67
68
69
69
70
72
75
76
76
76
77
78
79
80
80
81
82
84
85
87
87
89
91
91
92
94
95
97
97
98
99
99
100
101
101
103
103
104
105
104
107
109
109
113
114
115
117
118
118
121
121
121
121
122
122
122
122
122
122
123
123
123
123
123
123
124
124
124
124
124
124
124
125
125
127
127
127
128
129
129
129
129
130
130
130
131
131
131
132
132
132
132
132
133
133
133
134
134
134
135
135
135
137
137
137
137
137
137
137
139
139
139
140
140
141
141
141
141
142
142
142
143
143
143
143
143
143
143
143
143
143
144
144
144
144
144
145
145
145
146
146
146
146
146
147
147
148
149
150
150
150
150
150
150
150
150
150
150
150
150
150
150
150
150
150
150
150
150
150
150
150
150
150
150
150
150
150
150
150
150
150
150
150
150
150
150
150
150
150
150
150
150
150
150
150
150
150
150
150
150
150
150
150
150
150
150
150
150
150
150
150
150
150
150
150
150
150
150
150
150
150
150
150
150
150
150
150
150
150
150
150
150
150
150
150
150
150
150
150
150
150
150
150
150
150
150
150
150
150
150
150
150
150
150
150
150
150
150
150
150
150
150
150
150
150
150
150
150
150
150
150
150
150
150
150
150
150
150
150
150
150
150
150
150
150
150
150
150
150
150
150
150
150
150
150
150
150
150
150
150
150
150
150
150
150
150
150
150
150
150
150
150
150
150
150
150
150
150
150
150
150
150
150
150
150
150
150
150
150
150
150
150
150
150
150
150
150
150
150
150
150
150
150
150
150
150
150
150
150
150
150
150
150
150
150
150
150
150
150
150
150
150
150
150
150
150
150
150
150
150
150
150
150
150
150
150
150
150
150
150
150
150
150
150
150
150
150
150
150
150
150
150
150
150
150
150
150
150
150
150
150
150
150
150
150
150
150
150
150
150
150
150
150
150
150
150
150
150
150
150
150
150
149
149
149
149
149
149
149
149
149
149
149
149
149
149
149
149
149
149
149
149
149
149
149
149
149
149
149
149
149
149
149
149
149
149
149
149
149
149
149
149
149
149
149
149
149
149
149
149
149
149
149
149
149
149
149
149
149
