0
0
0
0
0
0
0
0
0
0
0
0
0
0
0
0
1
1
1
1
1
1
1
1
1
1
1
1
1
1
1
1
1
1
1
1
1
2
2
2
3
3
3
3
3
3
4
5
5
5
5
5
5
5
5
5
6
6
8
8
9
9
10
11
13
14
14
16
16
16
16
18
20
22
24
24
24
25
27
27
28
28
28
29
30
30
31
31
32
32
33
34
35
37
37
37
38
39
42
42
42
43
43
43
44
46
48
50
51
52
53
53
53
55
57
58
58
59
59
60
60
62
62
62
62
63
64
65
66
68
69
70
70
71
74
76
77
78
78
79
83
84
85
85
88
89
89
89
89
90
90
91
93
93
94
94
95
95
95
97
98
100
102
102
103
104
106
106
108
108
109
110
111
112
112
112
115
115
115
115
115
115
117
118
118
119
119
119
120
120
120
120
120
120
120
120
120
120
120
120
120
120
120
120
121
121
121
121
121
121
122
122
122
122
122
122
123
123
123
123
123
123
123
123
123
123
124
125
125
125
125
125
125
125
125
125
126
126
126
126
126
126
127
128
128
128
128
128
128
128
128
128
128
128
128
129
129
129
129
130
130
131
131
133
133
133
133
133
133
133
133
133
133
133
135
137
137
138
138
139
140
140
141
143
143
144
145
147
147
148
148
148
148
149
149
150
150
151
151
151
151
151
151
152
152
152
152
152
152
153
153
155
155
155
155
155
155
155
155
155
155
155
155
155
155
155
155
156
156
156
156
156
156
156
157
157
157
157
157
157
157
157
157
157
157
157
157
157
157
157
159
159
159
159
159
159
159
159
159
159
159
160
160
161
161
161
162
162
162
162
163
163
163
163
163
163
163
163
163
163
163
163
163
163
163
163
163
163
163
163
163
163
163
163
163
163
163
163
163
163
163
163
163
163
163
163
163
163
163
163
163
163
163
163
163
163
163
163
163
163
163
163
163
163
163
163
163
163
163
163
163
163
163
163
163
163
163
163
163
163
163
163
163
163
163
163
163
163
163
163
163
163
163
163
163
163
163
163
163
163
163
163
163
163
162
162
162
162
162
162
162
162
162
162
162
162
162
162
162
162
162
162
162
162
162
162
162
162
162
162
162
162
162
162
162
162
162
162
162
162
162
162
162
162
162
162
162
162
162
162
162
162
162
162
162
162
162
162
162
162
162
162
162
162
162
162
162
162
162
162
162
162
162
162
162
162
162
162
162
162
162
162
162
162
162
162
162
162
162
162
162
162
162
162
162
162
162
162
162
162
162
162
162
162
162
162
162
162
162
162
162
162
162
162
162
162
162
162
162
162
162
162
162
162
162
162
162
162
162
162
162
162
162
162
162
162
162
162
162
162
162
