0
0
0
0
0
0
0
0
0
0
0
0
0
0
0
0
0
0
0
0
0
0
0
0
0
0
0
0
0
0
1
1
1
1
2
2
2
2
2
2
2
3
3
4
4
4
4
4
4
4
5
7
7
7
7
7
7
7
7
7
7
9
9
11
11
11
12
14
16
16
17
17
18
19
19
20
21
21
24
25
25
25
27
28
29
29
30
31
32
32
35
36
39
39
39
39
41
42
42
43
44
44
46
49
49
49
49
49
49
50
51
51
53
54
56
56
56
58
58
60
60
61
63
64
64
67
67
67
70
70
72
73
73
74
75
75
77
79
81
81
81
82
82
82
82
83
83
86
88
91
91
91
92
92
93
95
96
96
97
97
98
99
100
100
101
101
102
104
104
105
106
107
108
108
108
108
108
109
109
110
110
110
110
111
111
111
111
111
112
112
115
115
116
116
116
116
116
116
116
116
116
116
116
118
119
120
120
120
122
124
124
124
124
125
126
126
126
127
127
128
129
129
129
131
131
131
131
132
133
133
135
135
135
135
136
136
136
137
139
139
139
139
140
140
141
141
141
141
141
142
143
143
144
144
144
144
145
145
146
146
146
146
146
148
148
149
149
149
150
151
154
156
157
158
158
158
158
159
160
160
160
161
162
163
163
164
165
165
165
165
165
166
166
166
167
167
167
167
168
168
168
170
170
171
171
173
174
176
177
178
179
181
181
181
185
186
186
188
189
190
190
191
192
192
192
192
192
192
192
192
193
194
197
199
201
204
204
206
206
206
207
207
207
208
208
208
209
210
214
214
214
214
216
218
218
219
220
221
222
222
222
223
223
224
225
225
225
226
227
228
229
229
229
229
229
229
230
230
230
230
230
230
230
231
231
231
231
231
231
231
232
234
234
234
234
235
235
237
237
239
239
239
239
240
240
240
240
240
241
241
241
241
241
242
242
242
243
243
243
244
244
244
244
245
245
246
246
246
246
246
246
247
247
247
247
247
247
247
247
247
247
247
248
248
248
248
248
248
249
249
249
249
249
249
249
249
249
249
249
249
249
248
248
248
250
250
250
250
250
250
250
250
250
250
250
250
250
250
250
251
252
252
252
252
254
255
257
257
257
257
257
257
257
257
257
257
257
259
259
259
259
259
259
260
260
260
261
261
262
262
262
264
264
264
264
266
267
267
268
268
268
268
270
270
271
273
274
275
275
276
276
277
277
277
277
277
277
277
277
277
279
279
280
281
281
281
283
284
284
284
284
284
284
284
284
284
285
286
286
287
287
287
287
288
289
289
289
289
289
290
290
291
292
293
294
296
296
296
298
299
299
299
299
299
300
300
300
300
300
301
301
301
303
304
305
305
305
305
306
306
306
