0
65869
189921
286604
364132
428087
481185
524257
559385
587879
610913
630807
646005
657974
668932
676993
682957
688772
693389
696560
699019
700283
701986
702195
702549
702369
701413
700881
700246
698928
698094
696299
693987
691613
688720
685586
683157
680606
678668
676485
672555
669283
666683
663434
658872
654397
650020
645407
640451
635149
629432
624153
618386
611309
604493
596355
588778
581077
574316
566979
560503
554807
548673
542989
536081
530596
524911
519021
512818
506516
500976
495440
490314
484401
478846
473659
468538
462536
456886
450040
444549
437500
431430
425181
418311
412387
405384
399429
394211
389126
383843
379073
374074
370156
364976
359901
354961
350514
345861
341881
338334
334772
331943
328881
324631
321595
317178
313131
308547
304746
300925
297097
292353
287660
283741
281501
278790
276052
271860
267741
262601
255799
248014
238878
228497
217238
206255
196049
186218
177410
167628
157845
147780
138480
129815
122301
115390
109479
104802
100863
97077
94523
92436
91590
91076
92350
95010
99198
103676
108435
114000
119611
126242
132886
140184
149263
159263
169873
180457
191397
202867
213572
223661
233042
241040
248668
255776
262718
268161
272397
276264
278824
280574
281394
281649
281111
280071
278195
275795
272008
267250
262694
256636
251996
246342
240676
233775
225706
217493
210147
202889
195447
187649
180177
173494
168008
163355
158895
155587
152151
148866
145139
141359
137830
135402
132006
127728
123929
119259
113830
107870
102021
96208
90270
85382
80964
76882
72933
69072
65270
61750
59032
56248
53675
51358
49229
47330
45802
44822
43266
41406
38714
35683
32515
29452
26491
23844
21434
19099
16992
15080
13391
11855
10427
9147
8113
7152
6274
5536
4864
4327
3839
3388
3005
2716
2450
2205
1971
1741
1588
1424
1302
1189
1076
922
819
722
624
540
445
386
314
257
209
170
142
120
96
79
61
50
41
34
28
25
20
18
15
10
9
7
5
4
3
3
2
1
1
1
1
1
1
0
0
0
0
0
0
0
0
0
0
0
0
0
0
0
0
0
0
0
0
0
0
0
0
0
0
0
0
0
0
0
0
0
0
0
0
0
0
0
0
0
0
0
0
0
0
0
0
0
0
0
0
0
0
0
0
0
0
0
0
0
0
0
0
0
0
0
0
0
0
0
0
0
0
0
0
0
0
0
0
0
0
0
0
0
0
0
0
0
0
0
0
0
0
0
0
0
0
0
0
0
0
0
0
0
0
0
0
0
0
0
0
0
0
0
0
0
0
0
0
0
0
0
0
0
0
0
0
0
0
0
0
0
0
0
0
0
0
0
0
0
0
0
0
0
0
0
0
0
0
0
0
0
0
0
0
0
0
0
0
0
0
0
0
0
0
0
0
0
0
0
0
0
0
0
0
0
0
0
0
0
0
0
0
0
0
0
0
0
0
0
0
0
0
0
0
0
0
0
0
0
0
0
0
0
0
0
0
0
0
0
0
0
0
0
0
0
0
0
0
0
0
0
0
0
0
0
0
0
0
0
0
0
0
0
0
0
0
0
0
0
0
0
0
0
0
0
0
0
0
0
0
0
0
0
0
0
0
0
0
0
0
0
0
0
0
0
0
0
0
0
0
0
0
0
0
0
0
0
0
0
0
0
0
0
0
0
0
0
0
0
0
0
0
0
0
0
0
0
