0
65948
189654
285801
363215
427122
479504
523001
557997
587059
611161
630478
646557
658829
668812
676900
683763
689365
692904
696701
699058
701185
703044
703582
703687
703479
703001
702260
701203
699788
698247
696098
693441
691986
690214
687914
684991
681708
678500
676012
674195
670772
667407
663336
659789
655222
651025
646912
642318
637642
632366
628114
623576
617356
612201
605931
599456
593393
588513
583426
577908
572714
566328
559545
553858
546788
540723
533356
527220
520755
514401
507831
501129
493970
487879
480768
474352
468499
461711
454405
447021
439774
432505
424765
416995
409557
401600
394250
387675
381276
373796
367104
362379
357362
352287
347425
342784
337390
332055
325752
319965
313598
306121
298955
290996
283653
276203
267930
259817
252796
246245
239935
233118
226169
218998
211746
204861
199131
194016
188470
183319
177950
173029
169538
166576
162725
158959
154724
150006
145566
141714
139400
138021
137537
136783
136551
136464
137514
138641
140458
143340
146712
151650
157363
163581
169621
175483
181459
187464
193440
198726
203844
209672
213704
217572
221333
224764
227946
231274
233683
236163
237767
238771
239696
240477
240793
241373
241345
241550
240993
240615
239903
239206
237345
236188
235107
233172
232027
230064
226989
224478
222105
219994
218829
216923
215293
213430
211397
210740
209397
208418
207180
206551
206599
206092
205165
203390
201871
200833
200218
199029
198226
197054
195615
194409
193930
192974
190765
187940
185474
182475
179268
177088
174957
173247
172044
171070
169368
167678
165945
163430
161586
159901
157792
156203
155013
153517
151325
148580
145648
142970
140350
137855
135241
132347
128595
125214
122388
119927
117554
115285
112583
110963
110074
109808
109662
110014
110209
110536
110824
111189
111414
111136
110900
111051
111127
110722
110688
110053
109430
109346
110292
111827
113096
114076
114780
116247
117457
118702
120101
121346
122647
125076
127525
129933
132060
133532
134762
136294
137396
137413
137486
137625
137160
136460
136000
135617
135555
136273
136543
136688
135830
134861
133907
132107
129865
127356
124612
121716
119440
117332
116223
115341
114673
114379
113286
112137
111018
109827
108744
107178
105282
104189
103114
102066
100973
99598
98521
97894
96896
94810
92439
90238
88338
86040
84528
83676
82047
80690
78557
76886
75243
73895
73242
72515
72374
72492
72978
73820
74869
75976
78095
80003
82970
86552
90213
94041
97322
99961
102829
106487
110014
112626
115130
118195
121045
124298
127355
129754
131939
134358
136146
136668
137609
138632
140006
140047
139542
139318
139023
138509
138619
138034
137412
136811
135612
134545
133253
131812
129802
127631
125398
123543
121155
120209
118567
117192
115892
114874
114014
113053
112447
111690
110452
109456
108583
108202
108536
108897
108431
108032
107768
107424
106769
105944
105780
105707
104871
104224
103280
101891
99936
97249
94339
91607
89118
85902
83014
79571
76961
74483
72376
70555
68555
66881
65446
64387
63446
63183
63129
62770
62196
61176
60678
61009
61646
62951
63721
64758
65469
66481
68366
70888
73199
75914
78917
81974
84571
87739
90472
93074
95063
97274
99589
101446
103251
105041
106186
106825
107185
106982
107321
107401
107101
106892
106656
105992
105047
103145
100676
97470
94432
91358
88053
84775
81728
79122
76799
74399
72403
70178
67510
65492
63646
62335
61218
60697
60097
59319
58469
57366
56480
54982
53788
53138
53606
53965
55487
57431
60033
62598
65663
68867
72123
75443
78280
81180
83274
84397
84850
84945
85018
85162
85220
84791
83925
84110
84020
83422
82017
80383
78586
76983
75080
73950
72231
70425
68038
65489
62670
60013
57425
54680
52517
50620
48755
46803
44987
43547
41868
39992
38583
37114
34905
32433
29664
27104
24489
21880
19575
17380
15400
13536
11943
10475
9186
8005
6927
6016
5160
4477
3870
3391
2995
2648
2300
2002
1737
1550
1371
1186
1021
838
685
543
448
374
294
239
199
158
123
100
85
72
58
47
38
33
23
19
16
15
11
9
7
7
7
7
6
6
