0
65445
189985
285352
363266
427324
480735
523944
559383
588353
610935
630111
646241
659028
669145
677422
685172
690827
693462
697244
699502
701732
701999
703193
702916
702210
701133
702013
700464
699351
698132
695851
693234
691131
689707
687681
686240
682919
679614
676757
673276
669154
665899
662465
658982
655255
651018
646274
641362
636134
630921
625057
618874
613508
608394
602265
596143
590726
584506
577922
571352
564282
557611
550336
542737
535447
528620
521361
515298
509506
504432
499242
494516
490958
486522
481961
477499
473170
467882
461696
455358
449652
444486
438393
432647
427086
421247
414494
408558
402477
396382
391407
386343
380157
374186
367929
361832
355459
349966
343573
337945
333702
329966
326036
322475
319315
316193
314384
312065
308873
305822
303661
301877
300728
299202
297414
295190
292869
291320
289116
287479
285666
284788
283149
281070
279236
276384
273521
271839
269331
267416
265400
262590
260157
257522
255445
253139
250610
247983
245692
244551
243928
242957
242025
241325
241097
239865
238778
237092
234607
232453
230096
228246
225507
223442
221400
219419
217592
215846
215141
214716
213850
212880
211489
209677
208089
205933
203550
200674
198617
197007
195304
195093
194941
194628
193778
193672
193609
193318
192503
191251
190616
189844
188855
188099
187318
186541
185418
184958
184685
183802
183635
182817
182227
181585
180773
179881
178662
177707
177262
176672
175151
173654
172139
171249
170064
169184
168291
168087
167122
166181
164926
163335
162433
161812
160971
159424
158627
157915
157166
156559
155441
155145
154448
153804
151955
151340
150749
150339
150809
151434
151310
151481
150845
150242
149809
148901
148295
147680
146812
146524
145499
145038
144795
144512
143446
142652
141091
140104
138903
138033
136765
135476
134220
133759
133820
133114
132069
131300
130023
128937
128639
127757
126877
126809
126570
126115
125256
124457
124131
124354
124791
124828
124648
124557
124247
123981
123622
123381
122849
122121
121287
121158
120584
120549
120658
120589
120434
120511
120535
120390
120043
119567
118726
118205
117961
117677
117330
116832
116974
117307
117569
118286
118300
117750
117115
116535
115967
115439
115105
114887
115433
116049
116441
116327
115954
115694
115533
115449
115323
115221
114871
115117
114838
114872
114467
114125
113883
113794
113712
114130
114045
113709
114096
114993
115528
115940
116776
117269
117275
117080
117153
116965
116196
115745
115147
114646
114775
114539
114379
114124
113855
113836
114034
114002
113385
113499
112995
112583
112293
111838
111544
110985
111143
111346
111129
110924
111392
111481
111457
111338
111578
111340
111207
110959
110547
110549
110430
110029
109922
109718
109301
108577
107718
107034
106497
105672
105413
105108
104936
104299
104131
104208
105071
105368
105858
106185
106582
106960
106994
107203
107060
107072
106859
106753
107155
107548
107960
107825
107272
106619
105984
105202
104607
103665
102905
102517
102422
102197
102667
103242
103607
104465
104786
105239
105756
106257
106178
106033
105336
105186
105213
105155
105507
105166
105440
105612
105999
106328
106387
105799
105230
105464
105717
105916
105843
105907
105698
105685
105865
105942
105628
105249
105125
104554
104268
104710
105157
104988
104731
104381
104818
104679
104817
104528
104117
104041
104049
103782
103603
103334
102296
101279
100303
99398
99056
98422
97672
97459
97992
97562
97235
96850
96581
96364
95997
95710
95463
94441
93346
93078
92735
92687
92385
92113
92567
93064
93372
93693
93505
93594
93360
93259
92360
91756
91280
90770
90224
90013
89194
88590
88289
88204
87594
86697
85468
84446
83827
82982
82160
80820
79540
78224
76813
75134
73994
73206
73080
73094
73146
72871
72765
72928
73592
74264
74290
73892
73578
73047
72320
71438
70680
71137
71299
72037
73149
73565
74150
74905
76174
77825
79915
81748
83427
84443
85465
86059
86192
86182
85525
84898
84257
83556
82824
82078
81881
81551
81441
81358
81084
80393
79296
78111
77302
75950
74420
73155
71804
70303
68548
66177
63480
60289
57426
54113
50699
47270
44205
41206
38452
36017
33990
32117
30725
29699
28579
27166
25707
24434
22738
21177
