0
65365
189172
285434
363567
428067
480992
524024
559578
588553
612895
631943
646528
658931
669616
678348
685292
690717
695907
698131
700140
701598
703326
703486
703350
703389
702917
702276
700004
698208
696735
695522
694335
692641
689975
687693
684925
682402
679245
676384
673001
668882
664792
662058
658874
655044
651234
646655
641821
637752
633228
627681
623350
618244
613188
607388
601123
595174
588889
582889
576912
570014
563519
557043
549476
541791
533558
525219
516313
507320
497708
487699
478722
470195
462167
455091
449563
443295
438257
432797
427530
422530
418290
414090
409060
405404
400887
396670
392510
388304
383001
380206
378082
376391
374945
373796
372511
371003
368839
367487
365948
364205
363403
362494
360174
357959
355399
352770
349636
347310
343246
339849
335822
332527
327986
323269
317774
313025
307791
302690
298840
293825
290298
286699
282730
278529
274484
269194
264299
260108
255746
252762
249841
246596
243671
240691
237353
234489
231092
227126
223254
219910
216072
211538
207170
203706
200162
197357
195596
194438
193676
193951
194670
195105
194919
195157
196128
196526
196597
196425
196337
195762
194941
194553
193192
191696
189947
188085
186358
184529
182376
180672
179683
178605
179224
179721
180285
181040
182083
182825
184428
186434
188302
190061
191125
192104
192577
193322
194407
194907
195723
195679
196183
196462
196378
196173
195545
195484
195036
194041
193737
193174
192068
191480
189762
188536
186503
185131
182951
181208
179351
177403
175493
173752
171649
169552
167315
165034
163346
161662
160001
158907
156552
154331
152206
150209
148106
146670
144902
143457
142505
141600
140525
138882
137256
135402
133920
133160
132563
131351
130396
130004
129694
128846
127913
128117
127781
127059
126367
126045
125658
125317
124298
123834
123496
123133
122596
122873
123205
124081
124578
124530
125216
125543
126170
126267
126377
127164
127293
127492
127169
127422
127561
127680
127640
127491
127037
126458
125911
124733
124076
123588
123020
122687
122354
121640
121580
120920
120176
119271
118804
118658
118692
118500
118246
118627
118759
118664
118600
118784
118425
118358
117876
117397
117004
116896
117118
117022
117262
117948
118209
118486
118802
119094
119218
119250
118892
118542
118328
117833
117520
117062
116167
115431
115338
115143
115328
115162
114744
114379
113596
113335
112422
111450
110864
110337
109791
109702
109755
109779
109340
108864
108624
108611
108503
108744
108514
108285
107737
107071
106093
105905
105498
105303
105241
105199
105258
105737
106190
105776
105560
104890
104271
103657
102689
101841
100822
100447
100300
100319
99797
99186
98222
97680
97348
96681
96241
95580
95309
95553
95889
96053
96297
96703
96806
96822
97092
97297
97838
97917
97924
98446
99331
100869
101676
102869
104371
104758
104883
105054
104998
105160
104911
104721
104629
104626
104860
104682
103484
102828
101560
100361
99253
98493
97212
95804
94519
92917
91214
89128
86925
84818
83086
81069
79676
78536
77574
76916
76346
75675
74953
74117
73507
73650
73600
73401
72889
72760
72685
72978
73244
73787
74482
74720
75274
75652
77132
78447
79854
81313
82699
84077
84981
86789
88181
89172
90179
91188
91776
92177
92332
92730
92968
93185
92284
90828
89579
88180
86359
84586
82319
79647
77406
74771
72200
69691
67413
65142
63077
61277
59636
58187
57055
56180
55498
54619
54215
53631
53603
54653
56397
58816
62247
65628
68432
71654
74784
77718
80590
84100
87615
91051
93735
96051
97447
98034
98095
98223
98016
97636
96590
95498
93642
91032
88536
85725
83662
81816
80009
77421
74491
71059
67640
64098
60810
57470
53703
50068
46415
42801
39032
35391
32069
28865
25852
23265
20811
18453
16209
14250
12627
11142
9755
8526
7465
6580
5758
5062
4485
4023
3510
3006
2558
2236
1922
1629
1361
1124
920
755
645
534
450
380
306
258
206
180
144
111
91
74
59
47
39
32
28
26
19
16
15
13
8
7
5
5
4
3
2
2
2
2
2
2
0
0
0
0
0
0
0
