0
22
43
60
81
105
119
141
156
183
199
216
239
256
278
303
330
351
376
396
414
437
459
481
502
525
549
573
604
628
652
667
691
717
739
758
774
808
831
851
865
895
920
942
962
989
1016
1034
1055
1083
1102
1117
1139
1163
1184
1206
1230
1244
1261
1288
1308
1322
1335
1358
1381
1405
1421
1442
1473
1489
1514
1535
1559
1583
1600
1625
1656
1678
1695
1716
1742
1768
1784
1803
1822
1852
1868
1886
1910
1942
1973
1994
2021
2035
2052
2072
2101
2123
2147
2170
2197
2223
2244
2263
2289
2315
2337
2359
2382
2409
2439
2454
2478
2496
2518
2537
2553
2570
2596
2614
2644
2668
2690
2708
2736
2756
2774
2796
2812
2833
2854
2877
2902
2938
2957
2968
2991
3015
3030
3057
3072
3094
3117
3147
3168
3198
3215
3233
3254
3272
3295
3319
3340
3364
3387
3401
3421
3445
3468
3488
3504
3526
3550
3572
3588
3611
3634
3663
3680
3700
3717
3739
3760
3779
3802
3828
3848
3873
3894
3910
3936
3954
3973
4000
4025
4042
4072
4091
4107
4140
4162
4178
4200
4221
4244
4268
4282
4301
4321
4350
4371
4383
4406
4420
4434
4458
4475
4501
4522
4538
4555
4579
4600
4618
4637
4658
4684
4709
4726
4742
4765
4796
4819
4842
4861
4884
4907
4923
4950
4963
4987
5005
5032
5059
5081
5104
5122
5142
5162
5184
5203
5229
5262
5280
5299
5318
5347
5369
5387
5412
5427
5459
5488
5515
5540
5564
5588
5611
5631
5659
5675
5696
5716
5738
5761
5782
5803
5823
5848
5867
5886
5916
5935
5956
5987
5997
6017
6035
6060
6077
6100
6125
6146
6177
6193
6217
6239
6262
6283
6295
6321
6343
6363
6384
6401
6422
6435
6452
6469
6486
6503
6533
6555
6569
6591
6617
6640
6659
6685
6712
6731
6744
6755
6777
6799
6824
6849
6871
6886
6908
6928
6942
6970
6993
7020
7035
7069
7092
7110
7125
7147
7170
7198
7223
7242
7263
7299
7319
7343
7367
7385
7408
7432
7453
7470
7492
7513
7529
7553
7569
7587
7605
7623
7638
7652
7673
7690
7715
7735
7753
7774
7797
7823
7846
7872
7890
7911
7933
7954
7982
8008
8041
8050
8076
8099
8118
8136
8155
8170
8195
8217
8242
8260
8279
8306
8333
8356
8384
8404
8428
8460
8483
8504
8526
8542
8566
8583
8607
8625
8642
8665
8680
8698
8719
8745
8763
8790
8818
8837
8857
8874
8899
8917
8940
8961
8980
9002
9020
9034
9057
9074
9092
9113
9137
9159
9178
9201
9220
9237
9257
9279
9295
9314
9332
9359
9380
9402
9421
9441
9463
9483
9502
9523
9547
9567
9590
9611
9640
9661
9691
9712
9736
9754
9777
9804
9832
9857
9882
9905
9935
9950
9969
9996
10018
10047
10067
10090
10116
10131
10151
10163
10182
10201
10224
10249
10271
10298
10316
10346
10378
10401
10425
10440
10458
10474
10497
10515
10543
10566
10585
10604
10624
10643
10662
10684
10703
10727
10750
10773
10787
10809
10831
10846
10867
10886
10907
10935
10956
10976
10999
11020
11042
11057
11082
11098
11122
11140
11164
11186
11206
11230
11248
11270
11298
11322
11341
11365
11387
11408
11434
11466
11492
11507
11532
11544
11567
11589
11605
11631
11651
11677
11696
11716
11738
11764
11792
11822
11839
11854
11877
11896
11909
11937
11956
11974
12002
12022
12039
12061
12085
12110
12134
12152
12177
12198
12221
12251
12272
12286
12309
12321
12337
12363
12389
12416
12439
12473
12499
12522
12543
12567
12586
12609
12622
12647
12663
12680
12707
12727
12750
12776
12790
12811
12833
12843
12856
12880
12900
12920
12937
12955
