0
25
44
74
92
115
132
157
176
193
210
228
250
276
298
318
349
360
372
394
417
433
451
470
482
502
528
548
574
593
613
625
640
664
685
707
730
752
778
806
829
856
875
896
911
929
945
968
985
1010
1029
1051
1064
1079
1097
1120
1151
1166
1189
1213
1228
1250
1273
1296
1315
1341
1374
1401
1419
1432
1454
1474
1498
1517
1538
1560
1583
1604
1618
1636
1654
1671
1692
1709
1727
1744
1766
1790
1812
1829
1846
1860
1885
1907
1931
1955
1974
2006
2026
2040
2064
2084
2106
2129
2162
2185
2209
2231
2247
2270
2293
2322
2341
2361
2383
2404
2425
2445
2461
2480
2503
2521
2546
2574
2599
2619
2641
2657
2677
2692
2715
2736
2749
2777
2797
2815
2837
2862
2884
2908
2927
2949
2965
2986
3010
3030
3048
3066
3088
3115
3143
3156
3176
3200
3215
3232
3258
3278
3312
3336
3365
3383
3398
3421
3452
3470
3490
3514
3535
3563
3585
3606
3626
3648
3669
3690
3724
3741
3759
3785
3806
3827
3849
3865
3888
3915
3943
3966
3984
3999
4025
4051
4067
4088
4106
4127
4144
4165
4192
4214
4235
4260
4284
4299
4322
4341
4360
4380
4401
4422
4439
4465
4487
4510
4535
4552
4570
4583
4606
4625
4646
4679
4696
4714
4743
4764
4788
4800
4811
4826
4849
4866
4893
4919
4946
4965
4992
5008
5025
5041
5054
5071
5092
5115
5135
5156
5186
5208
5233
5252
5276
5295
5312
5326
5347
5363
5387
5408
5426
5447
5467
5493
5519
5545
5573
5588
5607
5632
5657
5678
5706
5734
5748
5768
5793
5827
5848
5867
5886
5898
5914
5930
5953
5967
5987
6011
6037
6060
6084
6107
6127
6147
6165
6185
6203
6226
6244
6266
6288
6313
6336
6352
6374
6395
6418
6441
6459
6474
6493
6515
6543
6563
6599
6622
6646
6672
6698
6714
6735
6751
6772
6801
6817
6839
6868
6888
6920
6947
6959
6985
7018
7035
7059
7078
7098
7119
7140
7163
7178
7208
7220
7241
7257
7272
7289
7315
7336
7356
7373
7395
7424
7447
7464
7488
7504
7518
7545
7568
7590
7615
7641
7661
7684
7700
7718
7743
7762
7776
7796
7824
7844
7872
7887
7916
7936
7958
7982
8003
8029
8057
8077
8094
8111
8135
8157
8175
8195
8214
8234
8253
8281
8307
8329
8350
8376
8389
8404
8422
8448
8486
8510
8533
8555
8574
8595
8624
8646
8663
8678
8691
8716
8735
8755
8786
8810
8835
8853
8874
8896
8916
8935
8955
8973
9002
9026
9048
9072
9092
9123
9143
9161
9180
9194
9218
9238
9258
9282
9301
9320
9336
9370
9388
9408
9426
9442
9465
9491
9509
9525
9541
9571
9599
9630
9653
9676
9697
9728
9751
9768
9788
9807
9825
9850
9866
9891
9912
9938
9958
9974
9995
10010
10030
10057
10082
10104
10126
10147
10171
10193
10211
10234
10257
10278
10311
10331
10360
10380
10407
10431
10451
10474
10495
10526
10543
10561
10583
10603
10623
10641
10661
10672
10695
10719
10745
10765
10784
10808
10828
10847
10865
10881
10905
10921
10940
10963
10990
11017
11039
11060
11079
11097
11119
11147
11170
11190
11212
11230
11252
11267
11285
11307
11326
11349
11369
11393
11419
11436
11459
11478
11500
11524
11541
11560
11586
11608
11639
11657
11671
11695
11716
11740
11761
11779
11803
11830
11859
11889
11910
11934
11956
11975
11994
12011
12025
12055
12078
12098
12123
12148
12172
12190
12208
12232
12257
12275
12294
12313
12333
12358
12374
12393
12419
12433
12454
12473
12495
12521
12544
12577
12592
12606
12626
12642
12666
12688
12705
12729
12752
12781
12806
12833
