0
21
38
57
81
103
131
148
170
190
205
223
243
264
286
309
324
345
375
398
414
442
462
481
504
519
550
581
601
621
635
651
679
706
730
750
775
790
809
826
843
875
891
904
932
954
975
993
1011
1031
1055
1082
1100
1113
1132
1152
1169
1188
1213
1236
1260
1284
1300
1308
1333
1355
1378
1397
1423
1443
1466
1488
1512
1528
1547
1565
1581
1607
1628
1651
1680
1714
1733
1755
1781
1806
1831
1852
1873
1895
1922
1950
1961
1983
2004
2023
2049
2071
2096
2111
2135
2153
2181
2205
2229
2244
2259
2283
2303
2323
2343
2357
2377
2393
2414
2429
2456
2470
2491
2504
2521
2540
2559
2576
2601
2617
2640
2659
2684
2692
2710
2728
2745
2770
2787
2808
2824
2849
2867
2887
2904
2917
2950
2976
2997
3016
3038
3053
3074
3091
3113
3132
3158
3181
3199
3227
3263
3282
3301
3321
3346
3363
3387
3412
3435
3457
3478
3494
3505
3521
3541
3567
3591
3607
3634
3654
3679
3698
3717
3742
3762
3786
3810
3831
3851
3865
3892
3918
3940
3963
3980
4004
4028
4045
4063
4085
4110
4126
4142
4162
4176
4207
4231
4253
4275
4291
4315
4342
4363
4383
4404
4417
4438
4462
4476
4496
4523
4547
4569
4592
4611
4631
4658
4686
4707
4733
4760
4789
4817
4843
4864
4887
4904
4930
4950
4966
4983
5000
5015
5033
5045
5063
5088
5113
5132
5151
5178
5202
5229
5246
5270
5289
5317
5338
5365
5389
5411
5430
5450
5470
5503
5522
5548
5564
5582
5601
5620
5641
5663
5687
5708
5735
5765
5780
5798
5818
5832
5850
5879
5903
5922
5948
5963
5987
6007
6040
6060
6076
6092
6115
6136
6153
6171
6190
6210
6232
6253
6274
6299
6322
6345
6364
6393
6409
6424
6441
6459
6486
6503
6533
6550
6576
6598
6624
6642
6673
6698
6708
6729
6742
6761
6777
6793
6817
6835
6860
6885
6905
6922
6941
6967
6989
7004
7019
7043
7061
7082
7108
7134
7150
7167
7195
7221
7237
7267
7286
7308
7331
7353
7371
7390
7405
7426
7449
7463
7483
7504
7517
7544
7576
7592
7619
7653
7672
7693
7707
7730
7748
7772
7792
7815
7839
7854
7882
7905
7926
7944
7969
7986
8007
8034
8061
8084
8106
8127
8153
8169
8184
8203
8229
8252
8273
8288
8302
8322
8341
8357
8374
8390
8414
8437
8462
8489
8514
8528
8552
8576
8603
8628
8642
8668
8690
8706
8732
8748
8768
8794
8810
8830
8850
8866
8892
8924
8954
8978
8995
9012
9035
9056
9086
9110
9138
9160
9185
9209
9235
9256
9279
9297
9315
9337
9364
9380
9393
9418
9440
9453
9471
9492
9526
9546
9561
9587
9610
9627
9650
9673
9695
9718
9736
9757
9777
9803
9824
9846
9872
9890
9913
9935
9956
9984
10005
10025
10038
10064
10087
10111
10139
10166
10183
10208
10240
10270
10293
10320
10335
10359
10377
10402
10420
10440
10459
10471
10488
10510
10536
10558
10580
10600
10616
10635
10652
10672
10697
10715
10738
10755
10770
10796
10822
10843
10861
10889
10918
10946
10967
10985
11000
11027
11050
11069
11089
11110
11138
11162
11186
11211
11227
11244
11259
11281
11309
11332
11355
11372
11402
11426
11442
11461
11485
11514
11538
11566
11591
11604
11629
11648
11674
11698
11722
11752
11773
11789
11813
11833
11856
11877
11909
11941
11962
11989
12012
12039
12064
12080
12095
12112
12145
12163
12181
12205
12220
12242
12268
12286
12307
12328
12353
12373
12392
12407
12431
12452
12480
12499
12527
12553
12575
12597
12619
12641
12664
12682
12696
12716
12739
12756
12777
12804
12828
12855
