0
27
57
83
102
122
142
162
183
211
234
255
269
293
309
324
345
364
379
400
427
452
475
492
501
515
541
567
592
611
633
657
687
704
729
744
757
775
794
815
835
857
884
908
926
951
980
999
1017
1037
1063
1079
1092
1117
1140
1155
1172
1197
1221
1246
1264
1284
1308
1326
1341
1361
1386
1403
1431
1453
1470
1487
1514
1534
1557
1579
1599
1621
1637
1658
1688
1710
1733
1747
1774
1797
1817
1840
1862
1876
1893
1920
1946
1970
1995
2013
2037
2065
2093
2120
2140
2161
2183
2203
2223
2247
2269
2285
2316
2344
2366
2382
2403
2423
2441
2464
2485
2509
2531
2560
2580
2597
2614
2640
2657
2678
2710
2734
2766
2788
2816
2836
2858
2889
2910
2928
2957
2978
3001
3017
3042
3055
3065
3088
3116
3130
3151
3175
3199
3223
3250
3265
3290
3313
3328
3351
3368
3385
3401
3426
3448
3469
3490
3507
3528
3546
3570
3590
3614
3638
3665
3687
3707
3731
3754
3774
3791
3818
3836
3869
3899
3918
3946
3963
3977
4002
4024
4043
4067
4080
4102
4124
4142
4162
4186
4204
4223
4241
4263
4290
4314
4334
4350
4376
4400
4418
4430
4449
4469
4491
4517
4541
4566
4590
4611
4635
4648
4670
4692
4717
4751
4768
4785
4803
4821
4836
4852
4871
4883
4904
4916
4936
4964
4979
4999
5027
5048
5074
5094
5120
5137
5165
5188
5209
5229
5247
5261
5280
5302
5330
5349
5369
5392
5415
5445
5467
5480
5508
5521
5544
5567
5592
5618
5639
5660
5676
5703
5720
5738
5754
5766
5785
5812
5844
5868
5889
5915
5942
5963
5983
6013
6038
6055
6077
6101
6120
6144
6165
6176
6201
6224
6246
6268
6288
6302
6319
6334
6350
6373
6399
6422
6443
6467
6487
6513
6533
6550
6569
6593
6616
6631
6655
6684
6703
6717
6739
6759
6775
6800
6828
6844
6863
6884
6899
6927
6957
6985
7004
7021
7051
7069
7088
7103
7114
7137
7154
7179
7196
7213
7235
7256
7268
7287
7304
7320
7334
7362
7381
7397
7420
7434
7461
7482
7500
7534
7554
7576
7603
7632
7648
7667
7684
7699
7724
7735
7763
7785
7812
7831
7853
7880
7895
7917
7931
7954
7983
8004
8018
8040
8062
8080
8100
8123
8146
8166
8184
8201
8227
8250
8281
8298
8320
8336
8348
8370
8390
8408
8436
8457
8473
8500
8526
8548
8565
8591
8611
8634
8660
8672
8692
8713
8732
8755
8775
8803
8824
8852
8872
8896
8916
8930
8946
8963
8982
9001
9026
9045
9064
9096
9123
9147
9171
9189
9206
9238
9258
9277
9298
9316
9340
9360
9383
9401
9420
9435
9457
9485
9515
9540
9559
9578
9606
9627
9647
9681
9708
9731
9748
9756
9775
9794
9816
9837
9853
9878
9899
9916
9940
9966
9990
10010
10030
10047
10062
10081
10104
10124
10151
10174
10189
10214
10233
10253
10277
10300
10327
10347
10375
10388
10411
10433
10453
10471
10493
10522
10543
10560
10584
10604
10632
10655
10675
10694
10711
10737
10756
10771
10794
10829
10842
10869
10888
10900
10917
10943
10962
10985
11003
11031
11055
11078
11094
11113
11129
11145
11171
11191
11209
11228
11241
11265
11284
11313
11332
11354
11373
11399
11418
11438
11453
11479
11497
11526
11549
11568
11591
11611
11630
11649
11672
11690
11708
11725
11746
11770
11780
11809
11828
11847
11868
11895
11920
11941
11966
11981
11996
12017
12039
12064
12086
12114
12142
12158
12185
12208
12237
12268
12288
12301
12313
12335
12356
12374
12393
12416
12430
12455
12477
12510
12525
12549
12569
12590
12609
12629
12652
12673
12694
12720
12735
12754
