0
24
45
64
86
100
115
139
160
179
200
215
234
252
278
296
320
335
353
372
394
413
439
456
483
501
525
543
559
571
582
604
628
658
678
697
722
740
764
785
811
827
833
849
868
885
907
936
952
972
996
1017
1029
1049
1071
1089
1115
1136
1152
1170
1192
1213
1233
1253
1273
1291
1309
1333
1357
1391
1413
1425
1453
1474
1497
1514
1544
1568
1586
1610
1629
1652
1673
1698
1722
1736
1755
1777
1795
1815
1829
1852
1867
1891
1910
1932
1948
1974
1999
2023
2044
2074
2090
2108
2134
2155
2178
2194
2215
2244
2265
2294
2313
2328
2351
2368
2386
2415
2433
2464
2483
2507
2530
2550
2573
2597
2621
2645
2668
2683
2712
2735
2762
2780
2802
2819
2844
2871
2900
2921
2939
2960
2982
2998
3015
3034
3056
3083
3102
3118
3132
3150
3171
3197
3217
3245
3267
3290
3310
3337
3356
3381
3401
3417
3441
3462
3492
3518
3537
3553
3577
3586
3607
3628
3659
3686
3708
3735
3755
3772
3800
3825
3845
3872
3899
3917
3935
3952
3970
3994
4008
4034
4060
4083
4100
4112
4134
4152
4179
4204
4228
4253
4277
4297
4322
4343
4363
4382
4401
4423
4442
4467
4491
4512
4532
4554
4569
4586
4615
4639
4665
4688
4711
4733
4757
4779
4800
4817
4838
4859
4885
4902
4921
4946
4967
4985
5012
5034
5059
5073
5101
5120
5145
5165
5192
5202
5222
5241
5258
5278
5301
5319
5344
5365
5386
5409
5425
5450
5467
5482
5507
5526
5550
5571
5591
5610
5631
5652
5675
5704
5723
5747
5757
5775
5788
5804
5829
5857
5875
5889
5905
5921
5948
5970
5999
6025
6038
6059
6073
6097
6115
6131
6143
6166
6191
6205
6241
6264
6290
6323
6341
6356
6380
6398
6421
6440
6459
6482
6502
6521
6543
6572
6590
6615
6640
6670
6693
6725
6743
6768
6783
6809
6829
6863
6885
6906
6934
6954
6971
6991
7009
7032
7054
7071
7096
7113
7131
7148
7166
7188
7209
7221
7242
7264
7285
7306
7327
7347
7364
7394
7417
7440
7458
7473
7491
7511
7531
7556
7585
7600
7622
7641
7668
7683
7707
7723
7738
7762
7794
7815
7839
7860
7881
7907
7931
7953
7969
7988
8010
8033
8053
8071
8093
8110
8132
8150
8174
8193
8215
8233
8260
8284
8301
8320
8343
8361
8384
8400
8422
8443
8461
8477
8504
8521
8535
8558
8587
8615
8630
8663
8683
8701
8726
8751
8773
8793
8817
8843
8864
8890
8908
8930
8949
8970
8995
9007
9024
9044
9072
9093
9111
9128
9143
9167
9187
9207
9223
9249
9267
9287
9315
9338
9354
9381
9394
9411
9436
9452
9476
9501
9518
9534
9551
9576
9600
9625
9649
9672
9688
9710
9729
9747
9769
9791
9815
9838
9863
9889
9906
9934
9954
9966
9988
10009
10036
10056
10075
10098
10115
10138
10161
10181
10195
10220
10241
10262
10280
10300
10319
10341
10358
10382
10408
10425
10452
10473
10495
10512
10531
10549
10564
10581
10603
10631
10651
10677
10695
10716
10738
10758
10778
10798
10819
10836
10856
10876
10899
10923
10945
10969
10988
11016
11038
11068
11089
11108
11124
11147
11163
11185
11206
11227
11252
11272
11289
11309
11338
11359
11385
11407
11432
11463
11484
11504
11518
11541
11564
11590
11609
11642
11660
11678
11699
11713
11739
11759
11784
11812
11834
11855
11874
11885
11910
11932
11955
11980
12006
12025
12048
12070
12091
12110
12123
12143
12165
12184
12212
12231
12260
12281
12300
12321
12350
12371
12394
12415
12434
12451
12465
12496
12515
12538
12553
12582
12610
12633
12655
12681
12705
12727
12740
