0
10
40
121
209
331
459
558
649
776
871
955
1029
1092
1148
1208
1248
1301
1339
1384
1378
1422
1436
1468
1470
1519
1535
1563
1536
1561
1578
1593
1596
1616
1604
1588
1549
1527
1507
1514
1508
1475
1484
1448
1422
1392
1382
1356
1347
1322
1317
1301
1298
1285
1246
1231
1223
1207
1220
1172
1164
1123
1111
1104
1110
1096
1086
1100
1066
1037
1012
1022
989
974
964
957
935
927
925
905
912
889
879
874
862
864
872
864
860
867
859
881
875
880
885
866
881
886
886
882
871
864
864
864
894
890
893
896
898
900
908
894
886
892
864
857
848
852
844
851
823
825
809
780
759
740
738
735
728
725
717
714
712
694
707
701
707
711
699
694
691
692
694
696
688
682
671
673
671
678
675
676
646
612
595
585
575
561
548
560
538
533
514
524
527
529
515
510
518
510
500
493
492
491
476
492
475
471
455
449
445
432
417
411
414
410
399
399
397
385
383
373
366
370
388
382
394
420
436
462
461
472
484
482
478
482
505
508
520
525
547
522
498
483
467
445
423
402
391
383
376
375
374
380
375
377
387
394
396
391
392
395
395
403
411
413
413
410
421
421
416
429
432
440
463
478
482
508
524
548
596
636
670
707
745
785
850
867
894
918
949
997
997
1020
1047
1035
1012
987
966
930
897
868
845
792
734
685
638
602
569
528
491
462
421
396
368
341
320
298
270
253
236
217
202
186
167
153
137
127
114
97
91
88
79
71
66
62
57
53
45
40
37
29
25
23
22
20
19
15
14
14
13
13
13
11
9
9
9
7
6
6
6
4
4
4
4
4
4
4
3
2
2
2
2
1
1
0
0
0
0
0
0
0
0
0
0
0
0
0
0
0
0
0
0
0
0
0
0
0
0
0
0
0
0
0
0
0
0
0
0
0
0
0
0
0
0
0
0
0
0
0
0
0
0
0
0
0
0
0
0
0
0
0
0
0
0
0
0
0
0
0
0
0
0
0
0
0
0
0
0
0
0
0
0
0
0
0
0
0
0
0
0
0
0
0
0
0
0
0
0
0
0
0
0
0
0
0
0
0
0
0
0
0
0
0
0
0
0
0
0
0
0
0
0
0
0
0
0
0
0
0
0
0
0
0
0
0
0
0
0
0
0
0
0
0
0
0
0
0
0
0
0
0
0
0
0
0
0
0
0
0
0
0
0
0
0
0
0
0
0
0
0
0
0
0
0
0
0
0
0
0
0
0
0
0
0
0
0
0
0
0
0
0
0
0
0
0
0
0
0
0
0
0
0
0
0
0
0
0
0
0
0
0
0
0
0
0
0
0
0
0
0
0
0
0
0
0
0
0
0
0
0
0
0
0
0
0
0
0
0
0
0
0
0
0
0
0
0
0
0
0
0
0
0
0
0
0
0
0
0
0
0
