0
10
47
120
207
329
437
554
649
747
822
902
985
1053
1115
1173
1203
1247
1279
1322
1370
1402
1433
1462
1502
1507
1552
1547
1563
1571
1574
1558
1568
1559
1562
1555
1531
1555
1564
1544
1527
1503
1488
1465
1452
1458
1422
1404
1407
1397
1344
1305
1295
1281
1258
1256
1224
1221
1214
1220
1188
1136
1106
1112
1102
1081
1059
1017
1018
1003
982
978
952
945
937
909
890
883
876
886
885
879
878
858
871
886
881
891
891
876
853
842
855
848
839
810
807
799
795
784
787
786
780
789
791
799
804
806
820
819
808
799
812
826
811
813
799
806
791
780
790
798
797
799
807
787
793
801
807
806
791
801
798
805
823
849
831
846
834
807
830
822
808
821
823
831
821
819
815
783
774
768
759
757
767
745
750
750
764
766
774
770
748
762
760
762
749
750
765
762
764
747
741
748
768
763
773
781
789
800
775
782
765
770
779
787
799
801
817
836
832
823
821
822
822
820
806
827
829
820
840
820
810
804
818
822
839
860
848
861
877
870
856
863
851
853
871
868
872
852
852
849
855
829
834
846
841
831
828
828
833
820
829
840
848
834
854
827
831
819
831
827
838
821
802
805
803
812
788
795
785
774
767
772
779
800
796
802
784
779
815
827
835
856
848
854
852
826
831
850
865
870
860
872
900
895
872
869
886
887
893
865
872
872
866
861
858
872
873
860
868
848
827
823
832
821
823
826
819
827
820
813
823
811
837
828
819
812
813
797
809
783
764
761
765
757
740
747
747
739
760
747
747
758
757
763
780
794
810
818
842
829
814
811
828
835
828
828
823
804
818
827
852
862
851
853
867
881
869
866
858
842
833
832
847
836
827
798
783
779
760
734
704
680
641
605
577
555
526
487
456
432
409
391
367
332
302
275
254
241
226
207
196
178
165
161
147
135
123
115
105
97
87
81
74
67
63
54
51
48
46
42
38
35
32
28
23
21
20
20
19
17
17
14
12
10
9
9
7
7
7
7
6
5
5
5
5
5
4
4
3
2
2
2
1
1
1
1
1
1
1
1
1
0
0
0
0
0
0
0
0
0
0
0
0
0
0
0
0
0
0
0
0
0
0
0
0
0
0
0
0
0
0
0
0
0
0
0
0
0
0
0
0
0
0
0
0
0
0
0
0
0
0
0
0
0
0
0
0
0
0
0
0
0
0
0
0
0
0
0
0
0
0
0
0
0
0
0
0
0
0
0
0
0
0
0
0
0
0
0
0
0
0
0
0
0
0
0
0
0
0
0
0
0
0
0
0
0
0
0
0
0
0
0
0
0
0
0
0
0
0
0
0
0
0
0
0
0
0
0
0
0
0
0
0
0
0
0
0
0
0
0
0
0
0
0
0
0
0
0
0
0
0
0
0
0
0
0
0
0
0
