0
109
167
189
173
172
165
126
110
104
104
97
106
102
111
100
125
113
112
108
114
137
126
140
149
158
146
166
169
194
199
188
199
220
227
244
247
278
276
275
291
308
314
327
334
369
382
398
397
409
423
456
482
516
526
558
582
611
628
649
686
723
735
780
825
861
895
939
973
1009
1066
1095
1143
1212
1254
1294
1340
1379
1417
1474
1529
1579
1645
1687
1736
1812
1863
1911
1951
2011
2065
2130
2198
2258
2298
2352
2401
2443
2496
2550
2582
2639
2705
2767
2852
2913
2968
3028
3074
3110
3174
3218
3284
3355
3416
3455
3505
3568
3633
3705
3758
3819
3891
3959
3989
3999
4034
4063
4099
4124
4113
4115
4109
4084
4103
4108
4135
4154
4142
4152
4191
4197
4198
4235
4260
4298
4320
4354
4375
4409
4415
4454
4492
4524
4537
4565
4584
4614
4653
4662
4669
4684
4719
4742
4768
4802
4844
4898
4944
4973
4991
5012
5016
5074
5127
5165
5216
5278
5345
5422
5511
5580
5649
5734
5842
5926
6006
6101
6190
6314
6421
6514
6604
6704
6815
6911
7004
7117
7210
7317
7430
7518
7629
7729
7847
7945
8055
8156
8260
8368
8472
8582
8676
8801
8898
8999
9105
9216
9315
9408
9509
9601
9716
9844
9959
10061
10153
10250
10364
10490
10605
10702
10808
10926
11020
11136
11238
11341
11438
11532
11651
11745
11861
11967
12068
12159
12268
12388
12492
12584
12687
12787
12893
13016
13118
13215
13330
13445
13538
13637
13728
13838
13944
14036
14138
14243
14341
14448
14545
14663
14774
14874
14969
15071
15167
15262
15354
15458
15563
15680
15778
15893
15999
16106
16216
16334
16438
16527
16633
16730
16854
16939
17052
17163
17269
17360
17470
17566
17671
17768
17885
18010
18115
18216
18308
18411
18513
18617
18726
18821
18927
19044
19150
19251
19346
19450
19548
19643
19750
19852
19937
20049
20150
20269
20382
20487
20593
20697
20803
20907
21040
21162
21277
21359
21454
21556
21679
21762
21862
21967
22075
22164
22266
22377
22491
22616
22727
22844
22957
23051
23137
23235
23331
23431
23530
23664
23754
23836
23933
24044
24157
24255
24362
24450
24562
24649
24741
24853
24965
25062
25189
25285
25383
25472
25577
25665
25763
25847
25958
26064
26157
26255
26349
26447
26563
26676
26764
26891
26980
27084
27190
27302
27396
27505
27607
27698
27805
27905
28016
28111
28215
28324
28448
28530
28619
28725
28819
28901
29014
29109
29213
29324
29435
29538
29635
29725
29826
29924
30036
30130
30236
30349
30449
30552
30646
30753
30869
30977
31081
31166
31284
31390
31493
31601
31688
31802
31899
32008
32109
32185
32298
32406
32499
32605
32716
32821
32936
33033
33146
33258
33362
33473
33570
33686
33775
33871
33986
34090
34197
34295
34401
34519
34627
34724
34829
34908
35017
35132
35245
35345
35431
35519
35633
35733
35863
35959
36075
36172
36251
36361
36465
36557
36629
36725
36814
36926
37027
37113
37213
37309
37415
37514
37614
37719
37826
37932
38030
38122
38225
38329
38434
38539
38652
38752
38845
38940
39047
39169
39272
39360
39465
39573
39675
39801
39896
39979
40091
40197
40288
40399
40497
40590
40701
40797
40880
40992
41084
41184
41281
41382
41486
41587
41685
41787
41883
41978
42077
42188
42273
42362
42459
42557
42652
42756
42860
42976
43070
43161
43252
43342
43441
43536
43638
43750
43857
43954
44029
44153
44241
44342
44434
44538
44649
44761
44856
44953
45047
45153
45258
45361
45456
45550
45645
45731
45836
45921
46018
46126
46209
46308
46402
46502
46597
46700
46799
46896
46982
47059
47151
47258
47360
47444
47556
47652
47728
47824
47898
47990
48074
48182
48283
