0
115
167
195
184
196
170
142
135
127
118
111
104
121
121
107
121
114
140
137
136
124
125
147
167
158
163
186
181
165
179
206
242
231
222
220
250
267
252
255
263
274
300
327
354
379
410
398
424
440
474
474
485
507
534
567
611
653
680
711
722
778
798
828
851
907
956
1030
1086
1150
1187
1226
1254
1283
1334
1379
1447
1529
1596
1638
1686
1749
1809
1885
1956
2040
2125
2193
2295
2361
2420
2483
2557
2636
2744
2840
2916
2998
3100
3195
3285
3389
3486
3574
3671
3788
3894
4004
4112
4223
4320
4430
4550
4657
4754
4861
4967
5088
5188
5290
5410
5520
5634
5741
5863
5959
6063
6163
6272
6365
6464
6566
6676
6784
6908
7001
7125
7237
7343
7433
7559
7690
7781
7885
7988
8092
8225
8348
8461
8583
8694
8802
8909
9006
9126
9230
9336
9445
9532
9637
9743
9855
9975
10076
10182
10294
10412
10517
10614
10732
10849
10985
11107
11214
11312
11401
11515
11616
11703
11810
11915
12013
12109
12209
12303
12401
12512
12626
12726
12831
12953
13040
13158
13249
13348
13439
13546
13641
13732
13839
13942
14036
14136
14234
14337
14436
14531
14678
14779
14896
14995
15114
15201
15302
15397
15508
15603
15701
15805
15922
16030
16140
16246
16357
16475
16586
16692
16785
16898
17011
17124
17215
17326
17426
17550
17640
17757
17858
17961
18056
18154
18245
18359
18474
18599
18696
18820
18914
19020
19107
19223
19324
19437
19560
19668
19776
19889
19985
20096
20183
20275
20381
20464
20560
20660
20764
20854
20954
21077
21179
21289
21382
21483
21573
21665
21753
21865
21938
22052
22154
22268
22379
22501
22596
22712
22827
22912
22996
23084
23180
23280
23375
23483
23574
23678
23797
23893
24003
24105
24214
24319
24424
24511
24631
24727
24849
24955
25044
25150
25278
25379
25486
25583
25671
25787
25902
26006
26118
26214
26313
26419
26534
26630
26722
26842
26948
27031
27138
27252
27367
27477
27595
27709
27817
27910
28018
28133
28234
28330
28442
28547
28654
28749
28851
28949
29059
29165
29262
29373
29496
29601
29717
29842
29951
30036
30139
30222
30322
30426
30529
30631
30720
30817
30920
31035
31117
31219
31310
31425
31525
31619
31714
31807
31880
31980
32082
32214
32322
32418
32515
32613
32708
32820
32914
33026
33139
33243
33350
33466
33572
33663
33756
33857
33952
34049
34160
34240
34338
34449
34540
34645
34760
34848
34954
35057
35160
35248
35359
35455
35534
35643
35745
35864
35954
36046
36141
36257
36347
36458
36567
36653
36744
36839
36931
37050
37162
37258
37384
37475
37564
37661
37757
37868
37961
38083
38176
38259
38354
38453
38551
38635
38743
38843
38953
39045
39142
39239
39349
39441
39529
39632
39714
39799
39910
40020
40116
40212
40302
40426
40514
40618
40709
40816
40900
40997
41097
41202
41318
41438
41524
41627
41714
41821
41916
42010
42118
42199
42288
42389
42495
42597
42681
42778
42885
42982
43111
43221
43320
43413
43501
43617
43705
43801
43904
44002
44112
44199
44290
44397
44485
44578
44679
44782
44881
44981
45077
45184
45272
45365
45460
45572
45665
45766
45868
45973
46073
46185
46284
46394
46515
46585
46670
46762
46852
46978
47070
47163
47253
47347
47452
47568
47665
47763
47853
47948
48051
48152
48238
48336
48420
48528
48629
48733
48810
48912
49002
49093
49181
49264
49358
49440
49536
49642
49729
49834
49949
50055
50152
50254
50346
50437
50533
50644
50742
50856
50964
51060
51170
51265
51364
51446
51531
51624
51723
51815
51892
51987
52101
52219
52325
52429
52522
52607
52697
52819
52909
53000
53096
53194
53293
53398
53511
53611
53708
53806
53885
53987
54073
54184
54275
54392
