0
118
179
202
200
202
169
141
152
134
96
109
96
109
93
109
104
113
112
115
126
135
131
145
158
173
153
164
173
183
185
210
210
211
235
232
241
238
238
231
255
275
287
306
313
350
339
370
399
404
413
444
461
495
515
561
564
613
666
688
720
775
789
860
897
949
990
1066
1107
1154
1196
1229
1271
1295
1333
1376
1421
1443
1474
1518
1556
1591
1646
1684
1738
1778
1819
1890
1955
1991
2043
2086
2144
2197
2264
2317
2379
2436
2481
2553
2629
2698
2796
2868
2954
3047
3136
3232
3329
3420
3545
3650
3762
3868
3979
4088
4189
4292
4410
4519
4616
4736
4850
4953
5054
5156
5271
5372
5483
5578
5695
5796
5913
6007
6101
6197
6308
6434
6545
6651
6761
6867
6968
7075
7185
7270
7381
7504
7633
7757
7858
7957
8071
8173
8288
8374
8478
8580
8712
8812
8908
9017
9105
9210
9306
9416
9519
9614
9739
9840
9945
10053
10164
10284
10402
10517
10631
10728
10837
10934
11038
11150
11249
11357
11481
11593
11716
11825
11934
12042
12131
12242
12333
12440
12533
12630
12733
12835
12933
13028
13127
13257
13374
13477
13568
13660
13778
13875
13964
14051
14141
14241
14345
14430
14527
14622
14715
14806
14910
15014
15116
15208
15320
15420
15544
15640
15755
15881
15987
16091
16212
16313
16413
16534
16655
16758
16843
16970
17084
17197
17288
17382
17494
17598
17673
17768
17870
17981
18085
18196
18292
18393
18498
18603
18699
18814
18927
19021
19111
19213
19321
19411
19514
19625
19750
19857
19959
20062
20178
20279
20406
20517
20601
20706
20813
20911
21014
21120
21239
21330
21417
21534
21637
21742
21829
21956
22062
22168
22276
22373
22476
22576
22696
22802
22905
22992
23101
23205
23290
23409
23510
23601
23705
23817
23928
24029
24139
24252
24353
24445
24558
24677
24781
24887
24993
25094
25198
25286
25385
25485
25598
25712
25821
25916
26029
26124
26222
26317
26432
26538
26631
26730
26829
26932
27019
27130
27238
27320
27408
27519
27620
27724
27834
27934
28035
28145
28240
28344
28441
28543
28653
28738
28856
28964
29075
29175
29292
29408
29511
29607
29726
29845
29944
30065
30158
30265
30361
30451
30537
30649
30762
30851
30959
31081
31197
31303
31408
31524
31616
31721
31817
31920
32019
32126
32220
32321
32431
32523
32634
32741
32845
32972
33063
33154
33254
33360
33453
33554
33671
33770
33858
33968
34058
34158
34268
34367
34477
34582
34674
34766
34867
34988
35104
35204
35291
35376
35481
35589
35694
35793
35890
36003
36110
36218
36315
36417
36512
36614
36721
36807
36912
37005
37121
37203
37308
37412
37508
37598
37708
37816
37913
38020
38135
38235
38340
38429
38525
38623
38728
38818
38912
39007
39112
39228
39321
39414
39514
39614
39720
39824
39918
40014
40129
40258
40340
40440
40539
40615
40708
40822
40906
41013
41125
41221
41326
41433
41520
41634
41732
41825
41925
42019
42109
42220
42321
42401
42502
42600
42708
42812
42909
43005
43092
43206
43304
43402
43511
43600
43720
43809
43931
44042
44153
44247
44349
44435
44551
44656
44761
44863
44972
45070
45168
45262
45353
45442
45537
45638
45725
45820
45921
46005
46103
46194
46290
46382
46482
46582
46701
46798
46882
46986
47083
47185
47288
47396
47483
47605
47705
47790
47880
47974
48085
48198
48294
48381
48465
48567
48658
48748
48851
48930
49041
49130
49234
49325
49433
49545
49627
49715
49805
49902
49999
50100
50206
50300
50393
50487
50586
50689
50781
50875
50972
51066
51158
51255
51372
51487
51584
51670
51773
51872
51972
52043
52129
52238
52328
52441
52519
52621
52704
52807
52901
53027
53149
53241
53355
53446
53533
53621
53715
