0
105
178
202
208
175
160
137
137
123
126
109
119
96
108
113
111
117
118
137
148
146
136
133
150
166
186
184
186
187
207
201
212
241
224
226
236
252
275
299
290
317
339
344
356
350
364
381
400
420
421
443
441
461
502
526
557
583
592
614
644
645
680
698
713
741
794
850
891
931
945
985
1006
1008
1043
1075
1098
1133
1150
1173
1213
1256
1300
1352
1407
1481
1523
1548
1594
1622
1686
1716
1784
1811
1835
1883
1928
1952
1979
2023
2062
2122
2163
2210
2266
2333
2384
2425
2502
2553
2623
2679
2732
2797
2857
2926
3018
3080
3158
3223
3315
3389
3451
3522
3576
3661
3734
3810
3870
3957
4033
4085
4162
4245
4319
4380
4430
4477
4522
4564
4619
4649
4694
4738
4763
4783
4825
4834
4824
4828
4848
4851
4880
4892
4884
4902
4922
4909
4923
4937
4905
4898
4859
4889
4878
4893
4906
4894
4914
4910
4903
4906
4918
4899
4896
4904
4935
4953
4986
4997
5019
5054
5064
5091
5109
5120
5143
5141
5187
5211
5220
5242
5245
5263
5267
5283
5319
5333
5348
5377
5391
5422
5462
5482
5537
5544
5578
5592
5630
5669
5703
5728
5778
5812
5831
5877
5900
5929
5977
6020
6024
6062
6100
6153
6185
6252
6299
6346
6388
6406
6427
6479
6525
6575
6633
6680
6745
6805
6846
6888
6922
6982
7035
7079
7132
7174
7214
7256
7312
7347
7400
7449
7502
7553
7604
7646
7682
7707
7755
7788
7824
7848
7888
7943
7988
8006
8046
8089
8147
8172
8204
8255
8267
8273
8306
8321
8351
8387
8387
8416
8439
8466
8478
8490
8492
8521
8543
8564
8570
8588
8598
8624
8683
8708
8726
8756
8792
8829
8870
8895
8960
8991
9038
9056
9110
9156
9203
9237
9250
9287
9329
9375
9423
9463
9494
9562
9619
9668
9726
9765
9799
9862
9926
9985
10045
10109
10154
10188
10240
10293
10341
10400
10467
10550
10618
10704
10781
10819
10863
10897
10941
10995
11003
11035
11042
11054
11077
11102
11116
11140
11159
11169
11167
11178
11182
11169
11164
11158
11138
11128
11130
11115
11119
11120
11101
11063
11053
11027
11008
11031
11034
11020
11022
11025
11034
11056
11068
11070
11097
11087
11097
11101
11128
11144
11164
11182
11208
11213
11215
11226
11236
11267
11280
11320
11364
11407
11439
11445
11468
11509
11534
11585
11599
11616
11633
11646
11696
11725
11738
11740
11785
11815
11857
11901
11945
11992
12042
12104
12168
12218
12276
12325
12383
12429
12469
12522
12576
12622
12681
12735
12785
12833
12884
12938
12992
13038
13092
13142
13194
13243
13285
13322
13356
13369
13388
13419
13430
13424
13412
13422
13433
13421
13422
13421
13441
13438
13445
13464
13476
13513
13498
13496
13530
13538
13557
13549
13550
13548
13579
13629
13646
13675
13688
13724
13756
13815
13858
13911
13944
13968
14009
14053
14113
14159
14221
14280
14340
14364
14406
14454
14493
14536
14608
14667
14728
14775
14833
14875
14916
14943
14971
14997
15037
15052
15083
15096
15104
15140
15155
15193
15221
15266
15266
15280
15320
15340
15338
15341
15340
15370
15388
15435
15479
15490
15526
15545
15613
15647
15690
15761
15792
15843
15894
15955
16011
16077
16139
16197
16276
16358
16406
16484
16557
16634
16719
16796
16891
16989
17100
17186
17264
17354
17455
17553
17655
17783
17889
18017
18119
18211
18307
18406
18511
18609
18706
18809
18912
19011
19123
19254
19365
19461
19553
19664
19769
19882
20009
20111
20209
20322
20432
20533
20635
20733
20838
20952
21056
21157
21265
21366
21477
21582
21690
21802
21897
22012
22096
22192
22285
22382
22485
