0
103
171
178
173
165
141
130
122
113
126
108
112
112
118
112
122
125
119
103
123
108
112
136
156
152
157
173
191
191
189
222
232
216
227
247
252
249
264
279
311
290
309
302
341
366
358
388
406
421
450
448
477
501
544
568
605
631
653
663
689
695
733
756
784
809
885
903
942
957
985
1000
1037
1073
1101
1126
1147
1165
1209
1250
1280
1320
1350
1368
1363
1404
1451
1496
1518
1537
1592
1608
1653
1691
1728
1758
1798
1847
1879
1930
1993
2053
2072
2110
2153
2177
2213
2260
2315
2340
2374
2406
2444
2458
2504
2543
2587
2636
2689
2713
2751
2765
2798
2823
2851
2889
2933
2973
3011
3056
3087
3122
3165
3196
3212
3238
3280
3297
3310
3332
3360
3390
3440
3456
3474
3522
3561
3594
3653
3706
3743
3786
3821
3858
3910
3949
3984
4019
4043
4090
4095
4126
4151
4197
4237
4267
4321
4373
4463
4499
4525
4588
4620
4649
4689
4719
4757
4787
4810
4836
4849
4890
4935
4964
4997
5032
5064
5105
5150
5178
5235
5281
5302
5320
5373
5407
5436
5480
5493
5530
5588
5624
5644
5677
5717
5747
5783
5810
5837
5854
5893
5920
5952
5987
6016
6035
6068
6087
6123
6141
6188
6224
6293
6344
6376
6398
6421
6461
6479
6517
6529
6558
6611
6659
6711
6740
6791
6848
6888
6917
6947
6996
7062
7105
7133
7169
7200
7239
7266
7303
7340
7383
7425
7464
7504
7541
7577
7619
7680
7707
7706
7750
7795
7825
7850
7880
7900
7943
7977
8003
8032
8062
8110
8134
8162
8181
8200
8223
8252
8288
8331
8361
8396
8442
8487
8507
8529
8549
8584
8630
8655
8695
8734
8775
8817
8852
8901
8937
8998
9039
9082
9111
9146
9186
9225
9250
9281
9320
9355
9357
9371
9379
9416
9430
9446
9486
9504
9546
9576
9626
9677
9699
9731
9776
9803
9833
9863
9859
9894
9936
9960
9989
10045
10073
10104
10132
10182
10209
10241
10252
10294
10326
10338
10352
10396
10404
10426
10457
10486
10495
10535
10558
10588
10601
10613
10649
10654
10663
10678
10717
10746
10762
10780
10775
10790
10793
10814
10840
10853
10886
10879
10912
10930
10947
10976
10995
11008
11038
11052
11065
11083
11114
11138
11144
11161
11179
11195
11219
11236
11260
11323
11324
11338
11366
11374
11399
11423
11441
11445
11467
11485
11477
11516
11538
11547
11549
11533
11548
11597
11599
11624
11659
11686
11699
11721
11758
11801
11837
11848
11875
11876
11901
11933
11948
11975
12000
12007
12004
12010
12034
12082
12098
12117
12132
12145
12163
12180
12175
12193
12207
12204
12199
12225
12224
12240
12244
12280
12283
12325
12343
12358
12357
12400
12416
12423
12427
12464
12471
12458
12452
12484
12485
12505
12523
12527
12562
12588
12622
12630
12641
12653
12665
12682
12695
12719
12763
12795
12823
12853
12870
12875
12909
12947
12966
12978
12997
13014
13012
13046
13076
13105
13124
13157
13180
13211
13226
13261
13282
13319
13341
13337
13369
13406
13427
13450
13495
13509
13572
13580
13615
13642
13648
13682
13706
13733
13755
13809
13821
13841
13889
13940
14003
14034
14090
14158
14219
14250
14294
14335
14351
14399
14407
14454
14505
14541
14567
14605
14626
14664
14689
14742
14783
14819
14857
14902
14944
14996
15039
15060
15079
15089
15106
15134
15135
15166
15185
15190
15210
15211
15237
15259
15268
15301
15327
15356
15365
15403
15451
15462
15487
15482
15516
15554
15594
15633
15678
15715
15752
15794
15834
15884
15932
15967
16026
16094
16144
16212
16284
16361
16427
16517
16591
16665
16746
16824
16897
16986
17078
17160
17242
17306
