1000
1155
1321
1487
1641
1803
1946
2039
2142
2190
2220
2215
2202
2236
2226
2124
2023
1881
1755
1605
1467
1347
1206
1134
1013
926
818
771
695
635
551
508
447
391
351
324
297
261
249
214
190
172
162
142
117
99
87
79
69
61
55
55
52
54
51
48
45
41
37
32
32
29
30
25
22
25
21
17
18
18
19
18
16
12
10
9
13
13
13
12
9
12
12
11
12
10
9
9
10
9
10
10
9
8
11
10
8
7
8
8
8
10
9
7
6
5
5
6
5
5
6
5
5
4
5
4
4
4
7
7
8
10
10
11
13
16
17
16
15
18
16
18
17
14
14
15
14
12
10
11
8
8
9
8
8
7
11
11
10
11
9
9
11
11
10
10
9
8
9
9
9
8
10
9
9
9
6
6
6
6
7
6
4
5
2
1
1
1
2
3
1
0
0
0
0
0
0
0
0
0
0
0
0
0
0
0
0
0
0
0
0
0
0
0
0
0
0
0
0
0
0
0
0
0
0
0
0
0
0
0
0
0
0
0
0
0
0
0
0
0
0
0
0
0
0
0
0
0
0
0
0
0
0
0
0
0
0
0
0
0
0
0
0
0
0
0
0
0
0
0
0
0
0
0
0
0
0
0
0
0
0
0
0
0
0
0
0
0
0
0
0
0
0
0
0
0
0
0
0
0
0
0
0
0
0
0
0
0
0
0
0
0
0
0
0
0
0
0
0
0
0
0
0
0
0
0
0
0
0
0
0
0
0
0
0
0
0
0
0
0
0
0
0
0
0
0
0
0
0
0
0
0
0
0
0
0
0
0
0
0
0
0
0
0
0
0
0
0
0
0
0
0
0
0
0
0
0
0
0
0
0
0
0
0
0
0
0
0
0
0
0
0
0
0
0
0
0
0
0
0
0
0
0
0
0
0
0
0
0
0
0
0
0
0
0
0
0
0
0
0
0
0
0
0
0
0
0
0
0
0
0
0
0
0
0
0
0
0
0
0
0
0
0
0
0
0
0
0
0
0
0
0
0
0
0
0
0
0
0
0
0
0
0
0
0
0
0
0
0
0
0
0
0
0
0
0
0
0
0
0
0
0
0
0
0
0
0
0
0
0
0
0
0
0
0
0
0
0
0
0
0
0
0
0
0
0
0
0
0
0
0
0
0
0
0
0
0
0
0
0
0
0
0
0
0
0
0
0
0
0
0
0
0
0
0
0
0
0
0
0
0
0
0
0
0
0
0
0
0
0
0
0
0
0
0
0
0
0
0
0
0
0
0
0
0
0
0
0
0
0
0
0
0
0
0
0
0
0
0
0
0
0
0
0
0
0
0
0
0
0
0
0
0
0
0
0
0
0
0
0
0
0
0
0
0
0
0
0
0
0
0
