1000
1149
1323
1466
1619
1771
1889
2000
2015
2051
2062
2036
2030
2009
1945
1864
1774
1663
1542
1367
1256
1198
1114
1060
969
878
814
730
649
561
500
438
392
351
319
287
270
254
217
194
180
163
153
147
134
118
104
94
85
84
76
75
65
56
48
45
50
48
44
39
35
31
31
33
32
35
33
28
28
33
29
34
29
26
27
24
20
20
19
21
21
21
21
22
26
24
25
25
24
29
32
33
31
31
31
33
28
32
31
26
25
29
32
31
33
37
33
30
26
27
21
19
17
16
13
13
17
19
18
17
19
18
19
22
21
16
14
12
13
14
13
12
11
11
11
10
11
13
17
16
17
14
13
11
10
11
9
9
8
8
4
5
5
5
5
4
5
4
4
5
8
8
7
7
7
7
6
5
4
5
4
5
6
4
3
4
4
5
4
4
4
4
4
3
3
3
3
3
3
5
5
5
5
5
5
5
8
7
8
4
5
4
4
4
4
4
4
4
3
1
1
1
1
1
1
1
1
2
3
3
3
3
3
3
3
2
2
2
2
3
3
3
3
2
2
3
3
3
3
3
3
4
5
6
6
7
6
5
7
8
9
8
10
11
11
9
9
8
9
9
7
7
6
5
2
0
0
0
0
0
0
0
0
0
0
0
0
0
0
0
0
0
0
0
0
0
0
0
0
0
0
0
0
0
0
0
0
0
0
0
0
0
0
0
0
0
0
0
0
0
0
0
0
0
0
0
0
0
0
0
0
0
0
0
0
0
0
0
0
0
0
0
0
0
0
0
0
0
0
0
0
0
0
0
0
0
0
0
0
0
0
0
0
0
0
0
0
0
0
0
0
0
0
0
0
0
0
0
0
0
0
0
0
0
0
0
0
0
0
0
0
0
0
0
0
0
0
0
0
0
0
0
0
0
0
0
0
0
0
0
0
0
0
0
0
0
0
0
0
0
0
0
0
0
0
0
0
0
0
0
0
0
0
0
0
0
0
0
0
0
0
0
0
0
0
0
0
0
0
0
0
0
0
0
0
0
0
0
0
0
0
0
0
0
0
0
0
0
0
0
0
0
0
0
0
0
0
0
0
0
0
0
0
0
0
0
0
0
0
0
0
0
0
0
0
0
0
0
0
0
0
0
0
0
0
0
0
0
0
0
0
0
0
0
0
0
0
0
0
0
0
0
0
0
0
0
0
0
0
0
0
0
0
0
0
0
0
0
0
0
0
0
0
0
0
0
0
0
0
0
0
0
0
0
0
0
0
0
0
0
0
0
0
0
0
0
0
0
0
0
0
0
0
0
0
0
0
0
0
0
0
0
0
0
0
0
0
0
0
0
0
0
0
0
0
0
0
0
0
0
0
0
0
0
0
0
0
0
0
0
0
