1000
1137
1272
1405
1549
1709
1812
1911
2002
2076
2131
2120
2072
2014
1919
1867
1787
1698
1595
1482
1362
1254
1160
1092
998
882
839
783
724
649
602
524
466
425
370
346
325
301
281
264
232
235
228
223
211
204
212
210
185
175
159
148
140
117
110
104
97
91
89
80
77
73
78
75
70
62
67
59
63
57
47
47
46
46
40
40
40
43
47
41
38
35
38
44
44
42
44
39
41
47
50
56
56
62
62
64
72
71
74
80
76
72
70
77
71
68
67
70
67
62
62
63
68
69
72
73
75
75
81
74
79
77
82
78
77
81
87
93
86
86
86
79
75
73
73
78
82
82
79
82
78
80
83
84
82
82
77
80
80
82
87
90
92
94
95
97
94
90
87
96
102
101
101
103
94
93
96
101
99
102
102
105
111
110
114
123
131
130
123
135
140
151
154
155
157
153
145
150
156
157
162
160
157
166
154
153
147
157
165
154
163
163
168
166
162
158
156
153
152
162
157
155
163
174
176
165
170
184
195
208
204
195
213
229
230
235
245
244
251
259
265
266
280
287
308
307
339
344
359
374
381
402
397
395
388
389
392
419
452
467
474
462
464
469
490
488
479
481
481
493
479
471
485
509
515
518
528
531
533
548
530
548
535
552
582
590
609
616
627
631
638
627
641
647
646
644
630
633
628
614
631
627
614
600
617
632
650
670
671
683
677
669
636
645
634
645
640
627
612
625
638
629
630
617
639
644
639
643
656
676
680
684
664
645
634
644
660
667
672
679
681
674
655
655
644
651
676
669
656
656
632
645
626
632
633
627
609
577
574
579
570
561
542
533
537
556
553
559
562
571
548
535
548
555
534
548
535
534
531
496
485
468
429
418
401
406
399
392
378
381
365
372
348
337
326
309
297
299
291
287
294
289
284
269
258
252
242
236
236
226
223
220
217
204
203
193
184
170
167
151
145
147
146
142
131
135
128
123
119
120
115
102
100
96
100
102
101
93
87
89
90
81
74
71
71
71
67
57
53
60
55
51
55
53
49
49
46
42
43
43
54
57
58
49
43
46
38
35
37
34
33
29
27
27
28
29
28
29
26
23
24
23
21
20
15
13
13
15
14
14
17
20
20
17
15
16
15
13
12
13
11
12
11
8
6
9
8
5
4
4
4
4
6
5
4
4
3
4
5
5
6
10
9
8
9
9
8
8
10
12
13
12
11
12
12
14
16
15
13
14
11
14
15
15
17
14
14
13
15
16
17
16
13
10
13
11
10
9
12
11
10
13
13
15
17
16
18
18
18
18
15
14
11
14
10
9
8
9
9
6
5
4
5
7
6
4
3
3
1
1
1
1
1
1
1
1
1
1
1
1
1
1
3
3
4
5
5
5
4
5
5
