1000
1166
1316
1504
1682
1808
1946
2080
2178
2264
2338
2407
2395
2347
2221
2130
2039
1952
1870
1747
1600
1487
1404
1301
1194
1088
982
910
842
752
683
600
538
481
423
389
371
344
329
294
278
255
229
204
180
174
140
127
116
110
121
109
97
91
90
90
96
86
85
85
81
72
70
74
64
61
65
70
66
64
59
52
49
53
53
47
47
42
37
38
38
37
32
30
28
27
28
27
30
28
29
30
30
28
31
27
23
24
23
20
16
16
13
13
13
13
11
12
14
12
12
8
9
11
9
8
8
8
7
8
8
8
8
9
7
6
6
6
5
7
8
9
7
9
9
9
10
10
11
13
15
19
18
21
21
23
27
27
29
26
24
28
30
31
31
37
36
33
39
42
35
33
36
35
36
37
35
33
36
37
36
35
31
32
31
33
37
31
32
31
33
35
40
37
34
29
34
36
34
33
36
39
43
47
40
38
39
40
43
45
44
39
38
38
38
36
31
30
29
30
32
38
37
39
41
37
33
31
31
29
26
27
27
32
26
25
20
20
18
20
20
16
16
15
15
13
15
15
13
14
14
19
19
21
19
24
23
19
18
20
20
18
19
18
19
18
19
19
21
21
25
25
25
22
24
26
24
24
27
27
31
32
31
28
30
30
31
31
32
26
26
26
26
26
33
33
31
31
32
29
28
26
24
23
18
18
18
21
22
20
24
21
19
18
17
19
18
19
18
15
15
17
14
16
17
15
15
15
11
8
9
10
9
8
10
10
9
11
8
8
8
10
11
10
10
11
12
14
13
16
16
18
22
25
24
23
19
23
25
29
28
27
28
35
37
36
36
33
36
35
35
33
32
31
33
28
29
29
32
36
37
37
35
29
24
24
25
22
21
22
21
20
22
25
23
21
19
21
19
19
19
16
19
19
20
19
19
16
20
20
18
17
17
18
19
20
17
16
13
11
10
7
9
9
9
7
6
6
6
6
6
5
7
6
6
7
8
9
8
6
5
5
7
9
9
10
10
8
10
13
14
14
11
15
15
16
16
16
15
14
15
16
17
15
17
16
17
12
14
14
15
17
15
13
12
10
10
9
6
6
7
7
5
5
4
6
7
6
7
4
3
3
4
6
5
5
4
5
5
4
3
2
5
5
6
7
8
9
10
9
9
11
11
10
11
10
8
7
6
5
7
7
8
7
6
8
7
6
6
4
4
4
6
6
4
3
2
2
2
3
2
2
3
3
2
2
2
2
2
2
1
0
0
0
0
0
0
0
0
0
0
0
0
0
0
0
0
0
0
0
0
0
0
0
0
0
0
0
0
0
0
0
0
0
0
0
0
0
0
0
0
0
0
0
0
0
0
0
0
0
0
0
0
0
0
0
0
0
0
0
0
