960014
920973
883679
847424
812592
779420
747185
716555
686788
657876
630541
604287
579004
554561
531054
508681
487129
466673
446858
428004
409786
392606
376105
360356
345118
330600
316788
303525
290775
278618
266782
255637
245122
234714
224910
215513
206479
197821
189474
181589
173953
166623
159574
153000
146704
140716
134844
129325
124218
119050
114100
109408
104908
100655
96504
92618
88873
85365
81950
78601
75436
72389
69476
66723
64017
61403
58931
56689
54466
52376
50291
48365
46547
44784
43147
41499
39913
38463
37043
35700
34463
33232
32028
30914
29763
28745
27789
26781
25860
24946
24065
23295
22569
21860
21172
20497
19863
19182
18633
18062
17559
17064
16599
16116
15643
15225
14814
14415
14013
13667
13327
13022
12706
12386
12118
11838
11615
11338
11112
10857
10614
10415
10252
10062
9869
9708
9579
9424
9254
9137
8986
8836
8723
8605
8494
8359
8249
8140
8036
7945
7857
7747
7659
7616
7500
7427
7320
7204
7186
7119
7060
6991
6913
6855
6792
6732
6649
6618
6560
6494
6428
6424
6406
6387
6351
6308
6308
6289
6253
6238
6225
6247
6229
6238
6232
6203
6180
6140
6120
6090
6098
6057
6020
6046
6063
6034
5969
5945
5905
5891
5875
5847
5843
5807
5824
5835
5812
5779
5746
5769
5777
5762
5741
5760
5782
5802
5766
5745
5767
5750
5782
5834
5848
5789
5753
5780
5790
5791
5758
5760
5711
5738
5743
5747
5753
5766
5829
5824
5801
5840
5851
5841
5826
5799
5815
5858
5802
5785
5798
5773
5775
5780
5759
5751
5778
5782
5778
5740
5722
5701
5716
5682
5666
5628
5623
5605
5622
5620
5686
5684
5706
5692
5719
5730
5717
5713
5722
5764
5764
5723
5714
5776
5751
5769
5804
5806
5832
5836
5823
5841
5854
5850
5835
5855
5855
5872
5874
5876
5897
5879
5863
5904
5895
5906
5933
5980
6000
6012
6018
6017
6029
6031
6034
6052
6093
6128
6155
6159
6195
6201
6224
6203
6190
6179
6172
6175
6183
6209
6266
6305
6313
6349
6363
6382
6423
6460
6477
6490
6559
6603
6638
6673
6730
6784
6833
6894
6933
6999
7060
7167
7191
7304
7384
7478
7564
7651
7748
7840
7941
8043
8191
8292
8411
8529
8680
8813
8931
9064
9189
9287
9393
9536
9664
9767
9921
10114
10251
10349
10495
10633
10787
10946
11104
11225
11366
11509
11656
11784
11918
12062
12172
12258
12396
12554
12701
12830
12948
13129
13258
13437
13616
13805
13993
14149
14368
14534
14706
14851
14991
15144
15295
15468
15638
15769
15934
16126
16300
16450
16652
16830
17022
17238
17460
17679
17912
18139
18410
18667
18933
19157
19405
19677
19943
20195
20448
20708
20945
21176
21420
21662
21909
22163
22410
22638
22873
23137
23391
23636
23878
24132
24396
24625
24842
25095
25349
25601
25874
26103
26355
26584
26823
27057
27264
27490
27705
27997
28262
28492
28758
28991
29226
29475
29709
29947
30185
30421
30666
30919
31195
31425
31673
31910
32150
32379
32617
32840
33069
33314
33600
33848
34081
34337
34585
34821
35048
35289
35539
35788
36037
36292
36556
36786
37018
37268
37513
37761
37980
38230
38471
38715
38966
39198
39437
39652
39889
40139
40367
40611
40849
41106
41332
41561
41806
42060
42286
42542
42764
43006
43226
43453
43682
43924
44174
44441
44685
44946
45187
45407
45659
45891
46138
46371
46591
46825
47072
47344
47585
47818
48041
48265
48495
48717
48970
49202
49419
49670
49882
50110
50369
50585
50850
51127
51385
51611
51846
52065
52291
52547
52755
52991
53230
53465
53701
53934
54175
54443
54677
54910
55152
55388
55619
55842
56072
56341
56570
56809
57074
57345
57617
57857
58112
58321
58551
58816
59060
59281
59536
59739
59980
60202
60443
60666
60888
61115
61358
61576
61795
62023
62254
62488
