959943
921262
883771
847845
813151
780027
747912
717029
687087
658458
630827
604533
579080
554735
531571
509064
487575
467116
447465
428539
410370
392933
376454
360594
345491
330804
316914
303552
290796
278364
266661
255582
244874
234641
224745
215361
206370
197591
189417
181524
174017
166791
159945
153354
147041
141032
135228
129667
124448
119324
114338
109750
105375
100993
96888
92973
89231
85501
82032
78810
75642
72578
69672
66907
64237
61796
59418
57063
54858
52719
50686
48759
46922
45102
43414
41820
40210
38683
37215
35826
34527
33265
32058
30881
29814
28789
27828
26891
26036
25132
24277
23488
22698
21948
21224
20500
19842
19237
18620
18086
17552
17088
16649
16118
15628
15125
14689
14293
13937
13615
13246
12905
12589
12287
12042
11747
11536
11312
11080
10830
10577
10340
10090
9889
9709
9550
9348
9182
9059
8919
8779
8650
8525
8406
8225
8149
8096
8024
7903
7801
7691
7567
7484
7408
7360
7271
7192
7128
7063
7020
7007
6976
6902
6850
6817
6746
6734
6695
6616
6573
6511
6475
6423
6413
6352
6313
6245
6224
6226
6224
6208
6163
6158
6125
6134
6108
6078
6058
6049
6011
6009
6003
5975
5996
6062
6062
6070
6039
6029
6038
6038
6042
5989
5974
5965
5952
5962
5962
5931
5929
5862
5815
5839
5856
5837
5817
5775
5796
5792
5795
5798
5820
5803
5827
5830
5808
5766
5785
5788
5814
5789
5816
5820
5823
5836
5827
5821
5823
5833
5797
5757
5737
5727
5720
5697
5676
5680
5692
5691
5694
5701
5723
5687
5672
5633
5628
5604
5570
5582
5585
5629
5656
5658
5676
5650
5653
5677
5664
5675
5685
5647
5620
5662
5667
5692
5692
5685
5698
5658
5645
5652
5669
5660
5676
5683
5643
5620
5635
5605
5611
5638
5617
5650
5649
5642
5631
5645
5645
5679
5682
5686
5728
5750
5756
5797
5832
5851
5883
5881
5898
5864
5858
5879
5868
5856
5840
5856
5835
5814
5820
5867
5872
5887
5918
5933
5924
5968
5976
5969
6021
6024
6079
6112
6109
6111
6156
6180
6216
6217
6234
6267
6306
6303
6324
6335
6329
6330
6370
6390
6401
6467
6512
6549
6578
6626
6666
6769
6796
6829
6918
6998
7101
7177
7288
7373
7442
7525
7604
7712
7805
7919
8045
8180
8275
8412
8516
8647
8740
8847
9010
9119
9247
9342
9470
9566
9694
9856
9988
10137
10258
10401
10538
10675
10785
10913
11048
11189
11346
11458
11574
11683
11793
11922
12039
12184
12281
12360
12419
12475
12563
12658
12751
12883
12972
13106
13237
13361
13444
13504
13666
13797
13946
14056
14230
14336
14447
14541
14683
14787
14901
15036
15161
15271
15414
15527
15671
15779
15839
15979
16112
16218
16359
16451
16606
16710
16837
17039
17229
17391
17546
17733
17927
18118
18310
18512
18662
18858
19055
19277
19428
19593
19729
19938
20125
20288
20485
20698
20897
21075
21260
21491
21688
21869
22038
22227
22424
22623
22821
23015
23232
23443
23643
23815
23941
24071
24186
24328
24455
24597
24715
24816
24903
24955
25030
25100
25192
25315
25439
25566
25648
25751
25890
26016
26130
26211
26365
26522
26628
26792
26963
27175
27337
27496
27625
27766
27989
28209
28397
28640
28883
29136
29383
29637
29861
30137
30373
30601
30850
31097
31350
31588
31829
32054
32283
32520
32755
32991
33222
33425
33670
33935
34176
34448
34659
34905
35152
35408
35630
35846
36082
36346
36580
36803
37054
37283
37515
37769
37998
38250
38469
38694
38922
39172
39378
39606
39844
40052
40310
40534
40774
41017
41229
41463
41722
41969
42202
42461
42693
42952
43193
43440
43674
43912
44137
44386
44603
44832
45087
45326
45574
45796
46029
46260
46493
46712
46961
47193
47438
47656
47894
48140
48380
48614
48829
49075
49291
49535
49755
49985
50217
