39071
74466
106967
136651
163341
187490
209018
228091
245769
260932
274150
285709
295279
303457
310229
316099
320601
323693
325822
327309
327853
327752
326531
325025
323140
320754
317476
313814
309999
305768
301564
297147
292430
287410
281833
276435
270845
265269
259349
253591
247922
242314
236445
230589
224839
219092
213389
207686
202399
197138
191899
186718
181544
176458
171449
166584
161711
156924
152178
147590
143319
139050
134758
130793
126700
122656
118833
114964
111468
107881
104415
101062
97865
94813
91768
88769
85723
82901
80047
77363
74868
72417
70042
67796
65427
63195
61122
59070
57096
55111
53324
51581
49892
48280
46668
45181
43689
42342
40941
39527
38183
36822
35578
34372
33269
32110
31133
30151
29240
28258
27340
26527
25674
24838
24051
23302
22596
21912
21261
20570
19925
19277
18717
18163
17620
17097
16571
16022
15556
15094
14691
14326
13983
13563
13237
12952
12613
12315
11989
11694
11393
11098
10830
10562
10309
10132
9920
9665
9429
9237
9077
8906
8736
8611
8426
8315
8098
7973
7836
7710
7580
7445
7270
7164
7102
6952
6796
6722
6620
6493
6409
6325
6264
6216
6171
6109
6021
5946
5889
5836
5811
5794
5743
5709
5687
5651
5598
5569
5560
5488
5414
5416
5389
5345
5327
5315
5282
5278
5264
5263
5237
5223
5257
5204
5183
5169
5154
5130
5091
5081
5070
5034
5016
4998
4994
4992
4980
4977
4948
4937
4872
4868
4853
4826
4811
4778
4748
4744
4735
4705
4712
4691
4715
4712
4705
4684
4642
4676
4663
4645
4649
4660
4697
4679
4693
4674
4676
4720
4700
4734
4731
4708
4672
4678
4630
4614
4622
4631
4602
4592
4561
4526
4535
4556
4589
4605
4581
4566
4539
4525
4532
4530
4547
4538
4532
4531
4518
4524
4519
4498
4499
4487
4472
4479
4502
4554
4539
4550
4549
4524
4542
4556
4552
4557
4538
4584
4562
4568
4566
4530
4546
4522
4515
4467
4431
4423
4451
4454
4442
4452
4446
4449
4456
4436
4434
4432
4392
4379
4403
4402
4422
4424
4422
4408
4383
4353
4365
4361
4384
4388
4395
4379
4362
4360
4346
4336
4331
4299
4277
4240
4238
4267
4243
4248
4222
4211
4161
4171
4158
4143
4120
4103
4065
4045
4031
4003
3998
3931
3890
3843
3801
3724
3653
3586
3512
3483
3415
3365
3303
3249
3226
3186
3143
3071
3055
3018
2970
2907
2805
2714
2614
2516
2429
2330
2250
2153
2102
2012
1938
1877
1836
1775
1706
1629
1576
1518
1456
1385
1315
1249
1174
1130
1077
1005
951
893
849
794
753
717
675
644
608
579
552
516
492
473
438
418
394
371
346
325
308
290
277
262
254
243
236
228
218
204
193
184
180
171
163
150
142
137
127
119
112
105
99
96
89
85
79
76
71
66
64
61
59
56
54
47
43
40
36
35
35
33
32
31
30
30
29
27
26
25
24
24
23
23
22
22
21
19
19
17
16
15
15
15
12
11
11
11
11
11
11
11
11
10
10
9
9
9
9
8
8
8
8
7
7
7
7
6
5
5
5
5
4
4
3
3
2
1
1
1
1
1
1
1
1
1
1
1
1
1
1
1
1
1
1
1
1
1
1
1
1
0
0
0
0
0
0
0
0
0
0
0
0
0
0
0
0
0
0
0
0
0
0
0
0
0
0
0
0
0
0
0
0
0
0
0
0
0
0
0
0
0
0
0
0
0
0
0
0
0
0
0
0
0
0
0
