7724
22708
33046
40844
47229
52141
56223
59650
62373
64609
66522
68099
69367
70518
71555
72093
72612
72807
73507
73721
74031
74034
74260
74167
74158
74100
74297
74408
74314
74255
74429
74500
74813
74823
74427
74414
74427
74465
74687
74738
74715
74701
74774
74968
74975
74936
74855
74988
75062
74894
74828
74773
74653
74537
74541
74530
74533
74667
74729
74845
74860
74716
74740
74791
74638
74497
74447
74325
74321
74363
74184
74061
74469
74249
74036
73907
73908
73899
74018
73973
73496
73574
73529
73475
73387
73516
73422
73177
72859
72862
72649
72666
72596
72719
72717
72895
72989
72858
72633
72409
72286
72163
72132
72367
71978
71864
71861
71946
71848
71555
71914
71592
71781
71881
71865
71937
71912
71829
71686
71496
71265
71042
71061
70850
70846
70451
70442
70154
70253
70076
69904
69729
69540
69302
69061
68893
68677
68685
68604
68482
68540
68491
68284
68238
68314
68154
67956
67515
67178
67151
67045
66770
66665
66665
66570
66506
66371
66456
66330
66219
66024
65783
65698
65512
65321
65129
65123
64979
64964
64893
64887
64799
64893
64690
64443
64247
63914
63900
63916
64008
63831
63795
63806
63591
63896
63929
63800
63841
63591
63511
63711
63576
63638
63606
63553
63499
63304
63319
63271
63040
62993
62876
63100
63104
62869
62875
62658
62739
62685
62832
62692
62869
62935
63104
62954
62657
62901
63007
63372
63116
63128
63189
63109
63061
62882
62978
63028
63249
63315
63266
63230
63354
63300
63338
63380
63482
63286
63322
63477
63528
63383
63524
63447
63401
63372
62990
62824
62742
62726
62576
62629
62784
62957
63372
63334
63234
63050
62889
62574
62522
62571
62632
62904
62977
62889
62823
62899
62926
63119
63322
63110
62817
62790
62726
62837
62957
62814
62763
62896
63004
62999
63364
63492
63456
63291
63037
62848
62851
62782
62807
63071
62725
62521
62555
62400
62417
62483
62586
62439
62266
62332
62570
62681
62623
62742
62390
62130
62259
62272
62413
62345
62428
62430
62393
62382
62246
62118
62050
62251
62436
62068
61996
61780
62059
61934
62242
62298
62116
61971
61893
61872
61738
61505
61298
61022
60837
60472
60441
60070
59797
59645
59455
58887
58605
58494
58025
57973
57796
57485
57068
57036
56707
56391
56011
55668
55592
55300
54892
54431
53886
53840
53639
53599
53362
53280
53185
53279
53764
53922
54144
54534
54540
54725
54827
54819
54760
54786
54561
54254
53708
53386
52621
52167
51303
50462
49768
48868
48091
47145
46161
45046
43937
42717
41924
41276
40373
39556
38314
37453
36583
35491
34419
33432
32325
31391
30483
29660
28663
27858
26911
26078
25235
24513
23757
22919
22094
21589
20949
20275
19575
18871
18207
17729
17098
16580
16017
15326
14805
14253
13846
13449
13078
12609
12209
11748
11405
10988
10577
10121
9641
9160
8770
8302
7946
7601
7238
6948
6653
6351
6152
5871
5582
5291
5107
4887
4711
4553
4428
4234
4108
3982
3858
3695
3509
3382
3237
3024
2819
2669
2510
2383
2232
2131
2052
1940
1836
1788
1773
1666
1595
1527
1435
1368
1255
1194
1131
1113
1076
1060
1049
981
958
930
880
840
781
727
688
636
597
554
537
523
489
459
460
453
467
450
427
385
331
277
227
182
150
123
102
79
66
51
41
35
31
25
20
15
14
11
11
8
7
6
5
5
4
4
4
4
1
1
1
1
1
1
1
1
1
1
1
1
1
1
0
0
0
0
0
0
0
0
0
0
0
0
0
0
0
0
0
0
0
0
0
0
0
0
0
0
0
0
0
0
0
0
0
0
0
0
0
0
0
0
0
0
0
0
0
0
0
