21
45
62
91
112
133
154
182
199
218
239
255
264
287
306
330
355
379
406
430
447
477
493
507
527
549
572
585
598
621
645
659
676
695
728
749
766
785
806
825
845
868
886
904
929
950
967
983
1005
1020
1045
1066
1090
1116
1136
1156
1181
1207
1231
1245
1258
1274
1295
1323
1345
1364
1385
1406
1424
1448
1467
1481
1503
1515
1535
1556
1578
1609
1626
1653
1670
1690
1711
1731
1761
1785
1813
1827
1839
1856
1872
1895
1917
1943
1961
1972
1994
2007
2033
2061
2075
2102
2123
2150
2177
2192
2209
2238
2261
2282
2307
2329
2353
2378
2400
2413
2430
2460
2478
2498
2517
2535
2554
2575
2589
2615
2637
2660
2675
2693
2717
2741
2763
2779
2804
2825
2844
2871
2888
2903
2926
2943
2965
2984
3000
3021
3043
3053
3072
3097
3123
3144
3158
3181
3195
3216
3240
3260
3288
3313
3342
3365
3387
3413
3441
3476
3494
3514
3532
3557
3578
3596
3610
3629
3652
3679
3703
3724
3746
3772
3790
3810
3838
3858
3876
3898
3911
3932
3954
3977
3994
4009
4034
4050
4071
4096
4117
4140
4166
4184
4205
4226
4256
4285
4310
4326
4347
4371
4397
4418
4435
4453
4481
4501
4523
4539
4561
4590
4608
4627
4650
4680
4695
4710
4732
4758
4771
4800
4823
4842
4863
4889
4917
4935
4956
4980
4992
5011
5030
5049
5066
5091
5115
5135
5160
5180
5206
5226
5253
5272
5299
5323
5338
5365
5383
5406
5424
5452
5471
5486
5510
5531
5552
5583
5599
5613
5636
5657
5679
5694
5721
5741
5762
5774
5795
5816
5841
5866
5891
5916
5937
5959
5974
5995
6020
6038
6061
6084
6093
6110
6133
6160
6180
6206
6232
6250
6279
6308
6330
6356
6378
6396
6422
6448
6461
6486
6511
6536
6559
6577
6590
6610
6631
6647
6666
6692
6712
6734
6751
6777
6802
6815
6835
6848
6863
6889
6912
6934
6955
6973
6992
7014
7036
7058
7081
7110
7126
7148
7176
7194
7221
7246
7264
7286
7307
7324
7348
7370
7393
7407
7419
7443
7466
7488
7508
7535
7555
7577
7603
7622
7648
7673
7692
7719
7744
7767
7784
7810
7832
7857
7881
7900
7921
7950
7971
7989
8007
8034
8057
8077
8098
8119
8136
8159
8178
8198
8218
8236
8249
8267
8293
8312
8338
8357
8381
8398
8430
8450
8474
8495
8515
8535
8557
8578
8602
8633
8654
8673
8695
8722
8744
8765
8780
8794
8814
8837
8856
8883
8903
8923
8944
8972
8998
9024
9046
9066
9091
9117
9136
9151
9176
9200
9222
9242
9258
9283
9306
9329
9349
9359
9384
9410
9436
9464
9490
9518
9537
9570
9590
9611
9639
9659
9687
9711
9735
9758
9777
9795
9818
9834
9850
9869
9892
9912
9928
9952
9972
9996
10014
10034
10060
10084
10107
10125
10146
10157
10187
10199
10213
10226
10257
10274
10289
10313
10335
10359
10384
10402
10419
10435
10454
10482
10513
10527
10545
10565
10586
10608
10629
10657
10679
10693
10721
10742
10770
10791
10808
10838
10860
10889
10903
10927
10948
10971
10994
11011
11032
11058
11085
11102
11118
11135
11156
11182
11209
11233
11254
11274
11294
11316
11343
11368
11393
11416
11450
11483
11501
11521
11544
11571
11595
11616
11635
11651
11666
11688
11705
11722
11744
11769
11793
11811
11827
11851
11875
11901
11921
11942
11958
11977
11999
12017
12037
12062
12081
12104
12122
12147
12171
12200
12222
12243
12261
12284
12302
12331
12346
12369
12386
12409
12433
12459
12482
12499
12521
12535
12554
12568
12592
12623
12646
12669
12691
12714
12740
12760
12775
12800
12822
12852
