0
0
2
9
19
25
28
35
41
50
62
69
80
89
102
110
119
129
133
134
155
162
160
168
170
170
174
183
191
204
208
209
213
217
215
222
227
234
241
243
247
254
258
265
266
261
257
262
265
271
269
267
272
280
273
271
274
272
273
269
268
274
272
268
266
268
267
264
269
266
269
265
261
262
267
264
267
275
275
276
272
273
276
280
275
276
281
274
269
267
264
262
261
262
262
257
260
259
255
245
252
252
251
251
249
245
249
244
242
239
240
243
241
235
234
238
240
240
240
237
239
240
239
229
226
223
217
219
213
212
209
203
199
200
199
203
200
197
198
199
202
201
197
193
188
184
187
184
187
188
187
187
192
189
183
185
179
177
181
176
174
170
174
174
172
169
168
171
173
175
175
172
166
165
168
169
165
162
160
163
161
161
158
157
157
160
158
157
154
157
157
157
152
153
155
149
147
145
146
146
145
143
149
147
148
149
147
144
144
147
149
151
150
149
153
154
154
153
151
151
150
150
148
149
144
143
141
142
146
147
147
140
142
143
144
142
140
145
142
144
138
134
135
134
134
136
136
134
138
135
134
138
138
141
143
143
144
145
144
148
147
150
148
151
155
155
158
162
163
164
165
170
168
169
172
170
175
178
177
170
171
165
162
163
164
168
171
173
167
168
166
163
163
161
163
168
168
173
174
170
167
173
171
174
176
182
187
181
180
181
181
183
183
180
187
185
186
186
190
194
188
190
187
186
188
192
196
196
189
191
187
191
190
188
186
189
184
187
184
181
180
180
180
182
184
184
182
181
182
182
185
181
175
180
184
182
187
187
186
186
188
188
183
180
180
183
180
181
176
174
174
179
183
178
180
181
183
183
186
185
185
184
183
188
187
189
185
186
188
190
190
191
190
191
187
188
187
188
185
181
181
178
177
181
179
172
170
166
160
156
155
155
147
146
141
139
135
134
134
128
126
128
127
127
124
122
112
112
109
106
106
103
101
97
93
91
89
87
84
80
76
72
70
70
68
64
61
61
59
58
59
61
61
59
58
58
56
53
53
51
50
50
49
48
45
44
42
42
43
40
39
39
37
36
35
36
35
35
32
31
30
27
26
26
25
25
25
24
23
23
23
23
23
23
22
21
21
21
20
20
20
19
19
18
17
17
16
16
15
15
15
15
14
13
13
12
12
12
10
10
9
9
9
9
10
9
9
8
8
8
8
8
8
8
8
8
8
8
8
7
7
7
7
7
7
7
7
7
6
6
6
6
5
5
5
5
4
4
4
4
4
2
2
2
2
2
2
2
2
2
2
2
2
2
2
2
2
2
2
2
2
2
2
2
2
1
1
1
1
1
0
0
0
0
0
0
0
0
0
0
