560
623
679
750
815
909
994
1093
1202
1310
1420
1553
1690
1824
1964
2096
2230
2409
2616
2817
2994
3203
3397
3604
3805
4049
4291
4563
4823
5055
5348
5633
5905
6208
6482
6749
6991
7336
7600
7908
8211
8474
8762
9032
9322
9622
9898
10123
10363
10635
10885
11235
11586
11849
12079
12367
12641
13017
13334
13629
13854
14110
14352
14614
14984
15280
15507
15734
15949
16145
16361
16669
16949
17058
17341
17510
17686
17926
18080
18289
18524
18577
18748
18832
18911
19088
19179
19271
19228
19282
19340
19439
19638
19719
19731
19788
19910
20004
20115
20174
20145
20157
20134
20256
20267
20331
20450
20398
20407
20428
20471
20508
20414
20370
20191
20060
20121
20071
20102
20018
19983
19903
19699
19597
19501
19401
19307
19201
19109
19015
18844
18706
18649
18640
18609
18434
18350
18342
18376
18282
18166
18071
18045
17917
17871
17782
17643
17524
17387
17321
17261
17101
17040
16873
16660
16398
16177
16005
15894
15717
15566
15432
15320
15208
15043
14934
14785
14662
14501
14383
14256
13988
13805
13740
13599
13414
13243
13083
12961
12898
12766
12637
12484
12314
12263
12175
11966
11833
11728
11580
11454
11248
11109
10896
10648
10465
10334
10160
10026
9856
9704
9665
9540
9379
9191
9094
8923
8804
8642
8465
8304
8131
7982
7840
7670
7521
7378
7274
7029
6864
6669
6515
6429
6285
6159
6042
5922
5725
5561
5442
5306
5135
5042
4975
4887
4813
4713
4639
4554
4471
4370
4265
4191
4067
3966
3864
3700
3636
3563
3448
3334
3248
3170
3109
3035
2979
2892
2834
2779
2710
2626
2558
2499
2419
2350
2258
2200
2139
2040
1941
1837
1773
1705
1631
1568
1481
1445
1397
1353
1302
1256
1199
1140
1096
1068
1046
1004
961
924
884
866
824
813
802
771
753
726
701
671
647
610
594
578
569
564
525
482
465
451
439
434
425
424
414
403
403
387
365
350
341
314
295
291
280
263
241
223
203
188
173
165
167
153
145
148
133
132
135
124
113
106
97
102
91
85
89
87
85
80
74
72
74
72
68
65
60
52
46
49
46
47
45
45
41
41
41
37
36
31
27
29
25
24
23
21
22
19
22
24
22
17
18
17
15
13
9
9
11
9
8
5
5
5
8
5
6
6
5
3
0
0
0
0
0
0
0
0
0
0
0
0
0
0
0
0
0
0
0
0
0
0
0
0
0
0
0
0
0
0
0
0
0
0
0
0
0
0
0
0
0
0
0
0
0
0
0
0
0
0
0
0
0
0
0
0
0
0
0
0
0
0
0
0
0
0
0
0
0
0
0
0
0
0
0
0
0
0
0
0
0
0
0
0
0
0
0
0
0
0
0
0
0
0
0
0
0
0
0
0
0
0
0
0
0
0
0
0
0
0
0
0
0
0
0
0
0
0
0
0
0
0
0
0
0
0
0
0
0
0
0
0
0
0
0
0
0
0
0
0
0
0
0
0
0
0
0
0
0
0
0
0
0
0
0
0
0
0
0
0
0
0
0
0
0
0
0
0
0
0
0
0
0
0
0
0
0
0
0
0
0
0
0
0
0
0
0
0
0
0
0
0
0
0
0
0
0
0
0
0
0
