997286
994495
991679
988867
986138
983309
980489
977713
974879
972013
969252
966380
963587
960816
958025
955256
952452
949661
947011
944248
941518
938757
936029
933344
930670
928038
925295
922689
920020
917367
914692
912053
909390
906727
904098
901459
898856
896222
893598
891083
888498
885933
883392
880905
878408
875801
873309
870777
868266
865713
863219
860624
858118
855565
853097
850631
848120
845595
843154
840718
838318
835876
833397
830969
828626
826220
823828
821429
819145
816713
814289
811990
809714
807436
805163
802912
800588
798414
796100
793781
791581
789323
787165
785051
782829
780735
778525
776323
774380
772355
770406
768576
766736
764929
763276
761747
760304
759038
757879
756894
756019
755311
754723
754295
753926
753631
753353
753224
753112
753020
752973
752991
753055
753112
753175
753230
753290
753356
753406
753457
753508
753577
753644
753714
753784
753852
753921
753992
754060
754132
754199
754282
754336
754389
754457
754523
754585
754648
754721
754787
754842
754908
754988
755052
755103
755181
755240
755308
755369
755434
755487
755557
755631
755696
755745
755812
755873
755945
756013
756075
756143
756198
756249
756308
756360
756410
756459
756532
756589
756655
756710
756779
756838
756907
756969
757015
757069
757127
757189
757244
757302
757364
757419
757472
757534
757594
757664
757720
757775
757839
757888
757963
758039
758085
758139
758211
758282
758333
758393
758446
758498
758546
758621
758684
758749
758812
758884
758937
758999
759054
759097
759149
759224
759279
759336
759414
759482
759555
759612
759661
759716
759771
759822
759883
759948
760017
760057
760118
760186
760256
760303
760380
760434
760495
760541
760601
760663
760720
760789
760849
760908
760967
761026
761094
761146
761208
761264
761322
761382
761439
761488
761541
761605
761657
761712
761769
761833
761891
761943
762008
762064
762127
762185
762250
762309
762369
762431
762483
762526
762582
762630
762676
762731
762795
762852
762916
762986
763057
763111
763172
763238
763296
763348
763421
763475
763544
763603
763657
763709
763766
763827
763888
763943
763999
764049
764100
764156
764213
764276
764342
764392
764447
764510
764567
764636
764690
764764
764824
764892
764948
765002
765063
765128
765183
765237
765289
765369
765415
765470
765530
765591
765639
765697
765752
765804
765870
765931
765992
766064
766125
766174
766229
766290
766342
766408
766468
766522
766594
766649
766703
766748
766818
766873
766929
766989
767046
767112
767173
767230
767298
767355
767419
767494
767556
767623
767678
767733
767797
767868
767909
767973
768033
768091
768151
768209
768278
768332
768385
768437
768495
768558
768630
768686
768730
768779
768834
768898
768956
769002
769053
769104
769165
769212
769278
769338
769393
769447
769505
769575
769633
769676
769733
769786
769844
769894
769948
770000
770071
770132
770186
