997341
994561
991770
988897
986146
983415
980566
977714
974880
972181
969361
966651
963811
961087
958389
955660
952866
950109
947337
944534
941755
938963
936236
933522
930845
928026
925344
922693
920097
917379
914758
912074
909391
906706
904088
901468
898892
896262
893657
891051
888537
885939
883325
880830
878277
875761
873233
870722
868212
865681
863251
860765
858252
855739
853213
850695
848206
845819
843328
840839
838392
835899
833511
831127
828713
826332
823940
821590
819163
816871
814523
812197
809912
807493
805168
802945
800669
798455
796171
793992
791778
789604
787426
785202
782958
780780
778698
776571
774525
772555
770623
768804
767026
765374
763670
762121
760701
759466
758357
757331
756533
755814
755256
754833
754327
753821
753437
753095
752653
752252
751912
751736
751608
751554
751538
751609
751667
751725
751793
751863
751928
752008
752086
752134
752196
752270
752322
752379
752443
752495
752561
752618
752687
752745
752823
752891
752949
753017
753078
753154
753226
753298
753375
753427
753486
753552
753614
753689
753760
753817
753881
753966
754022
754068
754130
754187
754252
754305
754379
754440
754515
754566
754633
754705
754769
754823
754885
754943
755000
755067
755129
755186
755253
755320
755388
755451
755512
755574
755627
755695
755745
755803
755855
755924
755978
756039
756097
756154
756205
756267
756326
756388
756451
756506
756557
756620
756668
756718
756772
756848
756911
756976
757036
757112
757158
757228
757294
757353
757403
757464
757512
757585
757645
757702
757766
757837
757894
757962
758015
758067
758124
758193
758243
758308
758361
758415
758477
758538
758583
758638
758683
758735
758803
758870
758925
758990
759045
759108
759173
759243
759303
759351
759418
759474
759531
759583
759652
759711
759780
759836
759898
759952
760024
760082
760143
760205
760263
760334
760391
760460
760517
760570
760626
760678
760735
760783
760855
760921
760980
761033
761098
761160
761218
761287
761347
761415
761470
761525
761579
761651
761710
761771
761819
761876
761926
761985
762050
762113
762171
762241
762310
762369
762428
762477
762538
762603
762662
762717
762771
762832
762889
762950
763010
763066
763124
763177
763238
763305
763368
763419
763477
763536
763600
763672
763739
763801
763853
763916
763977
764047
764100
764168
764228
764272
764325
764379
764429
764481
764535
764581
764637
764684
764741
764798
764860
764921
764985
765029
765109
765169
765221
765281
765334
765396
765470
765530
765598
765652
765714
765769
765817
765883
765940
766004
766066
766126
766177
766233
766294
766350
766408
766475
766531
766596
766663
766725
766777
766830
766888
766956
767020
767077
767137
767190
767247
767300
767381
767424
767475
767535
767586
767640
767700
767752
767804
767857
767917
767992
768044
768091
768157
768213
768269
768339
768410
768468
768538
768596
768658
768714
