997207
994442
991673
988934
986177
983409
980566
977668
974948
972122
969294
966417
963604
960820
958006
955166
952328
949513
946816
944154
941441
938736
935916
933120
930391
927660
924929
922260
919491
916754
914179
911533
908951
906290
903687
900991
898329
895704
893135
890589
888048
885584
882974
880245
877726
875178
872661
870160
867658
865071
862576
860118
857579
855102
852661
850083
847666
845287
842817
840403
837918
835444
833115
830665
828264
825807
823404
821005
818679
816352
813954
811627
809390
807083
804747
802405
800151
797793
795575
793373
791171
789013
786799
784622
782536
780375
778201
776162
774163
772194
770221
768390
766639
764977
763504
762100
760888
759941
759108
758476
758070
757710
757534
757339
757194
757016
756939
756938
756992
757046
757103
757166
757219
757274
757337
757398
757455
757515
757582
757648
757706
757767
757822
757891
757956
758009
758064
758113
758180
758240
758297
758357
758412
758469
758536
758603
758669
758729
758776
758824
758894
758951
759005
759075
759134
759191
759250
759324
759380
759442
759508
759573
759640
759685
759740
759818
759877
759935
759995
760050
760115
760176
760237
760292
760362
760434
760504
760562
760622
760683
760742
760810
760875
760921
760990
761052
761127
761179
761233
761295
761362
761421
761488
761553
761608
761679
761726
761796
761836
761889
761953
762022
762073
762132
762191
762256
762316
762370
762427
762493
762553
762621
762704
762765
762823
762882
762943
762993
763042
763091
763159
763207
763267
763330
763390
763465
763530
763589
763664
763722
763777
763840
763887
763954
764016
764076
764137
764198
764258
764318
764383
764431
764482
764545
764601
764666
764724
764785
764833
764895
764958
765024
765083
765143
765200
765262
765320
765377
765452
765508
765557
765623
765687
765735
765793
765857
765927
765993
766060
766115
766166
766222
766275
766323
766385
766440
766501
766551
766612
766674
766740
766794
766849
766911
766978
767039
767092
767153
767210
767278
767330
767392
767444
767504
767552
767603
767651
767706
767764
767817
767867
767922
767987
768034
768095
768143
768199
768253
768312
768365
768418
768483
768538
768598
768659
768713
768775
768840
768901
768965
769022
769080
769132
769186
769244
769286
769342
769419
769475
769536
769589
769655
769711
769762
769823
769882
769937
769996
770063
770114
770181
770221
770280
770341
770402
770464
770518
770565
770629
770685
770743
770816
770892
770951
771005
771063
771130
771184
771250
771312
771365
771433
771471
771526
771586
771644
771698
771755
771804
771864
771913
771966
772016
772077
772140
772201
772263
772325
772379
772438
772487
772540
772604
772673
772736
772807
772876
772942
772999
773059
773121
773186
773247
773315
773375
773437
773483
773537
773606
773660
773713
773757
773808
773867
773934
773978
774019
774075
774120
774177
