997245
994470
991742
988947
986207
983415
980680
977851
975114
972323
969477
966623
963742
960992
958296
955506
952590
949878
947116
944486
941768
939057
936279
933547
930893
928177
925453
922848
920139
917474
914809
912205
909579
906869
904264
901671
898986
896386
893718
891186
888505
885984
883403
880710
878148
875584
873036
870452
867915
865502
863019
860540
858033
855548
853069
850671
848290
845806
843399
840972
838532
836144
833769
831348
828962
826644
824266
821944
819560
817293
814907
812627
810227
807816
805485
803135
800854
798605
796398
794088
791920
789735
787609
785361
783067
780877
778725
776639
774565
772430
770443
768439
766571
764820
763095
761478
760067
758770
757531
756393
755369
754655
754014
753581
753233
752994
752854
752796
752785
752791
752789
752792
752825
752856
752916
752978
753044
753106
753164
753219
753281
753348
753408
753463
753544
753604
753662
753729
753789
753848
753915
753970
754041
754113
754175
754226
754288
754354
754409
754476
754536
754603
754666
754737
754803
754856
754924
754981
755044
755108
755164
755226
755304
755380
755449
755520
755586
755647
755704
755765
755827
755881
755950
756012
756081
756149
756213
756278
756351
756402
756459
756527
756591
756658
756723
756786
756847
756918
756982
757054
757119
757179
757239
757290
757359
757415
757479
757541
757594
757656
757710
757760
757833
757887
757948
758010
758072
758128
758187
758255
758319
758386
758434
758504
758558
758610
758671
758734
758776
758834
758899
758938
758998
759060
759109
759184
759241
759296
759356
759413
759470
759523
759570
759625
759690
759759
759817
759869
759934
760003
760057
760125
760179
760235
760305
760371
760439
760490
760548
760597
760661
760727
760793
760866
760920
760976
761033
761087
761155
761233
761303
761370
761429
761499
761564
761611
761685
761741
761798
761864
761932
761993
762058
762111
762169
762219
762279
762350
762415
762459
762529
762595
762649
762715
762771
762824
762889
762954
763023
763089
763148
763212
763280
763338
763405
763468
763517
763572
763627
763687
763745
763801
763863
763918
763984
764046
764104
764165
764213
764267
764334
764394
764445
764497
764555
764617
764658
764728
764795
764844
764896
764955
765010
765073
765131
765192
765246
765305
765373
765439
765497
765552
765605
765661
765726
765780
765836
765896
765959
766013
766068
766123
766174
766229
766299
766364
766423
766485
766534
766577
766641
766701
766775
766830
766884
766938
767003
767047
767106
767168
767229
767287
767351
767421
767488
767548
767606
767660
767715
767787
767845
767910
767956
768008
768065
768122
768173
768236
768292
768353
768412
768480
768547
768614
768677
768735
768801
768855
768915
768969
769029
769094
769162
769219
769267
769323
769371
769426
769481
769548
769604
769662
769715
769778
769837
769902
769978
770032
770087
770139
