17
40
58
74
100
120
137
157
172
191
208
236
256
279
304
325
344
373
386
408
424
442
466
487
504
521
537
563
592
619
645
667
678
694
721
744
771
792
820
843
869
891
917
940
961
981
993
1013
1035
1067
1094
1105
1124
1147
1159
1174
1199
1214
1239
1261
1282
1298
1322
1341
1360
1384
1414
1435
1459
1472
1493
1518
1541
1556
1574
1598
1613
1632
1652
1671
1690
1712
1735
1761
1782
1806
1824
1845
1868
1893
1922
1944
1960
1986
1999
2017
2034
2052
2080
2095
2122
2143
2166
2187
2210
2231
2248
2269
2287
2317
2338
2356
2382
2405
2431
2448
2472
2493
2509
2526
2543
2561
2587
2612
2635
2652
2684
2709
2735
2754
2778
2803
2825
2840
2862
2885
2899
2922
2942
2953
2969
2993
3008
3029
3058
3076
3111
3135
3159
3180
3201
3216
3244
3263
3289
3315
3337
3362
3382
3399
3425
3446
3462
3480
3499
3517
3532
3552
3571
3586
3606
3620
3644
3663
3682
3697
3727
3740
3761
3785
3826
3840
3853
3872
3892
3918
3938
3956
3982
3999
4026
4052
4073
4099
4124
4149
4174
4194
4204
4223
4254
4272
4296
4313
4330
4349
4373
4398
4422
4446
4464
4487
4511
4535
4567
4583
4600
4621
4637
4655
4684
4710
4730
4745
4773
4792
4821
4843
4862
4877
4894
4921
4947
4967
4984
5005
5021
5042
5066
5088
5102
5123
5142
5165
5182
5202
5225
5249
5270
5294
5316
5344
5368
5395
5410
5432
5455
5478
5505
5527
5543
5572
5590
5612
5638
5659
5688
5720
5743
5773
5789
5801
5817
5837
5858
5882
5900
5919
5933
5959
5984
6003
6021
6045
6076
6093
6111
6137
6159
6187
6212
6235
6253
6266
6292
6306
6327
6344
6364
6387
6402
6434
6450
6467
6496
6525
6556
6582
6602
6625
6651
6670
6688
6712
6734
6752
6768
6780
6810
6829
6845
6867
6888
6916
6941
6964
6979
7000
7027
7049
7082
7100
7118
7139
7158
7180
7202
7227
7247
7264
7291
7314
7325
7343
7366
7387
7415
7439
7460
7481
7499
7523
7550
7568
7584
7606
7624
7647
7667
7692
7708
7723
7746
7770
7786
7808
7840
7866
7887
7908
7922
7939
7966
7991
8011
8036
8057
8075
8096
8118
8154
8173
8193
8220
8248
8263
8287
8305
8328
8356
8389
8412
8431
8449
8469
8494
8520
8533
8559
8577
