0
0
0
0
0
0
0
0
1
1
1
1
2
2
2
3
3
3
3
3
6
9
12
13
13
12
14
15
14
15
16
19
19
19
21
21
24
24
26
25
27
26
28
29
28
29
34
36
35
37
38
40
42
43
45
44
43
43
41
41
42
47
46
45
47
52
52
51
50
50
54
58
55
58
58
58
57
59
62
65
66
67
69
73
74
76
75
77
74
75
71
75
78
82
83
82
83
86
88
88
86
86
87
88
89
93
96
101
96
100
99
96
99
100
98
95
90
88
84
80
75
74
71
70
69
71
70
69
68
67
68
67
66
64
62
62
60
60
57
57
56
54
52
51
50
50
50
49
49
47
45
42
42
42
41
37
37
37
36
35
35
35
33
33
31
31
31
27
27
27
26
26
26
26
26
26
23
21
21
23
23
23
23
23
23
21
21
20
20
20
20
20
20
17
15
15
16
16
16
16
16
15
15
15
14
14
12
11
11
11
11
11
11
11
11
10
10
10
10
9
9
9
9
9
9
9
9
8
8
8
7
7
7
7
7
5
5
5
5
5
5
5
5
5
5
5
5
5
4
4
4
4
4
4
4
3
3
3
3
3
3
3
3
3
3
3
3
3
3
3
3
2
2
2
2
2
2
1
1
1
1
1
1
1
1
1
0
0
0
0
0
0
0
0
0
0
0
0
0
0
0
0
0
0
0
0
0
0
0
0
0
0
0
0
0
0
0
0
0
0
0
0
0
0
0
0
0
0
0
0
0
0
0
0
0
0
0
0
0
0
0
0
0
0
0
0
0
0
0
0
0
0
0
0
0
0
0
0
0
0
0
0
0
0
0
0
0
0
0
0
0
0
0
0
0
0
0
0
0
0
0
0
0
0
0
0
0
0
0
0
0
0
0
0
0
0
0
0
0
0
