0
0
0
0
0
0
0
0
1
1
1
1
1
1
1
1
2
2
2
3
3
3
2
3
4
5
5
6
6
8
8
8
11
15
15
15
17
21
24
25
27
30
30
29
32
33
34
35
42
40
41
40
44
46
49
54
59
58
56
54
56
54
55
57
62
63
62
61
64
63
66
68
71
73
73
73
80
74
75
77
76
77
77
83
81
82
78
76
77
79
80
80
82
87
88
85
84
86
84
80
76
78
75
77
76
77
79
79
79
81
83
81
79
79
77
80
84
80
79
78
79
79
81
88
87
84
85
84
80
76
77
77
76
72
69
66
65
64
64
64
64
59
60
59
59
57
56
55
57
56
54
53
53
54
55
50
49
45
43
43
42
39
39
39
40
39
39
38
36
37
37
35
33
33
33
33
32
31
30
30
29
29
29
27
27
26
26
24
23
22
22
21
20
20
18
17
17
17
17
16
16
16
16
16
16
16
16
16
16
15
14
14
14
13
13
13
13
13
13
12
11
11
11
11
11
11
10
10
10
8
7
8
7
8
8
8
7
7
7
7
7
7
7
6
6
6
6
6
6
6
6
6
6
6
6
6
5
5
5
5
5
5
4
4
4
4
4
4
4
4
3
3
3
3
3
3
3
3
3
3
3
3
3
2
1
1
1
1
1
1
1
0
0
0
0
0
0
0
0
0
0
0
0
0
0
0
0
0
0
0
0
0
0
0
0
0
0
0
0
0
0
0
0
0
0
0
0
0
0
0
0
0
0
0
0
0
0
0
0
0
0
0
0
0
0
0
0
0
0
0
0
0
0
0
0
0
0
0
0
0
0
0
0
0
0
0
0
0
0
0
0
0
0
0
0
0
0
0
0
0
0
0
0
0
0
0
0
0
0
0
0
0
0
0
0
0
0
0
0
0
