614
756
931
1136
1368
1648
1971
2378
2837
3388
4080
4876
5832
6924
8107
9476
11032
12724
14631
16818
19207
21611
24336
27297
30350
33561
36874
40293
43880
47339
51117
54445
57965
61506
64817
68057
70894
73166
75289
77019
78780
79346
80012
80361
80114
79768
78456
77274
75400
73275
71153
68018
64933
61738
58266
54784
51227
47819
44307
40887
37556
34508
31304
28252
25410
22519
19922
17472
15240
13425
11679
10154
8814
7556
6446
5503
4681
3973
3299
2721
2245
1812
1463
1206
1019
786
635
519
415
318
244
210
164
141
123
89
63
48
43
34
25
21
13
11
14
14
9
11
14
9
6
5
2
2
0
0
0
0
0
0
0
0
0
0
0
0
0
0
0
0
0
0
0
0
0
0
0
0
0
0
0
0
0
0
0
0
0
0
0
0
0
0
0
0
0
0
0
0
0
0
0
0
0
0
0
0
0
0
0
0
0
0
0
0
0
0
0
0
0
0
0
0
0
0
0
0
0
0
0
0
0
0
0
0
0
0
0
0
0
0
0
0
0
0
0
0
0
0
0
0
0
0
0
0
0
0
0
0
0
0
0
0
0
0
0
0
0
0
0
0
0
0
0
0
0
0
0
0
0
0
0
0
0
0
0
0
0
0
0
0
0
0
0
0
0
0
0
0
0
0
0
0
0
0
0
0
0
0
0
0
0
0
0
0
0
0
0
0
0
0
0
0
0
0
0
0
0
0
0
0
0
0
0
0
0
0
0
0
0
0
0
0
0
0
0
0
0
0
0
0
0
0
0
0
0
0
0
0
0
0
0
0
0
0
0
0
0
0
0
0
0
0
0
0
0
0
0
0
0
0
0
0
0
0
0
0
0
0
0
0
0
0
0
0
0
0
0
0
0
0
0
0
0
0
0
0
0
0
0
0
0
0
0
0
0
0
0
0
0
0
0
0
0
0
0
0
0
0
0
0
0
0
0
0
0
0
0
0
0
0
