4
36
74
137
208
285
395
491
598
698
816
950
1078
1208
1343
1475
1622
1742
1854
1983
2107
2243
2374
2512
2642
2768
2901
3009
3120
3242
3375
3515
3668
3803
3951
4069
4197
4331
4475
4593
4716
4851
4988
5122
5254
5355
5476
5590
5713
5816
5934
6049
6144
6258
6375
6506
6595
6716
6827
6922
7046
7143
7249
7352
7454
7559
7657
7760
7871
7973
8071
8189
8258
8366
8450
8549
8621
8711
8804
8883
8991
9062
9148
9220
9296
9358
9420
9512
9581
9639
9696
9750
9823
9897
9945
9988
10049
10111
10157
10204
10250
10304
10351
10374
10396
10417
10455
10492
10541
10562
10577
10602
10630
10646
10655
10674
10679
10696
10698
10706
10731
10759
10752
10768
10768
10762
10769
10769
10768
10756
10746
10738
10711
10718
10695
10670
10658
10644
10628
10606
10576
10561
10533
10510
10492
10451
10444
10425
10385
10363
10333
10303
10282
10268
10226
10190
10178
10145
10109
10075
10044
10011
9973
9938
9889
9858
9832
9788
9757
9717
9688
9660
9625
9595
9568
9542
9507
9475
9432
9394
9343
9302
9269
9239
9201
9170
9135
9105
9063
9029
8992
8959
8917
8881
8844
8816
8783
8742
8707
8671
8637
8599
8552
8521
8484
8458
8420
8387
8353
8324
8286
8254
8230
8195
8164
8137
8107
8078
8039
8000
7970
7934
7891
7860
7832
7799
7773
7741
7717
7692
7665
7642
7612
7584
7547
7515
7478
7444
7404
7373
7358
7330
7309
7285
7257
7232
7197
7172
7141
7117
7093
7074
7045
7026
7003
6975
6952
6926
6898
6869
6841
6815
6795
6767
6748
6713
6691
6669
6645
6622
6592
6564
6536
6511
6484
6448
6416
6391
6365
6339
6312
6298
6275
6245
6219
6193
6167
6143
6114
6087
6061
6040
6012
5985
5956
5923
5893
5868
5837
5813
5790
5767
5743
5721
5696
5664
5644
5620
5597
5571
5551
5533
5516
5498
5484
5455
5434
5405
5385
5363
5344
5318
5298
5275
5253
5236
5217
5197
5176
5149
5132
5112
5093
5076
5054
5035
5012
4986
4967
4944
4918
4900
4876
4855
4829
4815
4794
4775
4758
4742
4718
4700
4683
4664
4645
4628
4615
4597
4575
4558
4543
4533
4509
4486
4461
4442
4421
4400
4378
4359
4347
4335
4315
4300
4279
4254
4237
4217
4201
4186
4171
4156
4141
4129
4107
4080
4062
4042
4015
3993
3980
3963
3943
3926
3911
3894
3885
3865
3848
3833
