959829
921474
883962
848104
813345
780380
748340
717819
688534
660483
633367
607639
583133
559682
537024
515566
495019
475336
456517
438802
421798
405726
390457
375911
362037
348694
336349
324497
313342
302739
293317
284554
276379
269073
262454
256346
250698
245720
241309
237613
234350
231523
229291
227701
226637
226067
225782
225687
225633
225604
225589
225689
225885
226100
226297
226484
226668
226850
227033
227227
227433
227621
227824
228016
228199
228378
228580
228781
228975
229194
229378
229568
229769
229959
230163
230349
230543
230737
230933
231104
231286
231495
231678
231868
232068
232262
232466
232662
232847
233026
233226
233406
233619
233798
233976
234160
234346
234528
234733
234935
235115
235344
235529
235711
235887
236078
236297
236494
236671
236849
237060
237224
237399
237616
237781
238001
238174
238377
238581
238786
238960
239158
239340
239496
239677
239859
240059
240265
240457
240660
240838
241010
241190
241365
241534
241752
241928
242123
242335
242506
242712
242883
243057
243243
243407
243587
243776
243956
244166
244356
244541
244725
244920
245091
245270
245452
245666
245855
246046
246235
246452
246622
246807
247007
247186
247357
247550
247715
247896
248088
248297
248474
248687
248870
249065
249220
249415
249601
249790
249968
250167
250353
250552
250763
250969
251172
251359
251566
251754
251943
252142
252323
252504
252688
252864
253051
253249
253446
253649
253826
253996
254176
254363
254567
254783
254997
255191
255385
255568
255775
255974
256149
256332
256549
256719
256887
257072
257251
257444
257615
257793
257967
258151
258342
258532
258704
258896
259061
259237
259449
259625
259825
260009
260190
260371
260566
260733
260912
261085
261267
261462
261668
261836
262031
262217
262388
262540
262712
262900
263084
263299
263484
263659
263839
264034
264238
264398
264566
264749
264924
265107
265300
265506
265687
265888
266070
266246
266436
266642
266818
267013
267189
267393
267583
267782
267974
268170
268364
268552
268736
268915
269109
269316
269482
269673
269833
270017
270204
270377
270566
270752
270953
271132
271336
271538
271719
271902
272077
272247
272428
272608
272790
272953
273124
273324
273541
273747
273946
274113
274297
274491
274679
274862
275036
275186
275360
275552
275724
275906
276109
276286
276467
276653
276819
277005
277216
277416
277592
277774
277962
278140
278330
278524
278713
278904
279092
279296
279498
279666
279855
280026
280209
280397
280581
280784
280964
281143
281306
281480
281646
281814
281988
282170
282368
282548
282708
282889
283083
283277
283455
283645
283823
283994
284190
284371
284522
284701
284879
285048
285209
285373
285539
285727
285900
286090
286250
286454
286635
286798
286978
287143
287336
287481
287668
287860
288048
288208
288395
288586
288765
288929
289111
289306
289496
289703
289890
290065
290243
290404
290597
