54236
29198
20054
15861
13004
11551
10518
9379
9057
8350
8145
7617
7453
7355
6992
6933
6859
6851
6758
6854
6752
6919
6827
6926
6900
7321
7133
7238
7387
7674
7824
7962
8123
8310
8385
8818
8950
9285
9743
9952
10343
10893
11221
11719
12353
12890
13287
14093
15184
15575
16446
17245
18393
19133
19951
21066
22203
23372
24187
25734
26838
28354
29621
30859
32623
34223
35772
37265
39202
41210
42999
45014
46926
49266
50938
53259
55093
58025
60405
62660
65086
67864
70263
72878
76056
78459
81646
84345
87494
90656
93749
96872
100114
102753
106144
108743
112887
116307
119060
122170
125506
129353
132110
135539
138789
141628
145154
148437
152044
154739
157945
160640
163762
166875
169692
172300
175404
177728
180016
182811
185300
187746
190112
192522
195257
197544
199712
201785
203729
206154
208114
210195
212485
214117
215299
216665
218147
219559
220901
222225
223582
224782
225886
226974
227877
228754
230053
230922
231824
232497
233383
234015
234741
235509
236372
236879
237589
238252
238770
239309
239812
240521
241009
241377
241641
242011
242421
242689
243206
243470
243920
244227
244487
244582
245021
245236
245449
245662
245866
245969
246188
246379
246541
246624
246875
247076
247340
247498
247665
247806
247922
247981
248071
248234
248283
248359
248378
248494
248609
248713
248763
248804
248944
248979
249084
249103
249189
249223
249260
249285
249350
249389
249437
249485
249505
249529
249571
249570
249585
249642
249693
249704
249757
249769
249759
249771
249799
249819
249832
249853
249879
249881
249890
249888
249894
249891
249899
249893
249910
249921
249911
249907
249903
249907
249907
249935
249924
249917
249913
249921
249924
249946
249956
249968
249976
249971
249974
249974
249976
249977
249976
249972
249965
249964
249957
249964
249964
249972
249981
249977
249971
249976
249971
249971
249973
249972
249974
249971
249967
249973
249980
249979
249975
249974
249975
249976
249970
249967
249979
249976
249973
249969
249963
249967
249969
249966
249969
249975
249976
249974
249970
249965
249961
249962
249974
249985
249989
249991
249995
249999
250000
250000
250000
250000
250000
250000
250000
250000
250000
250000
250000
250000
250000
250000
250000
250000
250000
250000
250000
250000
250000
250000
250000
250000
250000
250000
250000
250000
250000
250000
250000
250000
250000
250000
250000
250000
250000
250000
250000
250000
250000
250000
250000
250000
250000
250000
250000
250000
250000
250000
250000
250000
250000
250000
250000
250000
250000
250000
250000
250000
250000
250000
250000
250000
250000
250000
250000
250000
250000
250000
250000
250000
250000
250000
250000
250000
250000
250000
250000
250000
250000
250000
250000
250000
250000
250000
250000
250000
250000
250000
