22
39
59
81
100
120
141
168
181
204
231
253
279
298
321
347
371
390
409
427
450
469
491
509
530
553
572
595
624
650
679
703
713
728
745
768
791
809
824
843
860
876
893
906
929
948
965
986
1004
1028
1042
1065
1076
1096
1108
1126
1138
1155
1171
1188
1201
1218
1236
1260
1270
1281
1303
1322
1336
1361
1378
1396
1413
1443
1470
1487
1507
1530
1553
1567
1587
1606
1638
1665
1691
1717
1740
1761
1793
1818
1842
1864
1885
1909
1930
1960
1989
2016
2039
2064
2081
2103
2131
2151
2163
2184
2203
2231
2253
2269
2291
2310
2326
2349
2375
2400
2417
2440
2459
2483
2506
2526
2550
2574
2599
2617
2638
2657
2680
2702
2725
2756
2778
2800
2823
2841
2862
2883
2912
2936
2965
2988
3010
3030
3047
3067
3083
3107
3126
3153
3170
3188
3211
3238
3254
3275
3299
3314
3331
3352
3372
3392
3411
3421
3438
3459
3477
3500
3520
3543
3560
3593
3612
3633
3654
3684
3706
3733
3756
3773
3797
3814
3834
3865
3891
3919
3942
3956
3979
3999
4022
4056
4073
4096
4120
4141
4172
4195
4216
4237
4259
4280
4300
4325
4349
4374
4393
4406
4432
4455
4482
4504
4526
4550
4571
4593
4614
4638
4656
4674
4695
4713
4743
4764
4789
4814
4836
4855
4871
4904
4926
4951
4967
5000
5022
5043
5071
5094
5117
5137
5156
5174
5199
5216
5227
5249
5264
5287
5311
5329
5344
5364
5385
5410
5438
5468
5492
5516
5535
5554
5586
5610
5632
5658
5681
5706
5735
5758
5780
5801
5821
5844
5872
5896
5916
5933
5949
5975
6002
6019
6038
6064
6087
6116
6132
6161
6184
6203
6222
6242
6261
6289
6310
6340
6366
6387
6403
6426
6448
6466
6488
6508
6532
6549
6571
6588
6610
6643
6661
6691
6717
6741
6761
6779
6807
6824
6841
6866
6894
6920
6946
6969
6984
7015
7048
7065
7091
7111
7133
7153
7175
7200
7217
7239
7262
7280
7300
7323
7346
7369
7393
7413
7435
7460
7484
7493
7511
7531
7549
7567
7592
7617
7637
7649
7668
7684
7701
7722
7750
7769
7791
7809
7828
7843
7867
7884
7903
7923
7951
7971
7988
8013
8037
8054
8080
8106
8126
8151
8178
8195
8213
8236
8259
8282
8297
8322
8340
8360
8377
8395
8412
8434
8468
8489
8516
8535
8556
8576
8600
8618
