109
132
120
96
80
64
69
55
49
34
36
37
42
36
36
42
32
33
22
24
32
35
25
32
36
32
35
40
33
43
47
36
40
35
42
39
41
42
51
49
54
62
60
56
69
78
68
72
75
64
60
96
92
108
105
99
97
98
113
106
108
120
123
118
150
154
151
181
178
168
197
214
235
232
233
242
250
262
263
278
310
324
338
346
386
400
407
424
460
486
516
530
555
573
605
604
645
691
724
747
794
834
872
895
933
971
1022
1072
1105
1145
1200
1227
1279
1313
1358
1385
1433
1467
1527
1570
1609
1647
1708
1762
1827
1882
1904
1954
2019
2092
2148
2191
2260
2340
2400
2468
2555
2626
2697
2760
2842
2911
2995
3094
3182
3254
3347
3429
3516
3610
3693
3783
3842
3948
4024
4085
4175
4263
4342
4422
4524
4595
4691
4777
4879
4980
5068
5155
5242
5313
5412
5516
5604
5705
5831
5927
6018
6122
6214
6320
6418
6528
6633
6738
6836
6920
7014
7102
7197
7276
7381
7492
7581
7679
7776
7893
7982
8086
8172
8263
8372
8461
8558
8658
8773
8871
8983
9086
9202
9305
9417
9503
9618
9731
9829
9919
10033
10148
10247
10335
10439
10542
10647
10753
10852
10949
11056
11171
11276
11383
11508
11619
11741
11838
11943
12042
12139
12223
12327
12428
12503
12635
12722
12825
12934
13029
13132
13241
13337
13451
13548
13641
13757
13850
13962
14066
14162
14275
14387
14494
14586
14682
14800
14912
15016
15121
15217
15302
15386
15501
15595
15707
15819
15931
16031
16143
16248
16356
16449
16555
16664
16765
16868
16976
17068
17173
17272
17366
17478
17581
17682
17785
17888
17986
18112
18207
18299
18404
18492
18601
18699
18811
18938
19031
19126
19233
19346
19439
19540
19641
19748
19845
19955
20056
20175
20292
20389
20500
20602
20693
20797
20913
21008
21109
21222
21322
21444
21554
21654
21764
21851
21984
22098
22195
22291
22397
22505
22592
22691
22791
22890
22997
23119
23230
23330
23449
23559
23651
23762
23863
23969
24069
24180
24296
24392
24504
24595
24699
24799
24898
24993
25111
25202
25317
25418
25532
25625
25730
25838
25932
26040
26136
26248
26360
26479
26604
26706
26784
26880
26982
27087
27197
27299
27408
27501
27611
27713
27810
27909
28031
28127
28242
28336
28439
28547
28662
28757
28863
28957
29070
