99
141
144
108
86
77
61
48
48
55
41
44
38
26
38
41
37
38
44
48
30
31
38
35
42
33
40
49
42
33
35
31
43
38
32
39
45
47
45
53
48
55
57
62
54
67
68
76
86
70
71
82
59
88
89
87
107
105
100
104
115
142
122
125
135
155
172
181
175
192
196
211
213
233
258
268
287
288
317
324
330
363
372
388
398
424
433
461
486
481
510
534
555
589
612
641
661
681
723
725
787
813
860
897
914
946
993
1039
1065
1128
1169
1195
1232
1324
1362
1421
1477
1510
1548
1603
1687
1735
1812
1877
1933
1992
2050
2085
2136
2216
2304
2382
2446
2492
2559
2641
2704
2790
2861
2925
3019
3102
3176
3251
3323
3407
3494
3561
3615
3695
3774
3881
3967
4052
4147
4238
4306
4400
4479
4557
4631
4724
4814
4912
5011
5118
5217
5331
5416
5516
5620
5726
5835
5949
6032
6126
6213
6316
6412
6515
6630
6724
6837
6943
7041
7113
7189
7281
7384
7468
7578
7674
7788
7886
8003
8121
8214
8304
8424
8515
8600
8688
8791
8902
8994
9113
9209
9313
9401
9499
9612
9713
9813
9919
10019
10129
10234
10342
10449
10537
10627
10712
10817
10898
11011
11104
11212
11319
11427
11541
11662
11784
11892
12015
12112
12210
12324
12430
12574
12685
12801
12906
13006
13119
13234
13335
13438
13554
13636
13741
13830
13944
14043
14149
14255
14351
14455
14565
14682
14806
14895
15016
15108
15201
15321
15420
15524
15630
15739
15856
15946
16064
16144
16259
16360
16461
16562
16666
16768
16868
16964
17064
17169
17260
17353
17461
17544
17653
17763
17871
17973
18078
18181
18292
18396
18497
18585
18696
18800
18926
19032
19140
19259
19360
19457
19573
19671
19772
19862
19965
20068
20179
20290
20383
20490
20603
20715
20805
20916
21046
21146
21246
21348
21443
21541
21651
21761
21872
21990
22084
22196
22291
22396
22512
22606
22721
22827
22950
23056
23171
23277
23381
23496
23592
23692
23808
23916
24019
24102
24206
24309
24397
24507
24604
24708
24814
24916
25024
25110
25206
25310
25429
25529
25635
25738
25854
25954
26077
26173
26283
26411
26515
26608
26718
26819
26913
27005
27086
27203
27299
27406
27499
27600
27714
27817
27920
28023
28123
28221
28335
28449
28552
28662
28760
28862
28963
29081
29172
29263
29365
