998003
995901
993751
991662
989573
987465
985308
983280
981132
979038
976849
974671
972562
970387
968310
966249
964103
961965
959926
957855
955820
953661
951575
949479
947397
945429
943351
941217
939234
937259
935284
933312
931311
929253
927271
925237
923269
921263
919317
917285
915345
913412
911427
909457
907465
905532
903544
901619
899635
897711
895724
893803
891846
889951
888027
886154
884171
882297
880433
878492
876628
874723
872826
870932
869085
867249
865458
863582
861722
859844
857983
856059
854238
852466
850615
848826
846990
845157
843364
841593
839751
837924
836099
834315
832528
830743
828962
827206
825414
823660
821895
820177
818389
816607
814857
813055
