998065
995954
993933
991837
989700
987579
985498
983436
981369
979268
977087
975047
972929
970779
968670
966530
964428
962323
960226
958185
956086
954041
951979
949857
947842
945815
943757
941679
939642
937587
935575
933528
931539
929504
927540
925526
923548
921530
919563
917471
915546
913644
911701
909701
907721
905870
903879
901924
899890
897917
895967
894005
891984
890026
888070
886126
884143
882236
880351
878425
876561
874681
872764
870883
868951
867063
865329
863493
861664
859725
857841
856098
854252
852430
850507
848661
846778
844961
843101
841315
839508
837699
835886
834090
832288
830476
828685
826884
825059
823249
821390
819623
817863
816057
814275
812581
