108747
157271
174906
179072
178787
177565
176590
174835
174416
173997
173978
173884
174134
173675
173684
173904
173575
173534
173234
173711
174138
174465
174305
173865
173402
173491
173379
173884
174256
173986
174881
175051
175310
175613
175453
176107
176043
175959
175441
176112
176032
176746
177560
176997
176565
176133
177286
178080
178417
177760
178411
178110
178149
178019
177565
178243
178168
177860
177928
177731
177962
178493
178411
177911
177957
177764
177688
177768
178256
178504
179186
179517
179598
179731
179971
180011
180795
180850
180488
180393
180714
180667
179985
179273
179363
178928
179409
180521
180768
180226
180729
181433
182059
181838
182088
181609
