634
788
968
1190
1463
1802
2212
2699
3269
3966
4805
5786
6968
8466
10147
12084
14484
17307
20609
24434
28916
34156
40279
47442
55595
65117
75941
88597
102985
119405
138718
160372
185131
213430
245103
281393
321512
367368
419573
477198
542269
614742
695136
784962
884943
994266
1115262
1249576
1398132
1562250
1740085
1936298
2153271
2388251
2646127
2922953
3223279
3550292
3906273
4289044
4701282
5143395
5614823
6115688
6644847
7209903
7812958
8450102
9124441
9831105
10575340
11352219
12167507
13026195
13920493
14845066
15810960
16813324
17846292
18897862
19981352
21076601
22178239
23285517
24413002
25550206
26688022
27840884
29010891
30168191
31308045
32449489
33586900
34718149
35841676
36938625
