0
3
8
15
23
33
44
66
85
92
107
116
124
139
154
163
175
196
212
225
242
253
271
285
296
309
324
334
347
367
382
393
410
428
437
452
465
478
490
507
519
528
533
551
564
577
587
595
605
612
633
647
661
670
684
696
707
720
731
744
760
766
772
779
789
797
807
816
828
846
857
875
889
902
913
924
937
949
968
973
983
990
1003
1010
1019
1039
1043
1053
1068
1079
1090
1104
1125
1135
1144
1149
1161
1175
1181
1182
1190
1195
1210
1213
1224
1232
1242
1244
1246
1264
1272
1285
1288
1297
1306
1316
1313
1321
1322
1336
1348
1359
1364
1371
1376
1388
1389
1395
1391
1400
1407
1420
1422
1431
1436
1447
1462
1465
1478
1477
1488
1492
1496
1511
1523
1537
1548
1560
1560
1562
1577
1590
1607
1620
1626
1638
1652
1660
1667
1672
1670
1667
1675
1684
1696
1705
1711
1714
1717
1718
1733
1749
1761
1769
1778
1779
1792
1806
1805
1802
1810
1816
1826
1830
1838
1841
1842
1846
1852
1871
1883
1893
1906
1912
1914
1917
1918
1930
1939
1944
1947
1951
1962
1966
1974
1976
1989
1998
1998
2003
2011
2014
2022
2024
2028
2031
2037
2046
2051
2059
2057
2049
2055
2053
2053
2052
2060
2073
2074
2081
2088
2094
2099
2098
2099
2103
2112
2125
2130
2127
2136
2144
2144
2147
2147
2153
2157
2161
2166
2161
2161
2169
2175
2171
2176
2182
2182
2178
2181
2185
2188
2194
2196
2196
2199
2207
2212
2205
2215
2219
2227
2235
2236
2235
2237
2248
2257
2263
2262
2272
2282
2282
2279
2286
2291
2290
2298
2310
2312
2319
2320
2323
2327
2334
2338
2345
2339
2343
2346
2331
2330
2333
2331
2347
2357
2354
2358
2361
2366
2364
2362
2368
2371
2373
2370
2364
2367
2366
2369
2369
2379
2383
2393
2391
2394
2405
2408
2414
2417
2418
2417
2420
2421
2430
2428
2427
2429
2436
2448
2452
2457
2452
2450
2452
2449
2451
2448
2447
2446
2453
2451
2455
2457
2462
2470
2462
2466
2470
2472
2473
2476
2475
2474
2474
2474
2476
2475
2473
2473
2470
2469
2476
2477
2476
2486
2483
2480
2475
2477
2482
2471
2474
2463
2467
2464
2465
2461
2457
2459
2461
2458
2460
2467
2473
2474
2476
2478
2476
2484
2485
