0
5
9
14
20
25
38
54
69
89
106
118
134
145
155
170
181
191
199
208
223
229
242
252
267
288
301
310
329
340
357
367
382
389
401
412
425
450
463
480
490
503
511
527
541
550
555
566
581
590
595
605
607
628
639
654
667
682
698
710
726
737
750
767
777
783
791
802
817
828
834
839
848
862
880
894
904
919
928
945
956
968
980
994
1011
1021
1031
1046
1057
1058
1070
1085
1092
1099
1108
1117
1128
1143
1154
1164
1174
1176
1184
1191
1197
1200
1208
1219
1230
1232
1240
1264
1271
1272
1275
1282
1286
1296
1305
1307
1316
1332
1342
1353
1355
1363
1376
1387
1392
1400
1408
1410
1418
1428
1435
1446
1452
1455
1466
1481
1486
1501
1504
1506
1519
1528
1540
1548
1554
1563
1572
1581
1589
1600
1606
1608
1615
1626
1628
1646
1656
1666
1672
1676
1682
1690
1691
1693
1701
1706
1715
1720
1722
1728
1732
1744
1754
1754
1763
1767
1779
1790
1789
1796
1806
1817
1817
1834
1833
1837
1838
1847
1846
1856
1866
1867
1875
1880
1885
1898
1909
1917
1933
1934
1931
1932
1942
1939
1941
1945
1950
1954
1968
1981
1982
1985
1992
1994
1990
1996
2012
2018
2030
2034
2034
2042
2043
2049
2047
2054
2055
2061
2061
2064
2069
2074
2079
2085
2091
2095
2089
2091
2099
2110
2112
2113
2119
2118
2125
2125
2125
2126
2133
2141
2143
2147
2149
2146
2151
2150
2157
2162
2169
2179
2188
2200
2197
2198
2211
2204
2210
2215
2209
2214
2217
2219
2215
2220
2226
2225
2231
2233
2232
2227
2221
2223
2227
2223
2226
2221
2223
2219
2225
2226
2225
2231
2239
2245
2254
2259
2271
2274
2276
2272
2270
2280
2293
2303
2310
2315
2320
2324
2325
2335
2336
2334
2339
2346
2346
2359
2364
2370
2374
2373
2380
2383
2384
2391
2398
2406
2412
2412
2409
2417
2424
2420
2427
2427
2422
2424
2430
2428
2433
2444
2440
2445
2454
2461
2452
2457
2458
2464
2466
2463
2470
2474
2470
2472
2471
2474
2475
2478
2483
2489
2491
2494
2503
2512
2516
2509
2505
2509
2510
2511
2511
2516
2514
2516
2512
2509
2507
2509
2503
2502
2511
2513
2513
2512
2512
2519
2525
2519
2516
2510
2502
2501
2497
2489
2487
2477
