959975
920875
883694
847617
812940
779870
747696
716729
686861
658192
630548
604319
578658
554636
531227
508875
487566
467134
447391
428421
410349
393080
376447
360572
345245
330682
316578
303495
290715
278335
266733
255609
244814
234409
224590
215260
206345
197783
189426
181585
174086
166744
159767
153089
146665
140534
134678
129118
123818
118712
113788
109074
104623
100353
96298
92391
88736
85077
81548
78300
75117
72161
69207
66436
63804
61386
59016
56754
54631
52542
50655
48797
47005
45250
43568
41908
40338
38861
37431
36001
34699
33485
32226
31056
29917
28834
27783
26802
25908
24992
24123
23431
22646
21897
21207
20507
19888
19212
18671
18150
17578
17077
16591
16101
15652
15253
14819
14371
14004
13646
13319
13012
12660
12338
12035
11757
11506
11284
11038
10829
10659
10469
10264
10062
9879
9706
9526
9358
9199
9020
8846
8727
8607
8461
8311
8152
8007
7898
7798
7752
7635
7552
7441
7343
7331
7257
7229
7115
7078
7065
6997
6978
6931
6894
6807
6770
6707
6707
6656
6635
6579
6512
6489
6425
6389
6342
6291
6250
6227
6168
6154
6129
6116
6088
6045
6018
5998
5970
5925
5903
5894
5852
5807
5801
5773
5741
5746
5708
5729
5742
5785
5785
5772
5741
5780
5803
5806
5789
5765
5760
5760
5770
5732
5723
5731
5770
5760
5747
5760
5771
5733
5709
5683
5676
5640
5613
5625
5640
5637
5612
5633
5606
5587
5572
5550
5569
5564
5582
5592
5585
5586
5593
5569
5564
5614
5612
5590
5603
5558
5569
5561
5594
5524
5529
5566
5564
5566
5537
5536
5530
5522
5514
5499
5514
5525
5563
5565
5577
5610
5636
5683
5676
5677
5712
5723
5714
5682
5685
5670
5734
5689
5716
5714
5675
5694
5685
5665
5609
5628
5640
5630
5683
5649
5652
5675
5676
5667
5693
5712
5762
5761
5788
5741
5733
5745
5766
5728
5745
5734
5767
5783
5787
5803
5812
5821
5837
5850
5854
5877
5847
5897
5897
5866
5892
5894
5912
5908
5903
5862
5865
5902
5902
5931
5935
5970
5959
5999
6040
6102
6092
6103
6115
6163
6179
6241
6275
6311
6380
6404
6447
6498
6545
6593
6619
6676
6773
6841
6906
7009
7099
7168
7240
7320
7375
7457
7534
7617
7666
7757
7830
7947
8020
8153
8248
8355
8447
8568
8676
8785
8908
9030
9157
9288
9394
9568
9723
9819
9930
10039
10129
10250
10355
10511
10656
10813
10979
11164
11380
11565
11741
11955
12173
12411
12624
12813
13021
13228
13448
13676
13903
