960112
921314
884017
847858
813197
779830
747641
717012
686962
658475
630781
604649
579666
555206
532050
509643
487975
467529
447864
428844
410778
393459
376961
361278
346125
331555
317561
304355
291430
279388
267663
256403
245694
235262
225413
215925
206837
198149
189934
182011
174251
167024
160099
153368
146953
140925
135034
129584
124114
118854
113920
109387
104894
100573
96491
92577
88969
85339
81960
78599
75395
72298
69520
66718
64177
61760
59409
57176
55040
52918
50978
49014
47245
45433
43731
41982
40441
38902
37539
36104
34721
33449
32217
31077
29971
28952
27968
26899
25989
25118
24245
23498
22761
21971
21310
20656
20001
19397
18806
18219
17713
17214
16606
16126
15688
15307
14897
14511
14131
13759
13436
13142
12858
12538
12206
11932
11653
11376
11145
10933
10712
10481
10260
10059
9857
9686
9506
9362
9183
9037
8891
8769
8609
8524
8415
8344
8229
8112
7986
7865
7753
7649
7582
7536
7382
7287
7218
7146
7110
7028
6951
6886
6902
6898
6833
6781
6728
6681
6604
6588
6566
6529
6458
6387
6372
6361
6328
6311
6289
6217
6190
6181
6157
6143
6139
6085
6025
6035
6050
6000
5995
5979
5968
5989
6002
6003
5988
5936
5952
5955
5934
5906
5891
5902
5879
5887
5875
5860
5858
5864
5839
5816
5833
5829
5819
5845
5864
5879
5839
5808
5806
5801
5809
5807
5779
5788
5820
5862
5833
5821
5806
5855
5846
5841
5837
5845
5821
5870
5868
5879
5855
5859
5874
5895
5924
5875
5855
5871
5893
5904
5900
5904
5883
5858
5849
5819
5823
5843
5815
5811
5824
5809
5846
5863
5873
5862
5844
5820
5870
5832
5845
5849
5868
5874
5870
5893
5879
5859
5849
5880
5841
5811
5818
5860
5848
5845
5825
5813
5810
5826
5774
5774
5757
5784
5807
5783
5797
5818
5824
5779
5751
5731
5770
5802
5809
5841
5824
5826
5813
5825
5847
5835
5851
5860
5907
5909
5924
5918
5890
5910
5946
5989
6038
6033
6054
6071
6106
6146
6164
6148
6153
6173
6200
6224
6250
6263
6306
6353
6351
6379
6404
6401
6452
6454
6493
6516
6580
6658
6727
6808
6914
6983
7029
7126
7203
7293
7403
7466
7589
7695
7815
7930
8067
8160
8329
8507
8667
8834
9024
9200
9387
9591
9801
9992
10182
10377
10566
10796
10967
11175
11379
11584
11806
12013
12230
12435
12651
12857
13117
13317
13501
13724
13901
14089
14290
14454
14624
14809
15020
15178
15417
15612
15850
16033
16242
16421
16629
16854
17112
17364
