959888
921190
884025
847440
812677
778935
746856
715932
686391
657883
630201
604011
578682
554388
531322
508986
487421
466859
447221
428433
410255
393083
376560
360672
345566
331150
316664
303321
290492
278433
266735
255332
244540
234270
224500
215244
206238
197658
189469
181517
173914
166875
159972
153307
146902
140665
134844
129211
123841
118714
113869
109245
104810
100499
96367
92518
88836
85265
81714
78439
75381
72469
69601
66813
64225
61713
59150
56812
54588
52529
50536
48670
46799
44966
43249
41649
40119
38596
37169
35751
34489
33218
32114
30972
29853
28788
27791
26814
25854
24971
24123
23255
22478
21780
21090
20410
19744
19104
18510
17965
17460
16930
16384
15935
15483
15091
14644
14209
13862
13534
13222
12889
12525
12187
11871
11599
11291
11034
10786
10576
10378
10173
10008
9815
9649
9454
9283
9134
8982
8868
8748
8598
8514
8387
8319
8258
8150
8052
7930
7820
7743
7657
7570
7478
7414
7314
7213
7196
7145
7070
7013
6964
6915
6864
6851
6765
6721
6664
6621
6614
6551
6550
6447
6388
6379
6322
6274
6217
6181
6179
6185
6187
6164
6154
6111
6118
6081
6042
6028
6069
6058
6019
5993
5969
5965
5934
5983
5925
5940
5921
5938
5900
5917
5905
5872
5844
5832
5845
5857
5860
5864
5864
5874
5853
5861
5850
5889
5879
5904
5906
5863
5858
5839
5807
5789
5814
5817
5811
5800
5827
5797
5813
5814
5807
5792
5782
5789
5791
5795
5808
5846
5834
5827
5810
5771
5765
5810
5786
5752
5755
5784
5749
5704
5702
5703
5698
5720
5721
5696
5700
5689
5643
5671
5678
5665
5677
5685
5676
5677
5705
5715
5709
5721
5723
5722
5721
5722
5729
5710
5726
5716
5746
5816
5804
5803
5810
5791
5798
5776
5748
5757
5749
5753
5756
5783
5790
5813
5842
5819
5828
5874
5863
5872
5854
5880
5898
5910
5954
5936
5919
5915
5933
5940
5942
5934
5918
5906
5917
5930
5913
5966
5962
6021
6005
6007
6038
6033
6016
6034
6074
6086
6110
6124
6128
6120
6128
6169
6180
6226
6221
6237
6286
6283
6321
6352
6350
6392
6413
6455
6480
6503
6560
6610
6663
6709
6748
6781
6814
6878
6925
6978
7038
7128
7208
7284
7344
7417
7468
7554
7580
7654
7718
7781
7872
7968
8050
8165
8252
8376
8510
8654
8771
8870
9011
9186
9357
9526
9683
9836
10029
10287
10498
10685
10889
11126
11353
11563
11780
12013
12250
12487
12713
12921
13163
13390
13610
13811
14005
14276
14524
