39199
74826
107042
136500
163009
187216
208596
227688
244729
260052
273524
284908
294707
303056
309765
315389
320019
323186
325398
326955
327461
327444
326557
324810
323082
320512
317491
313772
309597
305451
300991
296180
291519
286590
281095
275586
270233
264594
258989
253304
247737
241859
236307
230455
224880
219190
213672
208010
202496
197093
191584
186455
181161
175870
170967
166159
161164
156378
151719
147302
142862
138645
134489
130361
126317
122531
118718
115143
111612
108124
104732
101269
97997
94947
91765
88630
85726
82979
80266
77478
74923
72453
70020
67635
65383
63285
61204
59119
57231
55265
53463
51622
49845
48299
46659
45071
43512
42098
40790
39389
38101
36859
35725
34553
33412
32350
31248
30220
29202
28223
27459
26571
25675
24901
24079
23325
22592
21878
21228
20578
19997
19381
18826
18250
17718
17199
16717
16278
15791
15329
14883
14489
14122
13741
13349
12988
12705
12433
12108
11798
11459
11178
10887
10674
10444
10208
9983
9756
9532
9300
9076
8914
8741
8572
8446
8286
8129
7986
7835
7732
7613
7492
7340
7248
7181
7106
7016
6927
6842
6745
6679
6618
6522
6438
6346
6284
6228
6132
6070
5992
5931
5840
5809
5722
5687
5650
5603
5530
5500
5489
5444
5357
5332
5256
5188
5199
5176
5170
5152
5129
5096
5132
5139
5114
5072
5052
5034
5011
4988
4967
4921
4892
4862
4874
4881
4872
4875
4875
4861
4881
4864
4870
4828
4813
4796
4821
4825
4822
4826
4841
4778
4752
4798
4788
4785
4763
4733
4733
4733
4742
4761
4750
4736
4778
4783
4749
4713
4736
4692
4720
4734
4753
4793
4796
4808
4784
4765
4807
4817
4799
4757
4728
4743
4694
4676
4704
4692
4706
4697
4690
4690
4684
4655
4621
4612
4588
4587
4556
4574
4608
4579
4523
4540
4547
4527
4508
4495
4505
4552
4541
4539
4530
4556
4583
4580
4603
4600
4565
4591
4561
4586
4535
4568
4532
4526
4529
4546
4551
4523
4540
4535
4542
4522
4540
4510
4487
4442
4446
4428
4410
4343
4335
4313
4311
4286
4261
4261
4278
4235
4222
4223
4218
4162
4155
4143
4090
4087
4039
3994
3947
3920
3894
3837
3813
3773
3712
3685
3681
3661
3617
3545
3507
3438
3372
3303
3228
3149
3074
3026
2967
2939
2876
2817
2771
2735
2686
2633
2598
2600
2587
2562
2547
2486
2452
2415
2409
2379
2357
2295
2253
2213
2186
2141
2096
2051
2014
1968
1927
1865
1814
1750
1692
1637
1596
1530
1485
1419
1393
1372
1350
