6757
3328
2148
1599
1364
1150
1053
973
915
886
783
770
706
723
723
664
658
705
701
677
695
695
675
720
679
732
701
655
732
725
769
738
770
795
775
801
803
829
847
849
920
894
1010
965
959
1035
997
981
1123
1064
1098
1135
1223
1251
1313
1261
1341
1456
1404
1462
1565
1585
1645
1663
1715
1775
1888
1962
1980
2106
2120
2216
2299
2322
2481
2491
2560
2686
2743
2866
2938
3059
3181
3330
3368
3509
3528
3730
3794
3937
3945
4156
4281
4537
4634
4786
4851
5132
5300
5597
5690
5784
6086
6275
6394
6697
6931
7055
7295
7381
7944
7929
8421
8599
8763
9009
9344
9732
9996
10222
10549
10926
11218
11593
11651
11994
12365
12623
13011
13480
13812
14425
14793
15128
15396
15817
16156
16469
16807
17058
17421
17868
18488
19028
19467
19519
19950
20456
20780
21298
21859
22294
22744
23020
23565
23896
24125
24474
24837
25142
25350
25952
26361
26535
26671
27224
27618
27935
28512
28937
29414
29602
29937
30197
30419
30660
31296
31703
31956
32423
32954
33146
33401
33563
33902
34016
34206
34501
34627
34759
35122
35282
35194
35293
35452
35814
35934
36296
36494
36754
36879
37002
37310
37417
37679
37558
37395
37428
37642
37704
37836
37743
37764
38049
37923
37993
38094
38368
38673
38569
38551
38878
38944
39015
39009
39155
39231
39369
39525
39757
39775
39705
39747
39985
40140
40191
40212
40185
40027
39971
40195
40488
40581
40599
40749
40445
40494
40328
40204
40258
40277
39967
39728
39995
40384
40417
40429
40515
40446
40185
40241
40219
40299
40204
39970
39858
39803
39722
39642
39961
39784
39685
39371
39597
39527
39725
39805
39858
39775
39608
39861
39886
39767
40013
39872
39892
39959
39876
39871
40015
39943
39909
39972
40022
40092
40034
40367
40673
40589
40803
40921
41091
41077
40968
40963
41046
41276
41339
41377
41383
41370
41354
41333
41462
41588
42035
41888
42241
42191
42384
42336
42478
42641
42285
42406
42498
42644
42566
42537
42497
42503
42928
43001
43032
42992
42973
42804
42839
43286
43685
44223
44617
44978
45059
45688
46294
46660
47082
47466
48195
48602
49197
50072
50812
51553
52596
53454
54332
54983
56340
57322
58389
59893
61195
62344
63584
65048
66470
68173
69666
71122
72759
74468
76364
78124
79846
81656
83182
84927
86614
88430
90022
91623
93010
94061
94907
95817
96631
97374
98437
99197
99707
100450
101168
102314
103314
104361
105443
106736
108124
