7664
22504
32965
40783
47141
52260
56337
59580
62259
64588
66340
67896
68912
70114
70879
71546
72055
72597
72928
73158
73471
73641
74114
74184
74193
74379
74348
74407
74977
75188
75016
74765
74917
75050
74972
75132
75065
74625
74781
74689
74646
74399
74289
74442
74447
74873
74882
74902
74577
74492
74521
74282
74297
74324
74176
74431
74414
74342
74559
74862
74713
74444
74569
74654
74674
74581
74531
74484
74542
74227
74256
74065
74402
74364
73860
73907
73755
73541
73597
73725
73786
73641
73469
73396
73386
73448
73342
73296
73405
73293
73468
73238
73219
73199
72978
73093
73011
73010
72951
72748
72488
72283
72165
72347
72089
71912
71868
71844
72067
72151
72027
71998
71930
71503
71341
71355
71463
71156
71086
71071
70909
70911
70870
70642
70478
70337
70062
69589
69765
70023
69737
69342
69454
69025
68786
68926
68759
68763
68425
68300
68040
68128
67992
68004
67608
67552
67580
67382
67209
66986
66915
66763
66668
66400
66391
66310
66177
66048
65820
65787
65886
65955
65795
65855
65788
65688
65400
65423
65291
64936
64769
64764
64598
64390
64519
64331
64351
64478
64460
64172
64296
64361
64681
64390
64173
64028
63826
63894
63978
63975
63927
63740
63747
63814
63663
63543
63604
63722
63587
63422
63184
63251
63526
63395
63569
63599
63749
63691
63602
63432
63412
63494
63482
63570
63493
63554
63660
63729
63456
63432
63423
63195
63137
63057
63120
63242
63144
63223
63308
63340
63410
63383
63492
63165
63245
63340
63385
63039
63040
63076
63057
62928
62830
62899
63132
63093
62920
62943
62922
63031
63143
63203
62869
62903
62988
62725
62839
62628
62876
62816
63051
63455
63509
63470
63293
63135
63205
63359
63258
63386
63568
63540
63486
63452
63189
63131
63339
63259
63246
63500
63298
63216
62884
62871
62985
62812
62979
62940
62774
63107
63200
63213
62763
62753
62871
62730
62864
62902
63052
63026
62818
63023
62771
62591
62786
62640
62671
62449
62183
61838
61670
61837
61900
62071
62183
62389
62146
61768
61699
61900
61694
61871
61690
61584
61601
61575
61338
60965
60585
60682
60629
60732
60579
60602
60469
60396
60343
60547
60439
60210
60117
59828
59553
59536
59455
59169
58885
58673
58066
57705
57283
56957
56839
56653
56284
55869
55445
55082
54709
54330
54008
53466
53267
52955
52529
52241
52112
51849
51526
51219
50857
50669
50281
49698
49141
48833
48432
47727
47002
46531
46002
45411
45072
45345
45827
46526
47360
48277
48996
49245
49493
49623
49671
49472
48714
48379
47763
47144
46245
45577
