21
42
61
78
99
127
150
170
193
211
218
236
257
280
296
311
328
354
373
391
426
445
461
482
498
531
551
572
592
606
632
663
677
694
714
736
757
774
794
812
824
847
862
887
902
926
943
963
981
996
1010
1030
1048
1067
1094
1113
1128
1151
1171
1189
1202
1218
1231
1247
1271
1297
1317
1338
1355
1374
1399
1415
1443
1464
1479
1493
1505
1524
1548
1576
1595
1618
1640
1666
1688
1710
1728
1754
1775
1793
1818
1838
1857
1877
1896
1919
1939
1961
1977
2008
2035
2053
2062
2086
2105
2120
2139
2155
2170
2195
2224
2241
2265
2287
2307
2325
2351
2372
2395
2410
2425
2460
2481
2502
2522
2543
2560
2587
2607
2628
2657
2678
2705
2729
2755
2773
2787
2808
2825
2846
2869
2890
2914
2928
2945
2970
2988
3003
3023
3045
3060
3084
3105
3127
3150
3178
3204
3238
3255
3277
3292
3315
3332
3346
3369
3384
3408
3429
3449
3466
3480
3495
3519
3538
3565
3588
3605
3619
3645
3665
3689
3708
3728
3751
3768
3802
3830
3853
3876
3894
3919
3946
3971
3990
4007
4026
4046
4070
4089
4107
4126
4153
4171
4185
4205
4232
4252
4272
4294
4317
4344
4366
4387
4411
4434
4450
4467
4493
4510
4528
4559
4581
4604
4621
4641
4672
4697
4716
4745
4768
4791
4807
4825
4850
4868
4888
4903
4923
4938
4960
4986
5009
5044
5062
5084
5099
5124
5145
5167
5188
5196
5215
5233
5250
5276
5305
5327
5348
5376
5401
5423
5441
5462
5484
5509
5530
5547
5573
5594
5617
5646
5666
5686
5701
5720
5738
5758
5779
5801
5831
5856
5880
5899
5919
5933
5962
5985
6004
6027
6046
6065
6084
6109
6136
6156
6177
6195
6213
6237
6256
6282
6300
6320
6338
6368
6389
6407
6428
6446
6474
6506
6530
6549
6569
6591
6619
6639
6659
6686
6704
6720
6744
6766
6791
6810
6830
6845
6867
6887
6898
6914
6931
6945
6963
6989
7016
7041
7060
7082
7101
7121
7138
7158
7181
7203
7226
7246
7272
7285
7301
7320
7339
7358
7381
7404
7417
7435
7461
7490
7516
7543
7563
7581
7600
7617
7634
7653
7666
7693
7715
7727
7746
7765
7781
7806
7824
7845
7860
7887
7911
7938
7959
7987
8003
8017
8034
8056
8070
8094
8110
8129
8145
8168
8195
8215
8234
8252
8268
8295
8313
