22
45
65
83
114
131
150
170
191
211
234
251
275
291
328
346
368
381
397
416
438
456
480
504
526
540
551
569
598
626
642
665
678
693
712
736
753
777
786
811
832
851
872
896
909
931
954
970
984
1012
1032
1052
1075
1098
1121
1133
1151
1167
1186
1206
1229
1253
1269
1294
1310
1328
1347
1371
1389
1406
1420
1455
1472
1490
1518
1547
1565
1585
1611
1631
1652
1670
1687
1703
1724
1754
1783
1798
1821
1845
1866
1892
1917
1937
1956
1968
1995
2016
2033
2051
2069
2085
2108
2128
2150
2175
2191
2210
2223
2250
2274
2294
2316
2351
2364
2388
2406
2423
2447
2463
2481
2512
2523
2537
2556
2576
2599
2619
2637
2654
2665
2691
2706
2729
2750
2774
2788
2806
2830
2843
2865
2894
2918
2936
2959
2976
3007
3026
3049
3068
3080
3098
3124
3141
3160
3181
3206
3229
3243
3274
3296
3315
3330
3353
3378
3406
3431
3457
3483
3504
3528
3548
3561
3584
3606
3632
3649
3675
3699
3719
3730
3748
3767
3796
3814
3839
3866
3884
3904
3919
3943
3963
3986
4010
4035
4056
4079
4096
4115
4137
4159
4178
4192
4214
4235
4259
4282
4302
4322
4340
4363
4382
4405
4422
4442
4466
4489
4514
4533
4547
4572
4605
4629
4649
4667
4690
4712
4726
4746
4766
4791
4817
4846
4857
4879
4905
4933
4956
4973
4988
5015
5035
5057
5084
5110
5130
5154
5174
5197
5221
5237
5256
5274
5297
5319
5338
5360
5381
5407
5428
5448
5485
5508
5536
5548
5563
5580
5598
5623
5644
5669
5691
5706
5734
5755
5780
5805
5820
5839
5868
5892
5915
5934
5955
5976
6001
6020
6036
6050
6067
6090
6117
6136
6153
6181
6192
6210
6226
6241
6257
6276
6301
6331
6345
6369
6399
6416
6434
6450
6474
6491
6515
6535
6558
6580
6600
6621
6639
6664
6682
6702
6714
6727
6745
6764
6782
6799
6808
6832
6847
6865
6890
6908
6936
6961
6989
7008
7035
7051
7073
7094
7116
7135
7149
7165
7187
7205
7230
7244
7269
7283
7300
7316
7331
7348
7367
7385
7411
7432
7463
7480
7497
7515
7532
7541
7555
7570
7590
7610
7634
7665
7688
7713
7734
7764
7786
7807
7830
7844
7857
7885
7912
7928
7949
7968
7991
8015
8046
8062
8086
8105
8131
8150
8170
8192
8217
8235
8256
8278
8294
