0
0
5
13
16
25
36
40
48
53
63
73
81
88
97
111
120
124
131
142
155
169
181
193
199
211
218
227
229
239
240
244
247
256
254
252
254
253
260
266
266
269
276
279
281
293
286
287
285
283
277
291
291
296
294
299
299
300
299
309
317
313
311
311
313
312
313
308
304
297
302
292
291
295
298
301
299
303
300
305
299
299
290
298
289
286
288
288
291
293
295
290
289
277
278
277
280
276
272
273
265
271
262
253
252
247
253
246
245
242
241
242
237
237
238
232
225
222
217
215
216
217
215
206
210
213
221
221
219
215
217
217
222
217
217
214
209
206
199
204
202
198
198
194
192
190
186
184
185
186
177
182
181
179
177
171
168
167
166
168
171
170
165
162
158
156
151
150
152
153
151
152
148
153
158
156
156
155
152
153
150
150
153
153
152
148
147
150
152
154
152
149
155
155
156
155
155
155
156
154
154
152
145
144
144
141
138
135
134
129
131
127
125
125
126
129
129
133
136
139
135
136
141
140
142
143
140
139
139
136
135
132
130
130
133
133
136
140
142
140
143
140
142
140
142
145
151
151
155
160
160
164
160
161
163
163
162
162
165
161
159
165
166
165
168
176
170
169
169
172
176
176
175
181
183
184
185
187
188
182
184
181
184
180
178
181
181
185
188
185
185
188
184
182
188
192
198
202
195
195
198
201
197
195
196
195
196
196
199
204
202
204
202
202
204
202
205
209
209
210
214
216
212
213
211
205
213
213
215
218
219
227
226
222
225
229
226
220
226
231
230
233
237
236
235
227
225
225
231
230
236
224
222
228
226
221
216
218
222
226
228
232
236
237
232
227
228
227
227
227
225
229
230
228
228
233
228
229
218
218
214
213
210
210
212
212
209
207
210
211
209
208
208
208
203
202
201
197
190
186
