566
608
679
746
813
894
1001
1097
1212
1311
1421
1546
1676
1832
1959
2116
2241
2392
2566
2739
2920
3119
3329
3565
3762
4011
4322
4589
4895
5215
5465
5771
6156
6417
6752
7137
7488
7761
8111
8465
8797
9122
9387
9741
10132
10508
10871
11208
11569
11920
12204
12590
12888
13272
13641
13878
14170
14393
14764
15107
15260
15511
15740
15971
16076
16275
16431
16627
16973
17168
17525
17607
17757
18016
18263
18383
18554
18824
18983
19149
19410
19519
19660
19819
20035
20138
20349
20475
20559
20764
21028
21222
21332
21556
21621
21821
21940
22009
22077
22187
22225
22245
22216
22206
22337
22351
22411
22430
22429
22420
22361
22247
22304
22132
22042
22062
21898
21889
21880
21820
21827
21638
21547
21427
21380
21191
21144
21071
21097
21088
21067
20890
20833
20787
20653
20662
20521
20455
20407
20312
20312
20181
20153
20022
19956
19834
19824
19884
19754
19560
19481
19436
19310
19256
19091
18981
18991
18944
18883
18787
18732
18639
18509
18363
18210
18117
17962
17853
17635
17566
17570
17421
17322
17241
17072
16981
16855
16756
16523
16271
16065
15805
15613
15550
15442
15229
15057
14891
14623
14454
14260
14068
13849
13676
13511
13368
13172
13080
12876
12654
12457
12221
11886
11636
11391
11189
11042
10775
10564
10353
10171
9945
9763
9563
9246
9096
8891
8686
8482
8301
8143
7927
7813
7651
7519
7389
7192
7058
6946
6785
6682
6588
6479
6293
6135
5919
5838
5737
5594
5431
5269
5117
4967
4799
4668
4499
4371
4290
4176
4073
3948
3878
3783
3703
3611
3486
3385
3311
3227
3130
3052
2976
2852
2764
2700
2590
2538
2472
2406
2322
2233
2185
2102
2033
1976
1925
1840
1792
1729
1682
1635
1566
1525
1470
1414
1370
1337
1279
1221
1164
1123
1078
1022
996
987
950
918
879
861
844
784
743
718
689
650
620
612
587
558
536
513
487
463
451
420
405
399
381
373
350
321
323
307
290
265
240
231
209
195
188
176
160
141
142
130
116
109
106
97
89
90
90
93
83
79
75
76
69
65
67
59
48
45
47
52
53
49
45
41
37
33
28
29
29
26
25
24
24
20
19
18
18
18
15
15
15
14
18
16
18
13
11
11
10
9
8
6
6
6
5
3
3
4
4
2
2
2
2
2
2
