0
2
3
7
15
25
40
52
62
78
86
100
109
119
130
145
160
172
188
202
209
221
237
249
260
269
278
293
310
323
334
344
357
365
371
387
392
402
412
430
450
461
481
494
505
522
530
548
564
582
604
620
641
661
679
696
713
717
727
741
748
753
763
775
794
808
821
842
850
860
873
883
893
901
913
923
935
950
955
963
975
993
1010
1022
1040
1049
1057
1061
1067
1072
1080
1087
1098
1115
1126
1139
1154
1170
1177
1184
1190
1193
1211
1219
1227
1245
1255
1268
1279
1296
1318
1326
1336
1350
1356
1366
1378
1395
1403
1414
1425
1440
1440
1451
1454
1461
1469
1477
1490
1495
1500
1510
1514
1513
1520
1528
1536
1547
1550
1564
1570
1578
1583
1590
1593
1596
1603
1618
1635
1645
1659
1662
1668
1677
1699
1705
1707
1719
1724
1730
1746
1751
1769
1776
1783
1795
1802
1814
1825
1834
1842
1849
1858
1863
1874
1881
1878
1882
1890
1896
1910
1921
1928
1928
1938
1950
1959
1972
1979
1990
1987
2003
2014
2022
2031
2037
2050
2054
2058
2057
2063
2074
2076
2081
2083
2093
2097
2100
2120
2129
2140
2144
2147
2158
2162
2164
2165
2180
2191
2199
2206
2209
2214
2218
2220
2217
2214
2222
2232
2240
2245
2248
2252
2259
2270
2272
2271
2279
2292
2301
2302
2311
2315
2315
2321
2327
2332
2336
2346
2357
2363
2365
2378
2383
2392
2399
2400
2401
2404
2414
2420
2424
2428
2430
2431
2433
2439
2442
2444
2454
2461
2463
2459
2457
2459
2464
2469
2475
2478
2476
2481
2484
2490
2488
2489
2491
2495
2503
2507
2513
2516
2517
2517
2518
2513
2509
2503
2502
2499
2496
2501
2506
2507
2512
2522
2519
2518
2512
2508
2506
2515
2517
2526
2520
2525
2529
2532
2531
2525
2526
2524
2518
2519
2518
2517
2517
2517
2509
2512
2509
2507
2505
2499
2494
2496
2495
2491
2484
2483
2477
2461
2451
2447
2442
2437
2428
2419
2412
2412
2402
2395
2392
2384
2372
2366
2356
2349
2336
2334
2329
2321
2314
2308
2305
2299
2293
2287
2274
2264
2256
2251
2240
2233
2218
2215
2208
2197
2193
2187
2181
2173
2161
2155
2152
2146
2136
2129
2121
2114
2104
2097
2090
2080
2074
2067
2057
2051
2045
2043
2038
2031
2026
2018
2008
2003
1998
1991
1991
1981
1967
1957
1951
1943
1937
1925
1918
1908
1901
1892
1890
1883
1874
1868
1858
1855
1846
1840
1832
1823
1811
1807
1804
1792
1782
1774
1770
1763
1756
1747
1736
1732
1729
1722
1716
1708
1701
1695
1691
1685
1677
1670
1660
1652
1646
1637
1631
1626
1625
1608
1601
1594
1591
1584
1577
1573
1565
1557
1553
1548
1535
1531
1525
1521
1515
1511
1505
1500
1494
1485
1479
1475
1469
1462
1457
1451
1446
1440
1437
1429
1424
1419
1412
1408
1402
1395
1388
1384
1377
1373
1369
1361
1359
1355
1348
1335
1328
1324
1318
1316
1312
1308
1301
1294
1289
1286
1282
1275
1270
1269
1264
1258
1255
1253
1248
1243
1237
1231
1223
1221
1220
1216
1209
1202
1198
1193
1189
1186
1183
1179
1175
1169
1162
1158
1151
1147
1138
1129
1123
1121
1118
1109
1105
1103
1096
1092
1090
1086
1083
1074
1068
1061
1052
1047
1042
1038
1033
1028
1024
1021
1020
1014
1008
1002
999
993
992
987
982
978
974
973
969
965
960
958
953
951
945
945
942
939
935
933
930
927
927
926
922
922
916
