995908
991867
987774
983646
979526
975463
971282
967158
963004
959024
954883
950825
946780
942649
938539
934691
930572
926561
922614
918581
914680
910682
906720
902918
898994
895055
891110
887205
883438
879627
875849
872032
868322
864640
860903
857131
853378
849613
845805
842187
838538
834864
831202
827649
824154
820613
817011
813532
809987
806407
803036
799615
796205
792871
789479
785998
782546
779185
775790
772496
769088
765744
762595
759141
755850
752651
749412
746258
742977
739820
736646
733443
730277
727095
724089
721008
717887
714820
711689
708524
705438
702467
699311
696322
693296
690343
687355
684340
681438
678459
675583
672744
669883
667002
664151
661174
658341
655443
652564
649882
647152
644424
641802
639127
636517
633801
631155
628549
625877
623247
620564
617876
615297
612762
610176
607613
604995
602316
599827
597310
594737
592300
589787
587239
584727
582283
579849
577422
574896
572557
570193
567787
565366
563058
560699
558351
556021
553756
551461
549229
546950
544599
542366
540171
537880
535690
533430
531119
528866
526607
524438
522223
520026
517796
515643
513533
511478
509370
507305
505241
503131
501126
499097
497028
494991
492955
490977
488942
486904
484894
482920
480889
478971
476965
475020
473050
471145
469248
467350
465593
463699
461765
459920
458055
456225
454361
452563
450746
448901
447129
445412
443691
441846
440063
438263
436492
434679
432963
431361
429628
427978
426293
424594
422902
421211
419522
417907
416282
414636
413024
411377
409842
408264
406712
405212
403723
402161
400621
399148
397682
396200
394750
393297
391862
390412
388931
387484
386152
384756
383360
381983
380623
379297
377933
376661
375408
374102
372850
371674
370415
369246
368075
366958
365850
364743
363699
362733
361717
360741
359776
358799
357856
356989
356098
355317
354505
353713
352995
352222
351556
350896
350261
349662
349085
348635
348117
347696
347293
346887
346468
346095
345808
345539
345372
345230
345143
345047
344964
344910
344825
344727
344710
344675
344656
344703
344768
344811
344864
344906
344984
345103
345174
345256
345345
345469
345609
345701
345810
345914
345998
346033
346108
346186
346268
346369
346434
346515
346614
346684
346740
346798
346825
346881
346906
346943
347002
347074
347162
347300
347439
347580
347729
347872
348031
348195
348381
348515
348684
348841
349013
349178
349348
349523
349681
349838
349991
350149
350293
350468
350647
350802
350972
351137
351309
351480
351635
351802
351960
352122
352284
352450
352617
352788
352950
353114
353262
353413
353553
353700
353895
354053
354222
354368
354526
354698
354854
355021
355173
355332
355513
355673
355842
356021
356192
356364
356543
356726
356867
357027
357193
357369
357538
357714
357851
358045
358192
358331
358493
358644
358819
358985
359144
359300
359474
359624
359774
359907
360061
360233
360390
360536
360717
360882
361039
361179
361346
361523
361685
361828
361989
362143
362309
362479
362638
362785
362953
363118
363293
363458
363636
363790
363944
364078
364240
364382
364526
364671
364835
364990
365153
365312
365475
365628
365782
365949
366122
366263
366411
366577
366723
366877
367036
367178
367338
367488
367635
367811
367977
368164
368330
368492
368642
368811
368965
369143
369328
369494
369651
369795
369946
370105
370240
370389
370547
370691
370839
370996
371150
371302
371455
371616
371762
371920
372092
372246
372417
372574
372712
372869
373006
373173
373330
373482
373629
373805
373954
374111
374271
374409
374559
374686
374855
374994
375151
375304
375444
375616
375777
375952
376111
376274
376424
376583
376726
376894
377049
377199
377365
377545
377701
377877
378048
378215
378354
378518
378671
378827
378970
379148
379301
379454
379586
379722
379868
380058
380198
380364
380530
380702
380859
381023
381180
381350
381532
381697
381856
382011
382160
382328
382479
382619
382761
382894
383041
383213
383365
383527
383667
383831
383976
384138
384275
384431
384564
384713
384860
385002
385133
385312
385476
385599
385762
385923
386071
386229
386381
386519
386676
386839
387002
387143
387308
387450
387581
387706
387861
388018
388171
388333
388496
388662
388809
388949
389116
389257
389415
389556
389698
389852
390015
390163
390298
390440
390590
390740
390882
391035
391201
391351
391512
