996029
991912
987879
983839
979706
975610
971459
967279
963195
959176
955054
950922
946866
942918
938890
934969
931072
927049
923038
919086
915172
911217
907368
903458
899493
895693
891812
887943
884117
880226
876480
872754
869027
865265
861478
857833
854066
850530
846884
843168
839560
835934
832273
828677
825137
821540
817987
814530
810899
807499
803987
800481
797063
793696
790279
786948
783464
780091
776800
773416
770000
766658
763361
760075
756768
753477
750257
746949
743822
740685
737464
734364
731214
728071
724992
721945
718851
715813
712711
709654
706676
703642
700661
697668
694781
691808
688847
685918
682967
680036
677217
674381
671455
668629
665874
662981
660144
657353
654497
651722
648935
646163
643378
640565
637820
635248
632593
629922
627332
624628
621946
619258
616569
613829
611276
608630
606046
603599
600996
598485
595951
593457
590896
588363
585873
583420
580897
578459
576042
573606
571121
568601
566245
563829
561499
559154
556906
554509
552194
549943
547628
545383
543079
540825
538553
536246
533967
531790
529663
527464
525342
523162
520975
518758
516620
514533
512397
510363
508143
506089
503944
501906
499813
497725
495683
493602
491596
489513
487548
485549
483569
481593
479596
477634
475674
473713
471847
469884
467933
466131
464283
462463
460569
458744
456939
455179
453422
451624
449877
448036
446240
444428
442741
441018
439227
437500
435787
434114
432373
430753
429042
427341
425719
424163
422669
421015
419403
417880
416370
414854
413259
411803
410257
408756
407339
405918
404470
403001
401539
400234
398959
397620
396273
394994
393697
392496
391274
390041
388839
387589
386425
385289
384162
383079
381989
380912
379925
378883
377905
376965
376099
375231
374409
373611
372846
372171
371492
370877
370313
369782
369238
368794
368404
367985
367625
367284
366980
366718
366486
366279
366118
366021
365969
365998
366058
366136
366252
366326
366390
366500
366597
366671
366746
366861
366986
367122
367275
367431
367586
367744
367892
368036
368202
368372
368556
368726
368886
369032
369195
369354
369504
369675
369826
369993
370123
370274
370427
370583
370734
370898
371075
371231
371384
371548
371714
371880
372062
372205
372372
372526
372700
372847
373016
373173
373340
373488
373642
373802
373955
374133
374294
374442
374625
374796
374956
375105
375256
375414
375568
375735
375893
376046
376209
376352
376506
376680
376836
377002
377161
377294
377461
377599
377762
377901
378048
378191
378336
378499
378662
378790
378937
379096
379255
379418
379554
379718
379876
380024
380185
380353
380498
380669
380837
380982
381137
381296
381459
381596
381744
381902
382065
382215
382347
382505
382653
382807
382956
383096
383271
383415
383560
383693
383855
384003
384166
384336
384493
384633
384800
384957
385102
385250
385410
385575
385743
385909
386068
386210
386350
386510
386653
386818
386968
387121
387276
387426
387593
387731
387900
388074
388205
388363
388502
388695
388851
389011
389168
389313
389471
389634
389791
389947
390107
390269
390432
390591
390746
390896
391060
391223
391382
391560
391726
391884
392021
392173
392302
392455
392584
392733
392885
393057
393201
393364
393498
393653
393784
393958
394106
394253
394402
394557
394704
394832
394984
395125
395265
395420
395560
395703
395863
396020
396181
396313
396490
396640
396792
396936
397088
397231
397373
397527
397673
397801
397949
398087
398269
398427
398575
398724
398913
399060
399212
399370
399527
399664
399820
399967
400126
400272
400399
400561
400717
400885
401064
401226
401376
401527
401679
401836
401980
402116
402282
402437
402607
402774
402900
403036
403185
403336
403492
403627
403766
403933
404092
404251
404410
404575
404713
404879
405046
405176
405331
405477
405621
405774
405933
406088
406225
406362
406523
406673
406854
407009
407135
407289
407417
407581
407727
407855
407989
408137
408285
408445
408589
408728
408860
409000
409163
409289
409412
409566
409717
409861
410014
410154
410300
410448
410582
410757
410910
411061
411213
411367
411511
411664
411804
411956
412105
412248
412390
412517
412691
412825
412979
413136
413285
413432
413599
413742
413880
414035
414195
414357
414500
414669
414811
414955
415115
415259
415399
415527
415679
415825
415987
416124
416263
416387
416539
416691
