996038
991998
987804
983656
979600
975506
971389
967263
963092
958996
954884
950776
946766
942739
938570
934539
930547
926607
922755
918810
914751
910866
906831
902827
898988
895171
891321
887388
883484
879735
876037
872290
868475
864834
861089
857391
853526
849921
846268
842571
838754
835185
831580
827906
824331
820796
817217
813676
810220
806721
803215
799810
796390
793005
789565
786211
782821
779418
775978
772573
769185
765837
762483
759197
755843
752576
749310
746112
742841
739604
736452
733214
730142
727027
724023
720920
717873
714780
711680
708582
705590
702515
699578
696527
693618
690651
687650
684647
681710
678844
675972
672990
670203
667330
664468
661568
658726
655931
653138
650350
647625
644811
642072
639420
636657
633942
631182
628481
625741
623147
620497
617847
615152
612527
609904
607312
604784
602140
599518
596958
594511
591955
589388
586961
584528
582060
579695
577261
574819
572419
570075
567680
565305
562934
560556
558230
555864
553530
551172
548871
546605
544227
541960
539737
537461
535129
532906
530704
528466
526300
524174
521958
519728
517637
515486
513363
511181
509062
506958
504760
502665
500562
498543
496520
494453
492393
490403
488424
486390
484370
482320
480353
478346
476412
474380
472537
470579
468588
466623
464771
462848
460989
459137
457192
455328
453493
451693
449963
448107
446307
444529
442706
440938
439252
437458
435703
433913
432258
430482
428749
427001
425268
423592
421954
420329
418685
417009
415292
413664
412190
410663
409072
407466
405916
404270
402694
401172
399537
398022
396528
395110
393579
392100
390643
389176
387750
386280
384866
383440
382013
380606
379360
377938
376573
375223
373917
372605
371266
370096
368855
367693
366559
365371
364167
363057
361973
360871
359739
358622
357506
356417
355317
354357
353386
352414
351456
350505
349548
348595
347692
346842
345979
345202
344428
343659
342916
342200
341501
340856
340168
339497
338894
338318
337782
337222
336716
336257
335788
335362
334928
334579
334255
333971
333683
333386
333061
332786
332553
332388
332206
332051
331919
331804
331706
331651
331572
331483
331423
331345
331288
331220
331112
331044
330963
330901
330811
330685
330616
330607
330585
330577
330551
330502
330391
330319
330357
330392
330419
330435
330524
330638
330793
330936
331081
331217
331363
331536
331705
331879
332029
332203
332362
332521
332679
332840
333005
333188
333371
333546
333733
333902
334103
334286
334449
334618
334795
334945
335116
335277
335456
335620
335798
335956
336108
336268
336406
336571
336747
336919
337089
337253
337446
337614
337783
337959
338108
338263
338441
338612
338787
338964
339138
339308
339473
339626
339795
339952
340142
340292
340474
340636
340815
340965
341135
341316
341509
341663
341810
341948
342124
342276
342446
342622
342818
342961
343122
343285
343444
343626
343789
343938
344078
344254
344407
344569
344737
344902
345063
345213
345356
345517
345679
345846
346007
346187
346347
346502
346653
346805
346963
347110
347294
347436
347614
347775
347950
348108
348287
348441
348619
348783
348946
349103
349274
349423
349584
349747
349895
350056
350219
350368
350521
350686
350851
351018
351190
351348
351492
351643
351795
351944
352126
352291
352451
352612
352771
352929
353096
353248
353434
353587
353737
353893
354032
354194
354356
354512
354676
354853
355014
355182
355360
355522
355685
355841
355999
356171
356309
356474
356647
356814
356982
357148
357308
357469
357639
357800
357967
358127
358286
358447
358598
358764
358939
359090
359242
359409
359566
359727
359884
360022
360161
360313
360476
360652
360819
360956
361102
361229
361387
361545
361716
361876
362043
362197
362361
362545
362705
362872
363028
363191
363356
363501
363672
363802
363960
364133
364289
364436
364585
364735
364905
365078
365244
365413
365593
365741
365901
366048
366201
366352
366524
366662
366821
366976
367134
367272
367424
367566
367721
367865
368049
368194
368332
368483
368653
368801
368960
369117
369246
369404
369558
369715
369876
370052
370215
370356
370494
370652
370815
370958
371110
371274
371426
371563
371732
371887
372042
372207
372365
372534
372670
372821
372959
373116
373269
373423
373580
373759
373910
374065
374245
374402
374581
374748
374926
375078
375221
375374
375541
