3993
7790
11409
14805
18097
21267
24229
26957
29567
31888
34116
36307
38423
40403
42221
43940
45499
47038
48399
49906
51199
52385
53530
54536
55634
56533
57396
58117
58806
59441
60062
60695
61159
61583
62085
62476
62941
63238
63590
63773
64039
64290
64448
64696
64837
64886
64932
65193
65245
65228
65210
65282
65245
65286
65242
65109
65027
65029
64994
64965
64937
64780
64656
64446
64332
64089
64068
63968
63925
63738
63565
63306
63048
62967
62648
62505
62331
62250
62156
61909
61590
61243
61099
60939
60665
60515
60317
60256
60032
59923
59597
59360
59261
58907
58644
58279
58168
57937
57773
57582
57313
57062
56851
56681
56432
56303
55966
55734
55544
55112
55074
54835
54548
54389
54101
53882
53666
53372
53005
52911
52752
52525
52312
52152
51923
51562
51401
51173
50951
50733
50508
50346
50192
49835
49531
49351
49196
49043
49017
48828
48627
48366
48148
48028
47761
47543
47371
47075
46836
46548
46353
46261
46051
45820
45826
45618
45436
45292
45072
44808
44515
44368
44191
44007
43741
43665
43503
43263
42990
42687
42460
42302
42044
41852
41681
41476
41299
41120
41025
40917
40741
40662
40477
40272
40054
39924
39842
39618
39400
39198
39054
38930
38717
38585
38406
38247
38025
37920
37877
37583
37400
37212
37081
36903
36696
36507
36280
36135
35913
35795
35657
35578
35380
35233
35115
35040
34802
34674
34422
34136
33894
33742
33486
33277
33041
32794
32490
32283
32024
31855
31627
31523
31321
31044
30719
30425
30072
29869
29419
29130
28830
28539
28086
27736
27417
27066
26668
26208
25607
25122
24763
24258
23687
23221
22670
22141
21538
20980
20491
19976
19390
18857
18314
17751
17239
16780
16302
15729
15181
14625
14098
13543
13115
12665
12205
11717
11199
10669
10090
9620
9175
8771
8347
8020
7685
7336
6997
6655
6322
5988
5684
5384
5070
4788
4531
4294
4059
3846
3662
3473
3293
3123
2949
2791
2611
2490
2342
2231
2111
1998
1894
1790
1692
1602
1516
1435
1351
1287
1216
1151
1087
1023
974
926
872
835
785
734
687
642
610
577
543
521
498
479
447
417
394
383
366
344
324
304
294
277
266
257
247
233
224
210
197
183
172
164
160
151
141
135
125
117
108
105
99
96
91
90
89
87
83
78
75
70
65
64
64
60
57
56
52
47
46
45
38
34
31
31
29
28
26
25
25
24
22
22
21
18
17
17
16
16
13
13
12
11
11
11
10
8
8
7
6
6
6
6
6
6
6
6
6
5
5
5
3
3
3
3
3
3
3
3
3
2
2
1
1
1
1
1
1
1
1
1
0
0
0
0
0
0
0
0
0
0
0
0
0
0
0
0
0
0
0
0
0
0
0
0
0
0
0
0
0
0
0
0
0
0
0
0
0
0
0
0
0
0
0
0
0
0
0
0
0
0
0
0
0
0
0
0
0
0
0
0
0
0
0
0
0
0
0
0
0
0
0
0
0
0
0
0
0
0
0
0
0
0
0
0
0
0
0
0
0
0
0
0
0
0
0
0
0
0
0
0
0
0
0
0
0
0
0
0
0
0
0
0
0
0
0
0
0
0
0
0
0
0
0
0
0
0
0
0
0
0
0
0
0
0
0
0
0
0
0
0
0
0
0
0
0
0
0
0
0
0
0
0
0
0
0
0
