3977
7673
11280
14624
17795
20782
23619
26497
28979
31404
33807
36116
38203
39989
41804
43638
45266
46737
48138
49452
50730
51967
53114
54019
55005
56026
56955
57835
58458
59234
59898
60508
60969
61547
62106
62504
62831
63130
63501
63923
64254
64500
64654
64782
64956
65063
65232
65291
65379
65535
65658
65707
65802
65702
65593
65658
65545
65422
65272
65180
65068
64952
64863
64748
64573
64429
64238
64129
63908
63719
63540
63399
63121
63066
62815
62627
62384
62173
61973
61872
61711
61374
61008
60779
60607
60322
60156
59952
59747
59531
59339
59126
58978
58623
58303
58062
57890
57732
57602
57373
57056
56974
56845
56586
56225
56017
55711
55514
55347
55123
54937
54606
54543
54371
54234
54010
53768
53547
53322
53086
52905
52673
52381
52208
52062
51808
51408
51263
51080
51030
50769
50665
50398
50171
49841
49618
49470
49184
48905
48604
48457
48264
48148
47906
47634
47361
47138
46890
46818
46608
46302
46166
45962
45802
45633
45494
45302
45117
44954
44878
44611
44416
44228
44079
43952
43766
43492
43176
42987
42819
42602
42426
42277
42090
41823
41692
41468
41280
41187
40993
40863
40552
40381
40231
40071
39934
39749
39456
39316
39095
38965
38796
38520
38373
38177
38030
37858
37643
37513
37262
37080
37029
36905
36694
36526
36340
36100
35910
35810
35752
35640
35482
35234
34980
34786
34653
34456
34228
33986
33835
33693
33524
33348
33149
32934
32784
32579
32344
32037
31822
31518
31309
31222
31010
30708
30443
30190
29924
29662
29394
29205
28948
28722
28378
28069
27795
27464
27177
26830
26468
26059
25701
25301
24856
24420
24014
23510
22983
22566
22158
21714
21137
20717
20306
19789
19197
18663
18102
17450
16850
16311
15766
15222
14677
14219
13806
13375
12940
12436
12010
11600
11121
10654
10212
9765
9341
8928
8546
8210
7817
7474
7101
6759
6410
6098
5770
5456
5179
4907
4649
4386
4176
3955
3728
3517
3322
3127
2946
2782
2633
2507
2367
2253
2156
2052
1964
1864
1766
1686
1605
1530
1442
1361
1296
1229
1165
1096
1039
978
918
876
829
780
744
714
674
638
605
571
542
509
472
445
426
413
389
369
351
336
317
301
280
271
256
243
227
217
201
195
185
179
174
167
159
151
141
136
129
124
117
109
105
101
95
86
82
77
75
71
68
62
57
56
53
48
46
44
39
37
35
33
33
33
33
30
29
28
26
25
25
24
24
23
21
20
20
20
19
19
17
17
17
17
16
12
12
12
11
10
8
8
8
8
8
8
8
8
8
6
6
6
6
5
4
4
3
3
2
2
2
1
1
1
1
1
1
1
1
1
1
1
1
1
1
1
1
1
1
1
1
1
1
1
1
1
1
1
1
1
1
1
1
1
1
1
1
1
0
0
0
0
0
0
0
0
0
0
0
0
0
0
0
0
0
0
0
0
0
0
0
0
0
0
0
0
0
0
0
0
0
0
0
0
0
0
0
0
0
0
0
0
0
0
0
0
0
0
0
0
0
0
0
0
0
0
0
0
0
0
0
0
0
0
0
0
0
0
0
0
0
0
0
0
0
0
0
0
0
0
0
0
0
0
0
0
0
0
0
0
0
0
0
0
0
0
0
0
0
0
0
0
0
0
0
0
0
0
0
0
0
0
0
0
0
0
0
0
0
0
0
