1179
7570
18484
30254
40623
48647
54502
58796
62071
64516
66572
68278
69538
70596
71316
71999
72606
72842
73034
73237
73570
73633
73887
74117
74210
74139
74241
74056
74308
74270
74326
74311
74230
74336
74192
74031
74024
74095
74329
74483
74534
74434
74306
73972
73854
73907
74104
74130
74030
74071
74282
74075
73931
73676
73738
73869
73619
73665
73568
74020
74002
74046
73706
73952
73825
73796
73986
73951
73735
73918
74113
74061
74299
74254
74046
74414
74425
74430
74460
74549
74205
74035
73790
73631
73552
73319
73255
73458
73379
73294
73112
72724
72768
72865
73122
73306
73502
73611
73622
73581
73308
73169
73139
73284
73530
73709
73428
73481
73283
73453
73419
73383
73384
73440
73436
73209
73339
73340
73448
73558
73486
73622
73572
73701
73484
73239
73359
73433
73401
73577
73650
73606
73599
73388
73606
73558
73593
73423
73442
73305
73549
73817
73603
73571
73543
73624
73838
73785
73506
73541
73636
73720
73780
73847
73604
73649
73291
73276
73244
73413
73635
73617
73407
73283
73123
73144
73053
73062
72967
72861
73139
73019
73307
73323
73322
73494
73373
73166
72854
72936
72869
72849
73039
73211
73242
73077
72982
72680
72687
72522
72791
72940
73138
72513
72620
72954
73094
73102
73172
73228
73407
73082
73261
73426
73611
73635
73481
73847
73861
73604
73475
73415
73519
73263
73122
73132
73059
72921
72775
72929
73010
72898
72745
72866
72741
72567
72681
72619
72382
72544
72350
72588
72397
72607
72800
72821
72925
72955
72900
72775
72461
72392
72425
72604
72339
72541
72485
72156
72047
72282
72319
72267
72094
72072
72201
72552
72418
72307
72253
72283
72132
71785
71785
71924
71924
71659
71506
71282
71453
71587
71634
71313
71338
71511
71537
71453
71423
71081
70849
70753
70880
70573
70416
70063
69661
69697
69741
69499
69204
69303
69231
68696
68365
68354
68034
68140
67951
67663
67367
67199
66636
66299
66029
65624
65119
64822
63802
63361
62844
62157
61849
61361
60926
60232
59791
59011
58139
57599
57071
56279
55622
54989
54226
53566
52865
51790
50951
50124
49325
48710
47864
46972
46224
45446
44636
43680
42321
41499
40678
39861
38941
38066
37307
36496
35634
34652
33732
32978
32240
31227
30440
29427
28626
27728
26976
26167
25393
24558
23576
22660
21842
21104
20390
19621
18931
18113
17494
16929
16370
15885
15375
14908
14319
13779
13148
12509
11957
11602
11329
10891
10525
10149
9897
9606
9261
8892
8513
8204
7868
7502
7267
6867
6657
6313
5954
5628
5351
5068
4829
4559
4227
3949
3748
3512
3370
3186
3023
2829
2696
2532
2401
2239
2095
1949
1823
1722
1621
1535
1426
1346
1255
1188
1137
1068
1012
971
944
912
845
775
775
746
747
696
669
675
640
607
573
544
516
487
463
462
425
395
366
344
325
304
272
261
244
234
225
207
199
183
185
178
171
180
184
178
171
172
162
167
175
156
158
145
126
111
115
111
123
119
107
105
108
104
103
95
91
94
92
85
90
100
89
78
76
76
86
79
81
80
81
88
94
98
94
96
83
63
50
36
30
23
17
14
11
9
7
6
5
5
5
4
2
2
2
2
2
2
1
1
1
1
1
1
1
1
1
1
1
1
0
0
0
0
0
0
0
0
0
0
0
0
0
0
0
0
0
0
0
0
0
0
0
0
0
0
0
0
0
0
0
0
0
0
0
0
0
0
0
0
0
0
0
0
0
0
0
0
0
0
0
0
0
0
0
0
0
0
0
0
0
0
