1148
7470
18445
30655
40819
48738
54478
58742
62007
64546
66457
67892
69252
70308
71200
71301
71905
72445
73053
73301
73512
73480
73556
73535
73660
73624
73871
74077
74203
74098
74018
74074
74069
74128
73967
73972
74003
74141
74231
74473
74251
74227
74267
74107
74315
74317
74160
74164
74037
73954
74130
74227
74208
74221
74164
74291
73952
73953
74043
74017
74033
74059
74127
74130
74046
73833
74060
74357
74333
74050
74244
74218
74241
74209
73973
73858
73880
74050
73935
74259
74371
74537
74265
74477
74362
74640
74687
74794
74659
74219
74295
74266
74097
73917
73900
73900
73829
74005
73849
73797
73652
73930
73835
73697
73849
73796
73721
73823
74010
73819
73948
73842
74029
74047
73993
73910
73873
73803
73839
73524
73652
73614
73274
73285
73377
73519
73530
73541
73491
73817
73813
73864
73824
73774
73669
73392
73379
73658
73776
73842
73856
73551
73538
73513
73581
73621
73570
73541
73628
73381
73500
73580
73511
73489
73441
73418
73537
73304
73431
73533
73529
73430
73187
73480
73551
73659
73363
73552
73500
73706
73501
73737
73389
73193
73211
73263
72897
73092
73222
72885
72956
72564
72751
72692
72778
72867
73083
73117
72958
73153
73214
73263
73179
73040
73246
73449
73229
73092
72753
73116
73017
73309
72942
72997
73144
73127
73127
73114
73175
73270
73133
73151
72816
72987
73046
72857
72755
72676
72781
72923
72677
72792
72941
73014
73116
72943
73147
73278
73420
73237
73353
73056
72919
72647
72951
72715
72380
72167
72199
72457
72411
72392
72504
72638
72601
72600
72573
72226
72159
72084
72096
71957
72032
71998
71895
72000
71683
71394
71370
71199
71096
70892
70653
70688
70717
70740
70605
70447
70314
70063
70345
70188
69945
69866
69946
69639
69201
69060
68840
68821
68794
68671
68354
68241
67972
67750
67639
67301
66872
66537
65935
65559
65264
64850
64344
63784
63626
63129
62849
62288
61846
60869
60302
59679
58973
58574
57715
56989
56082
55401
54710
53912
53441
52784
51887
51189
50180
49483
48731
47974
47031
46252
45356
44383
43499
42542
41702
40901
40180
39260
38374
37527
36694
35797
35181
34339
33442
32645
31759
30823
29740
28831
28020
27003
25976
25111
24217
23466
22762
22185
21383
20660
19860
19089
18521
17906
17324
16737
16270
15597
15054
14685
14176
13572
13026
12535
12063
11572
11061
10617
10220
9781
9381
8925
8543
8249
8050
7791
7400
7059
6681
6530
6274
6151
5990
5693
5487
5306
5094
4899
4748
4629
4480
4334
4158
3986
3740
3548
3328
3242
3048
2902
2724
2565
2481
2369
2287
2159
2045
1858
1750
1656
1588
1488
1392
1314
1228
1159
1073
984
926
858
795
737
703
661
630
615
587
559
508
469
443
433
435
433
419
403
409
397
411
392
362
360
333
316
314
308
288
259
251
236
221
211
211
215
208
207
195
184
181
191
181
183
161
158
166
161
146
135
127
122
111
99
97
101
92
91
88
91
83
92
88
87
97
91
95
92
94
86
81
65
58
48
36
32
27
27
19
15
9
8
6
5
4
4
2
2
1
1
1
0
0
0
0
0
0
0
0
0
0
0
0
0
0
0
0
0
0
0
0
0
0
0
0
0
0
0
0
0
0
0
0
0
0
0
0
0
0
0
0
0
0
0
0
0
0
0
0
0
0
0
0
0
0
0
0
0
0
0
0
0
0
0
0
0
0
0
0
0
0
0
0
0
0
0
0
0
0
0
0
0
0
0
0
0
0
0
0
0
