0	0
0.1	1158.8
0.2	7379.1
0.3	18269.2
0.4	30170.6
0.5	40543
0.6	48419.6
0.7	54320.3
0.8	58706.9
0.9	62034
1	64546.3
1.1	66531.7
1.2	68114.3
1.3	69353.5
1.4	70445.7
1.5	71176.3
1.6	71672.6
1.7	72185.8
1.8	72566
1.9	72916.8
2	73089.2
2.1	73376.5
2.2	73518.8
2.3	73676.1
2.4	73734.4
2.5	73860.9
2.6	73937.8
2.7	74005.8
2.8	74127.4
2.9	74146.6
3	74176.4
3.1	74218
3.2	74228.5
3.3	74173.8
3.4	74133.8
3.5	74081.1
3.6	74075.3
3.7	74104.5
3.8	74150.2
3.9	74186.1
4	74122.9
4.1	74060.2
4.2	74111.9
4.3	74128.5
4.4	74073.2
4.5	74059.1
4.6	74081.4
4.7	74156.1
4.8	74038.1
4.9	74002.3
5	73912.4
5.1	73935.4
5.2	73915.4
5.3	73929.8
5.4	73964.7
5.5	73982.5
5.6	74044
5.7	73952.1
5.8	73906.5
5.9	73910.9
6	74003
6.1	73999.6
6.2	74041.2
6.3	74009.2
6.4	73976.5
6.5	73922.9
6.6	73904
6.7	73966.1
6.8	73986.9
6.9	73884.4
7	73864.6
7.1	73978.4
7.2	73880.2
7.3	73963.4
7.4	73999.1
7.5	73948.3
7.6	74074.2
7.7	74028.9
7.8	74072.5
7.9	73963.6
8	74094
8.1	74116
8.2	74071.5
8.3	74009.8
8.4	73981.4
8.5	73981.9
8.6	73991.4
8.7	74066.4
8.8	74105.4
8.9	74080.1
9	74081.1
9.1	73979.5
9.2	73915
9.3	73873.8
9.4	73878
9.5	73982.6
9.6	73947.9
9.7	73887.3
9.8	73959.8
9.9	73870.1
10	73886.1
10.1	73740.4
10.2	73800.3
10.3	73779.2
10.4	73859
10.5	73895.1
10.6	73805.7
10.7	73712.4
10.8	73659.3
10.9	73673.7
11	73560.1
11.1	73583.4
11.2	73477.7
11.3	73527.6
11.4	73490.2
11.5	73534
11.6	73526.5
11.7	73640.8
11.8	73646.6
11.9	73627.9
12	73575.9
12.1	73573.9
12.2	73561.5
12.3	73552.4
12.4	73632.1
12.5	73553.6
12.6	73555.2
12.7	73512.2
12.8	73543
12.9	73468.6
13	73573.6
13.1	73587.7
13.2	73582.1
13.3	73663
13.4	73634.2
13.5	73646.7
13.6	73661.8
13.7	73644.5
13.8	73595.3
13.9	73545.8
14	73580.5
14.1	73571.6
14.2	73537.4
14.3	73521.5
14.4	73485.9
14.5	73373.6
14.6	73418.2
14.7	73481
14.8	73475.9
14.9	73448.4
15	73370
15.1	73393.7
15.2	73428.2
15.3	73490.8
15.4	73472.1
15.5	73495.3
15.6	73490.6
15.7	73466.7
15.8	73428.9
15.9	73370.3
16	73380.4
16.1	73368.5
16.2	73405.7
16.3	73294.4
16.4	73271
16.5	73244.2
16.6	73296.6
16.7	73296.1
16.8	73242.7
16.9	73296.5
17	73301.9
17.1	73293.3
17.2	73373
17.3	73316.4
17.4	73288.9
17.5	73283.3
17.6	73328.1
17.7	73253.9
17.8	73331.8
17.9	73227.2
18	73202.4
18.1	73244.9
18.2	73130.4
18.3	73154.5
18.4	73099.1
18.5	73128.2
18.6	73153.3
18.7	73195.7
18.8	73115.7
18.9	73137.9
19	73102.2
19.1	73117.9
19.2	73137.2
19.3	73222.8
19.4	73150.1
19.5	73129.6
19.6	73266.2
19.7	73223.8
19.8	73205.4
19.9	73150
20	73166.3
20.1	73261.8
20.2	73313.8
20.3	73330.1
20.4	73238.2
20.5	73198.8
20.6	73184.9
20.7	73150.4
20.8	73165.2
20.9	73252
21	73228.5
21.1	73205.9
21.2	73184
21.3	73125.2
21.4	73154.5
21.5	73080.6
21.6	73084.3
21.7	73066.6
21.8	73015.7
21.9	73000.1
22	72958.9
22.1	72888.2
22.2	72860.5
22.3	72844.5
22.4	72871.9
22.5	72885.3
22.6	72787.1
22.7	72829.1
22.8	72841.6
22.9	72831.5
23	72796.6
23.1	72865.5
23.2	72855.9
23.3	72714.6
23.4	72762.3
23.5	72885.9
23.6	72785.3
23.7	72597.9
23.8	72574.8
23.9	72509.9
24	72520.7
24.1	72439.1
24.2	72385.7
24.3	72465.4
24.4	72429.3
24.5	72388.3
24.6	72310.5
24.7	72367.3
24.8	72243.7
24.9	72256
25	72194.7
25.1	72109
25.2	72089.3
25.3	72002.1
25.4	71945.8
25.5	71924.8
25.6	71834.2
25.7	71763.4
25.8	71606.3
25.9	71586.3
26	71547.3
26.1	71365.2
26.2	71283.2
26.3	71082
26.4	71055
26.5	70948
26.6	70819.3
26.7	70684.1
26.8	70545.1
26.9	70489.2
27	70367.7
27.1	70312.8
27.2	70106.1
27.3	69989.5
27.4	69910.7
27.5	69758.3
27.6	69645.6
27.7	69452.2
27.8	69183.2
27.9	68997
28	68752.9
28.1	68579.7
28.2	68391.3
28.3	68131
28.4	67905
28.5	67585.1
28.6	67312.7
28.7	67060.7
28.8	66717
28.9	66391.6
29	66012.7
29.1	65599.6
29.2	65206.1
29.3	64803
29.4	64387.9
29.5	63987.4
29.6	63541.8
29.7	63125.8
29.8	62628.8
29.9	62195.8
30	61751.5
30.1	61307.8
30.2	60869.2
30.3	60391.2
30.4	59888.1
30.5	59430.9
30.6	58934.6
30.7	58391.6
30.8	57791.1
30.9	57257.9
31	56725.3
31.1	56283.1
31.2	55742.6
31.3	55197.2
31.4	54713.1
31.5	54177.8
31.6	53603.1
31.7	53021
31.8	52455.7
31.9	51869.8
32	51358.4
32.1	50642.3
32.2	49968.1
32.3	49256.5
32.4	48544.7
32.5	47860.1
32.6	47091.7
32.7	46338.1
32.8	45634.7
32.9	44888
33	44045.5
33.1	43258.5
33.2	42481.5
33.3	41712.2
33.4	40966.7
33.5	40261
33.6	39526.4
33.7	38705.4
33.8	38030
33.9	37342.7
34	36697.7
34.1	35942
34.2	35263.7
34.3	34574.5
34.4	33855.1
34.5	33127.3
34.6	32460.6
34.7	31705
34.8	31052.3
34.9	30386
35	29702.2
35.1	28997.5
35.2	28273.1
35.3	27558.5
35.4	26810.5
35.5	26084.8
35.6	25356.2
35.7	24682.4
35.8	24017.6
35.9	23373.3
36	22744.9
36.1	22076.8
36.2	21480
36.3	20840.8
36.4	20216.6
36.5	19590.2
36.6	18965.5
36.7	18386.2
36.8	17849.6
36.9	17308.5
37	16812
37.1	16299.2
37.2	15775.2
37.3	15306.5
37.4	14825.8
37.5	14316.1
37.6	13843.3
37.7	13395.4
37.8	12952.9
37.9	12499.6
38	12038.2
38.1	11596.4
38.2	11200.2
38.3	10807.9
38.4	10428.4
38.5	10022.7
38.6	9633.1
38.7	9236.3
38.8	8868.8
38.9	8531.1
39	8216.2
39.1	7878.1
39.2	7579.2
39.3	7285.1
39.4	6985.8
39.5	6698.3
39.6	6435.4
39.7	6168
39.8	5898.2
39.9	5661
40	5438
40.1	5181.8
40.2	4950.5
40.3	4722.1
40.4	4495.1
40.5	4300.7
40.6	4107.4
40.7	3935.6
40.8	3749.4
40.9	3606.5
41	3439.1
41.1	3279.6
41.2	3117.9
41.3	2984.4
41.4	2840.1
41.5	2695.1
41.6	2565.6
41.7	2452.2
41.8	2351.5
41.9	2256.8
42	2155
42.1	2062.3
42.2	1956.5
42.3	1870.2
42.4	1775.4
42.5	1669.8
42.6	1591.7
42.7	1522.4
42.8	1435.1
42.9	1355.1
43	1281.7
43.1	1211
43.2	1147
43.3	1088.8
43.4	1035.6
43.5	976.2
43.6	931
43.7	885.9
43.8	857.2
43.9	820.5
44	784.9
44.1	755.8
44.2	712.8
44.3	675.9
44.4	640.5
44.5	602.6
44.6	560.8
44.7	529.7
44.8	510.1
44.9	490.8
45	463.1
45.1	438.6
45.2	420.7
45.3	398.9
45.4	376.5
45.5	364.9
45.6	347.7
45.7	335.1
45.8	325.3
45.9	318.9
46	313.5
46.1	299.8
46.2	292
46.3	282
46.4	273.4
46.5	265.4
46.6	257.4
46.7	251.4
46.8	236.8
46.9	227.1
47	215.9
47.1	205.8
47.2	195.9
47.3	188.4
47.4	180.2
47.5	174.3
47.6	170.7
47.7	166.8
47.8	161.3
47.9	151.8
48	149.3
48.1	141.3
48.2	137.1
48.3	131.1
48.4	124.6
48.5	123.6
48.6	114.5
48.7	111.1
48.8	103.7
48.9	99.1
49	98.1
49.1	94.9
49.2	88.8
49.3	83.4
49.4	76.7
49.5	74.4
49.6	70.3
49.7	66.8
49.8	64.5
49.9	60.5
50	57.4
50.1	54.9
50.2	51.6
50.3	51
50.4	50.1
50.5	48.2
50.6	45.4
50.7	42.2
50.8	42.3
50.9	40
51	39.1
51.1	36.9
51.2	35.1
51.3	34.5
51.4	34.1
51.5	31.3
51.6	31.2
51.7	29.8
51.8	29
51.9	29.3
52	28.8
52.1	28.1
52.2	25.7
52.3	24.1
52.4	20.6
52.5	17.2
52.6	15.8
52.7	13
52.8	10.6
52.9	8.3
53	7.1
53.1	5.5
53.2	4.8
53.3	3.9
53.4	3
53.5	2.6
53.6	1.6
53.7	1.4
53.8	1.3
53.9	1
54	1
54.1	0.5
54.2	0.4
54.3	0.3
54.4	0.2
54.5	0.1
54.6	0.1
54.7	0.1
54.8	0.1
54.9	0.1
55	0.1
55.1	0
55.2	0
55.3	0
55.4	0
55.5	0
55.6	0
55.7	0
55.8	0
55.9	0
56	0
56.1	0
56.2	0
56.3	0
56.4	0
56.5	0
56.6	0
56.7	0
56.8	0
56.9	0
57	0
57.1	0
57.2	0
57.3	0
57.4	0
57.5	0
57.6	0
57.7	0
57.8	0
57.9	0
58	0
58.1	0
58.2	0
58.3	0
58.4	0
58.5	0
58.6	0
58.7	0
58.8	0
58.9	0
59	0
59.1	0
59.2	0
59.3	0
59.4	0
59.5	0
59.6	0
59.7	0
59.8	0
59.9	0
60	0
