0
0
0
0
0
0
0
0
0
0
0
0
1
1
1
1
1
2
2
2
2
2
2
2
2
2
2
2
3
3
4
4
4
4
4
4
3
3
5
6
7
7
7
7
8
9
9
10
11
11
11
12
12
12
16
18
18
19
18
19
21
21
26
26
27
28
28
28
27
28
31
31
31
31
31
31
30
31
32
29
30
33
34
33
32
34
33
32
33
33
35
36
36
35
35
35
35
38
39
37
35
35
35
35
37
37
37
38
35
34
35
37
37
36
37
37
38
36
37
38
39
38
37
37
36
35
35
36
37
39
39
40
40
39
39
39
38
38
36
36
38
36
39
40
42
43
40
41
42
45
45
46
47
49
50
51
52
53
57
58
58
58
59
59
59
61
61
58
63
62
64
65
68
66
66
63
63
64
64
65
66
68
69
68
68
67
67
67
68
68
67
66
66
66
65
67
73
69
67
65
65
63
64
64
68
67
68
67
70
71
69
68
70
72
72
72
72
72
72
77
77
77
78
82
82
82
80
79
78
76
73
70
69
70
70
71
70
69
70
73
70
69
72
72
70
69
70
71
72
72
73
74
73
72
74
74
74
74
76
78
77
77
78
78
77
77
76
74
72
74
77
78
77
77
79
77
74
73
74
73
74
73
72
73
73
74
73
76
77
74
72
70
70
68
67
66
64
63
63
60
59
58
58
59
60
59
57
57
54
50
51
48
48
45
45
44
41
40
40
39
39
38
37
38
37
36
35
35
35
34
32
30
30
30
30
30
29
29
28
28
27
26
25
25
24
24
24
24
24
24
23
21
21
20
20
20
19
19
19
18
18
18
18
18
18
18
17
17
17
16
16
15
15
15
15
15
15
15
15
15
15
15
15
15
15
15
14
14
14
14
14
14
12
12
12
12
12
11
11
11
11
11
11
10
10
9
9
8
8
8
8
8
8
8
7
7
7
7
7
7
7
6
6
6
5
5
4
4
4
4
4
4
4
4
3
3
3
3
3
3
3
3
3
3
3
3
3
3
3
3
3
3
3
3
3
3
3
3
3
3
3
3
3
3
3
2
2
2
2
2
2
2
2
2
2
2
2
2
2
2
2
2
2
2
2
2
2
2
2
2
2
2
2
2
2
2
1
1
1
1
1
1
1
1
1
1
1
1
1
1
1
1
1
1
1
0
0
0
0
0
0
0
0
0
0
0
0
0
0
0
0
0
0
0
0
0
0
0
0
0
0
0
0
0
0
0
0
0
0
0
0
0
0
0
0
0
0
0
0
0
0
0
0
0
0
0
0
0
0
0
0
0
0
0
0
0
0
0
0
0
0
0
0
0
0
0
0
0
0
0
0
0
0
0
0
0
0
0
0
0
