0
0
0
0
0
0
0
0
0
0
0
0
1
0
0
0
0
0
0
1
1
1
1
1
1
1
1
2
2
2
1
1
1
1
1
2
3
3
5
4
4
6
6
6
6
7
7
8
7
7
7
7
7
7
6
7
7
9
10
11
12
12
13
14
15
16
18
18
18
18
19
20
20
19
19
21
19
18
19
20
19
20
21
22
22
24
23
23
22
23
24
25
25
24
21
21
22
23
25
25
24
25
27
28
29
28
30
33
34
33
34
35
34
34
34
37
36
37
37
38
38
39
38
35
32
31
33
36
36
36
37
37
37
37
37
36
37
39
39
41
42
41
40
38
38
45
45
45
48
47
48
48
49
49
52
52
54
55
55
52
53
55
56
53
52
55
54
51
50
48
50
51
48
50
50
52
52
54
52
52
51
51
51
51
51
51
52
51
53
53
53
54
55
54
54
53
52
50
49
49
50
51
53
52
53
56
56
57
58
58
57
58
57
56
56
57
56
58
58
58
62
61
61
63
62
64
62
62
59
59
59
59
59
59
60
59
59
62
63
64
65
61
59
60
59
58
59
58
58
58
58
57
56
57
56
56
58
57
56
55
56
59
58
57
59
54
55
55
54
54
55
53
52
49
49
48
47
48
47
46
44
44
44
45
45
45
46
44
41
40
40
40
40
38
36
34
33
32
29
29
29
30
30
29
29
31
30
30
29
28
28
27
27
27
26
26
26
26
25
25
24
23
23
22
22
22
21
21
19
19
19
19
18
17
17
17
17
17
17
17
16
14
14
14
13
13
11
11
11
11
11
11
10
10
10
9
9
9
9
9
9
9
9
9
9
9
9
9
9
9
9
9
8
7
5
5
5
5
5
5
5
5
5
5
5
5
5
5
5
5
5
5
5
4
2
2
2
2
2
2
2
2
2
2
2
2
2
2
2
2
2
2
2
2
2
2
2
2
2
2
2
2
2
2
2
2
2
2
2
2
2
2
2
2
2
2
1
1
1
1
1
1
1
1
1
1
1
1
1
1
1
1
1
1
1
1
1
1
1
1
1
1
1
1
1
1
1
1
1
1
1
1
1
1
1
1
1
1
1
1
1
1
1
1
1
1
1
1
1
1
1
1
0
0
0
0
0
0
0
0
0
0
0
0
0
0
0
0
0
0
0
0
0
0
0
0
0
0
0
0
0
0
0
0
0
0
0
0
0
0
0
0
0
0
0
0
0
0
0
0
0
0
0
0
0
0
0
0
0
0
0
0
0
0
0
0
0
0
0
0
0
0
0
0
0
0
0
0
0
0
0
0
0
0
0
0
0
0
0
0
0
0
0
0
0
0
0
0
0
0
0
0
0
0
0
0
0
0
0
0
