0
0
0
0
0
0
0
0
0
0
0
0
0
0
0
0
0
0
0
0
0
1
3
3
3
4
4
5
6
6
6
7
7
7
7
10
10
10
10
11
10
11
12
12
12
14
15
15
17
18
18
19
18
20
23
23
24
24
25
26
25
25
25
25
26
26
27
28
28
27
26
24
24
23
24
23
23
24
25
26
28
27
29
29
29
29
29
30
29
30
31
33
35
34
35
37
36
36
36
37
37
37
38
39
39
39
40
43
43
48
52
50
46
50
52
52
53
51
51
50
50
50
51
50
48
47
48
49
48
50
50
51
52
52
55
52
51
51
54
54
55
54
53
53
53
53
53
53
55
56
54
53
55
53
56
58
62
63
64
65
67
68
69
69
69
71
72
73
71
70
69
67
69
71
73
70
70
69
65
64
68
67
68
65
65
65
67
66
68
69
68
67
68
69
71
72
73
76
78
75
75
74
72
73
75
76
78
79
77
76
79
78
78
78
78
76
73
72
72
73
73
74
75
71
68
67
65
66
65
67
67
67
65
66
67
64
66
66
64
68
68
67
70
70
75
74
73
71
69
70
69
68
64
65
66
65
61
63
60
60
58
58
61
59
56
56
56
57
58
57
56
56
57
58
58
58
59
57
58
57
57
58
56
51
51
51
51
49
50
51
52
50
49
49
49
48
48
47
44
44
44
44
44
43
42
41
41
40
41
39
39
37
36
35
35
34
33
35
33
33
31
32
32
31
31
30
30
29
28
28
28
28
27
29
29
29
27
27
26
26
25
24
24
22
22
22
21
21
20
20
20
21
19
19
19
19
18
17
17
17
17
16
16
16
16
15
15
15
15
15
15
15
15
14
14
13
13
13
13
13
12
12
12
12
12
13
13
12
11
11
11
10
10
10
10
10
9
9
9
9
9
9
9
9
9
9
9
9
9
9
7
7
7
7
7
7
7
7
7
7
6
6
6
6
6
6
6
6
6
6
6
6
6
6
6
6
6
6
6
6
6
6
6
5
5
5
5
5
5
5
5
5
5
4
2
2
2
2
2
2
2
2
2
2
2
2
2
2
2
2
2
2
2
2
2
2
2
2
2
1
1
1
1
1
1
1
1
1
1
1
1
1
1
1
1
1
1
1
1
1
1
1
1
1
1
1
1
1
1
1
1
1
1
1
1
1
1
1
1
1
1
1
1
1
1
1
1
1
1
1
1
1
1
1
1
1
1
1
0
0
0
0
0
0
0
0
0
0
0
0
0
0
0
0
0
0
0
0
0
0
0
0
0
0
0
0
0
0
0
0
0
0
0
0
0
0
0
0
0
0
0
0
0
0
0
0
0
0
0
0
0
0
0
0
0
0
0
0
0
0
