0
0
0
0
0
0
0
0
0
0
0
0
0
0
0
0
0
0
0
0
0
0
0
0
0
0
0
0
1
1
1
2
3
3
3
3
3
4
5
7
7
8
8
9
10
10
11
11
9
10
11
11
11
11
11
12
11
11
11
11
12
15
15
15
14
13
14
14
14
14
16
17
17
16
16
17
17
19
19
20
21
21
23
23
23
24
24
24
24
24
24
25
25
23
25
26
25
27
28
30
31
33
36
37
38
37
38
38
39
39
40
41
40
41
42
42
45
45
45
44
44
46
47
48
48
47
48
48
47
49
48
48
49
49
51
53
51
50
51
51
49
50
49
48
47
46
48
47
47
47
47
50
51
54
54
54
53
54
57
54
54
56
56
54
53
54
54
52
56
56
56
56
58
57
56
57
57
56
56
56
53
51
53
52
51
52
52
52
50
50
49
51
54
55
53
54
57
59
62
62
62
64
62
62
62
62
63
62
62
61
58
58
60
60
57
55
56
57
58
58
56
54
57
57
56
56
58
59
57
57
59
59
60
59
61
60
61
57
57
55
52
53
52
54
59
59
60
61
60
62
60
62
62
62
58
56
57
58
59
57
60
59
59
60
58
59
56
53
52
48
49
49
50
50
52
50
52
53
52
51
50
52
54
55
53
53
55
56
54
53
53
52
51
51
51
52
51
49
48
47
48
46
45
45
44
43
42
41
40
40
40
39
37
37
35
35
35
35
33
33
33
33
33
33
34
33
31
30
29
30
32
31
30
30
29
28
28
27
27
27
27
26
26
28
29
29
30
30
30
30
29
29
29
29
29
29
30
29
30
29
29
30
29
27
27
24
23
20
20
20
19
18
19
19
18
18
18
17
18
18
17
17
17
16
16
16
16
16
16
15
15
15
14
12
12
11
11
11
11
10
10
9
9
9
9
9
9
9
9
9
9
9
9
9
9
9
9
9
8
8
8
8
7
7
7
7
7
7
7
7
7
7
7
7
7
7
7
7
6
6
6
6
6
6
5
5
5
5
4
4
4
4
4
4
4
4
4
4
4
4
4
4
4
4
4
4
4
4
4
4
4
3
2
2
2
1
1
1
1
1
1
1
1
1
1
1
1
1
1
1
1
1
1
1
1
1
1
1
1
1
1
1
1
1
1
1
1
1
1
1
1
1
1
1
1
1
1
1
1
1
1
0
0
0
0
0
0
0
0
0
0
0
0
0
0
0
0
0
0
0
0
0
0
0
0
0
0
0
0
0
0
0
0
0
0
0
0
0
0
0
0
0
0
0
0
0
0
0
0
0
0
0
0
0
0
0
0
0
0
0
0
0
0
0
0
0
0
0
0
0
0
0
0
0
0
0
0
0
0
0
