19
44
70
93
115
133
144
163
177
207
231
262
278
298
319
339
373
401
425
452
473
497
512
535
547
566
587
614
638
662
681
693
714
738
764
781
798
812
832
853
878
898
921
948
969
992
1017
1045
1058
1086
1103
1116
1142
1160
1179
1203
1224
1236
1265
1284
1308
1322
1339
1364
1377
1394
1410
1431
1446
1463
1485
1508
1525
1559
1582
1604
1632
1647
1669
1688
1707
1730
1760
1779
1801
1819
1832
1852
1873
1895
1915
1937
1954
1974
1997
2012
2038
2060
2080
2103
2131
2155
2180
2200
2226
2251
2268
2282
2308
2324
2341
2364
2380
2391
2414
2433
2462
2482
2501
2524
2551
2570
2588
2610
2632
2657
2683
2701
2722
2735
2758
2778
2798
2813
2838
2859
2899
2916
2946
2967
2980
3002
3016
3045
3065
3090
3105
3134
3162
3183
3206
3227
3245
3262
3274
3298
3315
3330
3347
3362
3384
3399
3418
3436
3453
3479
3500
3521
3547
3571
3582
3606
3619
3635
3660
3680
3700
3730
3747
3764
3781
3800
3820
3844
3863
3879
3905
3917
3941
3955
3977
3996
4011
4030
4050
4075
4096
4114
4133
4155
4178
4192
4214
4225
4240
4264
4281
4306
4329
4344
4362
4378
4406
4428
4447
4469
4487
4507
4528
4555
4566
4588
4609
4628
4640
4664
4683
4693
4708
4736
4761
4782
4803
4823
4839
4862
4882
4900
4924
4937
4948
4960
4981
5007
5027
5044
5066
5084
5111
5133
5150
5163
5181
5201
5225
5249
5265
5282
5303
5324
5350
5364
5379
5404
5420
5440
5460
5474
5493
5508
5531
5551
5563
5589
5605
5617
5642
5660
5687
5713
5726
5743
5772
5805
5819
5841
5854
5872
5898
5917
5927
5950
5967
5979
6007
6024
6042
6064
6087
6106
6117
6139
6158
6175
6201
6221
6243
6264
6287
6305
6327
6346
6361
6377
6396
6423
6439
6456
6482
6504
6527
6548
6573
6597
6620
6642
6668
6688
6708
6732
6752
6768
6784
6805
6833
6862
6882
6903
6927
6941
6964
6984
7003
7015
7030
7053
7074
7089
7111
7130
7148
7165
7186
7209
7232
7257
7285
7303
7329
7348
7375
7388
7414
7435
7462
7479
7502
7525
7544
7564
7581
7603
7624
7644
7659
7691
7716
7737
7765
7789
7808
7832
7850
7869
7887
7913
7935
7957
7981
8002
8033
8048
8069
8096
8116
8135
8157
8179
8197
8218
8239
8267
8283
8304
8331
8348
8367
8385
8410
8431
8460
8488
8508
8526
8546
8560
8582
8596
8609
8630
8648
8671
8686
8705
8718
8740
8763
8778
8799
8816
8836
8861
8880
8908
8926
8949
8970
8996
9015
9044
9062
9085
9098
9123
9137
9160
9186
9205
9218
9242
9267
9287
9308
9332
9348
9373
9393
9408
9435
9454
9472
9488
9519
9543
9559
9574
9587
9599
9614
9637
9654
9677
9693
9716
9733
9757
9780
9799
9819
9836
9860
9876
9895
9919
9942
9964
9992
10017
10036
10058
10079
10104
10124
10141
10162
10177
10197
10212
10229
10257
10276
10297
10312
10329
10353
10375
10385
10403
10423
10444
10470
10496
10518
10533
10555
10574
10587
10608
10631
10649
10664
10683
10703
10725
10756
10780
10805
10825
10846
10865
10884
10905
10931
10949
10974
10995
11017
11049
11066
11092
11107
11133
11150
11171
11191
11208
11227
11248
11269
11289
11314
11336
11364
11383
11416
11444
11462
11488
11518
11535
11558
11579
11596
11614
11633
11653
11676
11699
11725
11736
11769
11787
11809
11830
11854
11873
11894
11914
11928
11952
11984
12001
12019
12043
12063
12089
12110
12124
12147
12163
12179
12202
12230
12259
12279
12302
12321
12342
12358
12380
