0
0
0
0
0
3
5
5
7
8
8
15
21
21
24
31
38
44
49
54
61
72
80
86
91
92
103
111
115
115
118
127
128
130
138
136
143
149
149
154
164
169
172
172
178
185
187
187
196
193
200
207
212
218
224
230
238
242
254
254
257
265
269
268
269
270
274
267
271
272
277
275
276
274
272
280
276
276
285
282
290
290
285
285
288
287
291
295
298
300
302
300
299
302
301
303
298
296
299
303
305
302
305
309
314
318
317
322
315
318
325
325
320
323
323
325
324
327
325
327
321
325
325
323
326
324
328
322
321
322
326
326
327
326
327
335
343
340
339
339
342
340
337
335
327
322
322
323
324
326
323
321
321
323
317
323
317
319
317
321
329
328
333
333
337
335
334
332
331
337
346
355
360
361
357
352
350
345
348
356
352
338
336
333
336
334
337
336
341
335
334
332
335
336
333
337
337
333
331
331
333
334
330
335
340
332
330
330
323
331
338
341
345
346
350
353
358
360
369
360
364
369
365
363
359
364
363
358
354
355
358
361
359
358
353
351
354
357
356
355
358
356
352
351
351
350
350
351
342
340
339
338
337
338
343
332
327
339
331
328
330
327
322
324
324
319
318
319
314
313
308
310
306
301
299
298
294
292
295
299
299
292
286
278
282
281
280
277
283
274
268
265
263
256
252
253
250
243
239
238
233
231
227
224
225
225
217
216
204
201
201
196
194
191
183
175
169
164
160
157
151
147
142
139
140
139
138
138
135
130
127
123
122
119
115
110
107
106
102
103
103
99
93
91
90
87
86
86
84
85
83
85
81
81
79
78
78
77
73
72
68
64
62
60
59
58
57
55
52
52
51
51
50
49
48
44
42
40
39
38
39
36
36
36
35
35
35
34
35
34
32
32
31
30
30
30
30
29
28
26
26
25
23
23
23
22
22
20
20
19
19
19
19
19
18
17
16
15
15
15
15
15
15
14
14
14
13
13
13
13
11
10
10
10
9
9
9
8
7
7
7
7
7
7
7
7
7
7
7
6
6
6
6
6
6
6
6
6
6
6
5
5
5
5
4
4
3
3
3
3
3
3
3
3
3
3
2
2
2
2
2
2
2
2
2
2
2
2
2
2
2
2
2
2
2
2
2
2
2
1
1
1
1
1
1
1
1
1
1
1
1
1
1
1
1
1
1
1
1
1
1
1
1
1
1
1
1
1
1
1
1
1
1
1
1
1
1
1
1
1
1
1
1
1
1
1
1
1
1
1
1
1
1
1
1
1
1
1
1
1
1
1
1
1
1
1
1
1
1
1
1
1
1
1
1
1
1
1
1
1
1
0
0
0
0
0
0
0
0
0
0
0
0
0
0
0
0
0
0
0
