0
0
0
1
1
1
3
9
12
13
14
16
17
22
24
23
29
37
43
52
61
68
68
71
74
80
91
95
102
99
110
109
118
131
140
145
151
163
167
175
188
194
203
204
210
214
215
220
222
223
229
232
235
236
232
230
237
240
243
251
256
254
260
268
265
260
262
260
268
265
270
270
274
274
270
271
278
277
282
283
294
297
307
308
314
312
301
306
314
314
318
321
330
327
324
331
333
335
340
346
344
351
356
358
358
351
359
357
361
361
356
364
366
371
382
377
375
373
367
364
364
369
365
366
365
367
373
374
373
378
373
375
377
380
390
392
391
393
395
395
393
387
382
385
382
375
370
368
364
363
359
355
351
350
356
350
351
354
364
360
362
359
358
364
358
363
369
369
369
371
359
361
350
353
357
355
358
361
364
375
374
368
376
379
373
370
362
353
353
344
347
346
349
352
351
346
340
342
332
342
337
334
335
329
324
319
320
320
320
323
328
328
329
329
337
345
348
351
348
340
335
342
332
332
332
337
336
339
337
334
336
336
335
338
334
337
343
338
337
339
333
328
327
331
319
319
318
320
322
326
322
319
319
318
313
311
304
297
297
293
290
291
295
292
290
287
279
279
273
270
265
264
258
257
257
259
261
255
255
255
255
251
247
239
237
230
227
224
223
219
216
210
207
205
204
197
191
186
179
180
175
177
173
169
168
163
158
156
149
144
139
135
134
130
129
127
122
123
121
119
116
115
110
110
107
106
102
100
91
86
85
81
81
78
75
70
68
67
65
63
62
60
59
55
53
51
48
46
45
45
44
42
42
40
40
39
39
38
38
36
34
34
31
31
31
31
28
28
27
27
26
26
26
26
25
24
23
22
22
22
23
20
20
20
20
20
19
20
20
19
19
18
18
18
18
17
15
16
16
16
15
15
15
15
14
14
14
14
13
13
13
13
12
11
11
11
11
11
10
10
9
9
9
9
9
9
9
9
9
9
9
9
9
9
9
9
9
9
9
8
8
8
8
7
7
7
7
7
7
7
7
7
7
7
7
7
7
7
6
6
6
6
5
5
5
4
4
4
4
4
4
4
3
3
3
2
2
2
2
2
2
2
2
2
1
1
1
1
1
1
1
1
1
1
1
1
1
1
1
1
1
0
0
0
0
0
0
0
0
0
0
0
0
0
0
0
0
0
0
0
0
0
0
0
0
0
0
0
0
0
0
0
0
0
0
0
0
0
0
0
0
0
0
0
0
0
0
0
0
0
0
0
0
0
0
0
0
0
0
0
0
0
0
0
0
0
0
0
0
0
0
0
0
0
0
0
0
0
0
0
0
0
0
0
0
0
0
0
0
0
0
0
0
0
0
0
0
0
0
0
