560
617
685
771
864
970
1089
1190
1311
1457
1594
1726
1943
2134
2323
2505
2721
2950
3217
3475
3790
4133
4481
4853
5176
5602
6020
6464
6940
7422
7952
8472
8940
9470
9981
10552
11051
11668
12233
12753
13285
13937
14598
15152
15752
16353
17015
17688
18348
18931
19660
20270
20903
21465
22112
22749
23430
24011
24603
25125
25726
26183
26746
27273
27837
28351
28813
29150
29656
30049
30442
30879
31401
31943
32265
32485
32781
33098
33267
33442
33675
33885
33992
34207
34329
34352
34408
34420
34428
34420
34371
34406
34433
34175
34193
34239
34219
34190
33966
33675
33471
33262
33102
33162
32966
32790
32653
32458
32242
31939
31680
31561
31281
31110
30540
30180
29874
29274
28821
28452
28064
27469
26955
26408
25921
25298
24662
24001
23474
22995
22365
21854
21405
20906
20480
20035
19571
19110
18709
18258
17764
17208
16695
16184
15717
15110
14621
14237
13714
13327
12926
12549
12219
11763
11472
11061
10772
10449
10144
9834
9474
9185
8937
8696
8399
8128
7756
7573
7416
7222
6963
6719
6506
6328
6149
5979
5823
5565
5382
5235
5090
4968
4754
4597
4478
4310
4150
3998
3852
3728
3597
3452
3275
3153
3001
2868
2746
2669
2519
2429
2343
2220
2122
2046
1991
1873
1781
1663
1551
1474
1418
1356
1305
1240
1159
1096
1046
981
941
896
868
825
774
764
713
697
673
639
631
612
598
582
554
528
507
478
454
411
375
350
334
321
302
291
299
287
269
264
248
246
252
242
216
200
196
183
189
169
152
143
153
150
148
147
143
138
133
129
132
125
116
104
94
94
90
89
79
72
67
60
57
47
38
36
35
35
32
30
29
29
29
35
34
37
40
42
44
44
38
32
31
29
29
27
21
19
16
16
17
15
17
16
16
15
14
14
13
14
13
13
12
11
10
10
8
9
7
5
4
5
5
3
3
4
5
5
5
4
2
2
2
0
0
0
0
0
0
0
0
0
0
0
0
0
0
0
0
0
0
0
0
0
0
0
0
0
0
0
0
0
0
0
0
0
0
0
0
0
0
0
0
0
0
0
0
0
0
0
0
0
0
0
0
0
0
0
0
0
0
0
0
0
0
0
0
0
0
0
0
0
0
0
0
0
0
0
0
0
0
0
0
0
0
0
0
0
0
0
0
0
0
0
0
0
0
0
0
0
0
0
0
0
0
0
0
0
0
0
0
0
0
0
0
0
0
0
0
0
0
0
0
0
0
0
0
0
0
0
0
0
0
0
0
0
0
0
0
0
0
0
0
0
0
0
0
0
0
0
0
0
0
0
0
0
0
0
0
0
0
0
0
0
0
0
0
0
0
0
0
0
0
0
0
0
0
0
0
0
0
0
0
0
0
0
0
0
0
0
0
0
0
0
0
0
0
0
0
0
0
0
0
0
0
0
0
0
0
0
0
0
0
0
0
0
0
0
0
0
0
0
0
0
0
0
0
0
0
0
0
0
0
0
0
0
0
0
0
0
0
0
0
0
0
0
0
0
0
0
0
0
0
0
0
0
0
0
0
0
0
0
