2658
5168
7557
9786
11997
14143
16178
18108
19942
21545
23107
24576
25946
27283
28600
29753
30828
31847
32923
33925
34921
35655
36461
37238
38015
38743
39310
39896
40431
40866
41330
41760
42171
42552
42818
43224
43496
43821
44200
44394
44543
44748
44864
45051
45145
45386
45460
45542
45586
45709
45704
45748
45900
45978
46046
46069
46136
46174
46210
46170
46197
46180
46133
46094
45978
45981
45852
45982
45849
45799
45689
45606
45555
45562
45420
45360
45359
45200
45044
44956
44895
44782
44597
44385
44166
44012
43838
43503
43199
42837
42506
42007
41582
40975
40193
39300
38212
37120
36069
35069
33855
32612
31206
29744
28285
26884
25569
24302
23121
21937
20798
19693
18683
17761
16853
15983
15140
14368
13613
12888
12205
11566
10996
10450
9881
9347
8873
8375
7946
7515
7083
6697
6328
6003
5699
5346
5079
4825
4576
4328
4086
3887
3718
3539
3366
3175
3031
2871
2725
2598
2462
2333
2225
2103
1991
1902
1811
1697
1616
1538
1456
1382
1316
1266
1204
1145
1083
1031
963
919
853
819
782
731
690
661
622
595
560
529
512
481
451
431
411
387
366
347
330
315
291
274
261
252
238
219
207
196
187
175
170
162
154
140
135
130
125
117
111
110
104
96
90
83
79
75
73
66
60
58
52
50
48
47
46
46
44
41
40
37
34
33
30
26
25
22
22
21
20
18
15
14
13
13
13
13
13
13
12
12
11
10
9
9
8
8
8
8
6
6
5
5
4
4
4
4
3
3
3
3
3
3
3
2
1
1
1
1
0
0
0
0
0
0
0
0
0
0
0
0
0
0
0
0
0
0
0
0
0
0
0
0
0
0
0
0
0
0
0
0
0
0
0
0
0
0
0
0
0
0
0
0
0
0
0
0
0
0
0
0
0
0
0
0
0
0
0
0
0
0
0
0
0
0
0
0
0
0
0
0
0
0
0
0
0
0
0
0
0
0
0
0
0
0
0
0
0
0
0
0
0
0
0
0
0
0
0
0
0
0
0
0
0
0
0
0
0
0
0
0
0
0
0
0
0
0
0
0
0
0
