2662
5163
7549
9900
12071
14130
16152
18014
19754
21443
23084
24711
26147
27409
28730
29915
31032
32132
33248
34157
35107
36016
36838
37592
38356
38929
39503
40103
40625
41079
41588
41958
42353
42726
43131
43368
43657
43860
44072
44326
44595
44790
44997
45073
45057
45069
45338
45486
45597
45756
45795
45885
46029
46076
46188
46097
46026
45971
45997
46022
45950
45920
45851
45806
45828
45709
45733
45738
45596
45464
45377
45450
45481
45485
45325
45168
45117
45060
44865
44708
44760
44710
44544
44547
44454
44310
44189
44000
43833
43481
43171
42805
42352
41985
41346
40509
39658
38792
37769
36780
35570
34357
32945
31552
30169
28965
27685
26505
25378
24277
23227
22134
21052
19998
18980
17958
16990
16082
15194
14440
13658
12967
12292
11631
11060
10486
9925
9369
8876
8407
7965
7544
7169
6792
6448
6116
5765
5468
5177
4907
4656
4432
4231
4035
3839
3644
3455
3291
3111
2924
2791
2643
2502
2375
2257
2154
2042
1942
1852
1749
1665
1573
1489
1402
1324
1243
1161
1103
1029
979
932
896
841
797
747
703
678
646
612
589
557
530
515
501
477
453
427
410
392
372
355
345
327
305
283
271
257
248
238
225
213
199
186
169
163
155
145
135
129
121
112
105
98
95
87
82
76
73
68
66
64
60
52
48
45
44
40
35
35
33
32
30
29
28
27
25
25
23
20
18
16
16
16
16
16
14
14
12
11
11
11
10
9
9
9
8
8
8
8
7
6
6
6
6
5
5
5
5
5
5
5
4
3
2
2
2
2
2
2
2
2
2
2
2
2
2
2
2
2
2
2
1
1
1
1
1
0
0
0
0
0
0
0
0
0
0
0
0
0
0
0
0
0
0
0
0
0
0
0
0
0
0
0
0
0
0
0
0
0
0
0
0
0
0
0
0
0
0
0
0
0
0
0
0
0
0
0
0
0
0
0
0
0
0
0
0
0
0
0
0
0
0
0
0
0
0
0
0
0
0
0
0
0
0
0
0
0
0
0
0
0
0
0
0
0
0
0
0
0
0
0
0
0
0
0
0
0
0
0
0
