106953
144512
143668
129762
114452
103214
93644
86384
80058
75492
71424
68125
65207
62256
60955
58862
56887
54764
53656
52401
51588
50443
48924
48216
47427
46921
46072
45751
45228
44877
44377
43838
43437
43067
42734
42412
42523
42139
42134
41581
41559
41571
41180
41031
41473
40877
40750
40936
40844
40829
40518
40944
41115
40647
40724
40625
40608
40851
40832
40670
40586
40470
40780
40771
40623
40340
40898
40891
40664
40741
41002
41086
41137
40867
41323
41377
41320
41559
41526
41429
41656
41659
41810
42069
41981
42031
42750
42334
42595
42991
43370
43401
43793
44155
44503
45351
45726
46401
47103
48360
49223
50308
52147
53460
55455
56935
58661
60523
62135
64002
65662
67711
69795
71906
74831
77414
81138
83444
86646
89405
92659
95687
98746
101883
105094
107804
111189
114808
118141
121097
124737
127311
130778
134344
137296
140914
144195
147144
150539
153658
156626
159498
162360
165460
168904
171542
174347
176697
179398
181989
184182
186910
189232
191576
193849
196061
198242
200189
202249
204128
206291
208146
209857
211639
213037
214772
216344
217790
219285
220741
221973
223373
224512
225897
226987
228142
229081
229911
230947
231766
232482
233506
234192
235031
235695
236463
236964
237689
238399
238983
239627
240212
240689
240998
241460
241780
242070
242583
242998
243318
243730
244010
244330
244570
244871
245110
245365
245614
245843
246018
246172
246289
246465
246654
246863
246969
247205
247403
247540
247674
247888
247993
248137
248298
248399
248506
248654
248744
248875
248934
248985
249058
249172
249210
249295
249332
249360
249397
249419
249458
249502
249506
249537
249563
249627
249675
249676
249687
249693
249711
249715
249736
249761
249763
249797
249819
249812
249825
249861
249860
249837
249840
249844
249851
249880
249885
249881
249895
249908
249923
249915
249920
249924
249914
249926
249925
249921
249931
249923
249924
249919
249929
249927
249945
249956
249963
249973
249978
249978
249983
249978
249977
249969
249973
249974
249980
249981
249971
249977
249981
249978
249970
249964
249965
249967
249969
249978
249968
249973
249974
249974
249977
249974
249976
249977
249966
249981
249991
249998
249999
250000
250000
250000
250000
250000
250000
250000
250000
250000
250000
250000
250000
250000
250000
250000
250000
250000
250000
250000
250000
250000
250000
250000
250000
250000
250000
250000
250000
250000
250000
250000
250000
250000
250000
250000
250000
250000
250000
250000
250000
250000
250000
250000
250000
250000
250000
250000
250000
250000
250000
250000
250000
250000
250000
250000
250000
250000
250000
250000
250000
250000
250000
250000
250000
250000
250000
250000
250000
250000
250000
250000
250000
250000
250000
250000
250000
250000
250000
250000
250000
