106342
143739
143494
130249
115711
103554
94446
86696
80574
76077
71608
68001
64986
62147
60408
58201
56496
54896
53528
52209
51501
50376
49062
48305
47631
47412
46619
46030
45471
45200
44639
44251
44054
43436
42994
43069
42752
42489
41952
42310
41999
41325
41166
41127
40993
41178
40733
40880
40624
40669
40628
40858
40631
40836
40941
40584
40721
40487
40759
40613
40391
40735
40632
40323
40660
40897
40428
40619
40984
41095
41005
40906
41191
40946
40783
41125
41147
41123
41436
41268
41739
41858
41556
41921
41944
42214
42266
42329
42090
42783
43125
42950
43761
43697
44251
44509
45421
46209
46753
47155
48385
49413
50699
52265
54147
55975
58000
60578
62224
64814
67272
69856
72263
75135
78325
81340
84196
86830
89658
92666
96080
99321
102213
105404
108294
111909
114866
118619
122022
125224
128181
132124
135672
138471
141893
144873
148303
151893
155085
158085
161176
164102
167342
170530
172980
175220
178306
180618
183684
186433
188865
191238
193463
195619
198014
200270
202178
204012
206189
208161
210258
211998
213300
215130
216645
218099
219612
220914
221970
223254
224434
225607
226745
228059
229189
230081
230993
231713
232578
233414
234296
235031
235733
236527
237140
237781
238252
238840
239408
240023
240601
241180
241740
242079
242502
242814
242985
243402
243748
244183
244520
244776
245156
245436
245787
245948
246230
246379
246622
246854
246991
247170
247285
247398
247506
247635
247761
247932
248054
248146
248260
248363
248406
248477
248609
248630
248672
248691
248702
248778
248863
248936
248977
249061
249157
249175
249216
249290
249321
249368
249428
249451
249445
249479
249520
249517
249559
249528
249507
249560
249574
249613
249648
249684
249709
249731
249754
249748
249754
249773
249814
249812
249853
249889
249898
249872
249884
249876
249886
249894
249902
249916
249908
249899
249907
249918
249921
249924
249928
249936
249936
249937
249954
249963
249970
249963
249967
249952
249956
249948
249967
249983
249989
249996
249998
249999
250000
250000
250000
250000
250000
250000
250000
250000
250000
250000
250000
250000
250000
250000
250000
250000
250000
250000
250000
250000
250000
250000
250000
250000
250000
250000
250000
250000
250000
250000
250000
250000
250000
250000
250000
250000
250000
250000
250000
250000
250000
250000
250000
250000
250000
250000
250000
250000
250000
250000
250000
250000
250000
250000
250000
250000
250000
250000
250000
250000
250000
250000
250000
250000
250000
250000
250000
250000
250000
250000
250000
250000
250000
250000
250000
250000
250000
250000
250000
250000
250000
250000
250000
250000
250000
250000
250000
250000
250000
250000
250000
250000
250000
250000
250000
250000
250000
250000
250000
250000
250000
250000
250000
250000
