6916
37516
88035
145701
202505
253691
298316
338271
373162
403386
430859
454323
474195
491649
506894
520154
532090
542671
552143
561234
568205
574082
580580
585584
589570
593731
597678
600647
603782
606715
609085
610447
612385
614588
616111
617799
618924
619195
619558
620920
622361
623457
624454
624661
625358
625853
625919
626764
626723
627183
627974
629298
629100
628747
630097
629506
629309
629117
628788
628457
628011
627868
628398
627955
627045
627358
627118
626958
626702
626726
627505
627680
627753
628143
628111
627635
626771
626620
626113
626354
626499
625672
625868
625594
625728
625937
625115
624755
624042
623876
623392
622793
622029
621018
619892
619380
618110
616625
615423
613151
610150
607590
603523
599599
596262
592239
588534
585048
579797
574817
569398
564038
557764
551612
544113
536700
528802
521372
513121
505075
497520
489165
480231
471264
462515
452900
443688
433800
424710
415099
405890
395898
385785
376432
365885
355763
345454
335787
326678
317197
307875
298223
288999
280158
270675
261788
253408
244854
236442
227976
219972
212116
204201
196838
189285
182105
175274
167869
161440
154605
147944
141718
135604
130106
125061
119974
114614
109373
104346
100118
95603
91554
87276
83346
79409
76046
72682
69429
66244
63199
60303
57339
54528
51802
49500
47038
44701
42400
40503
38288
36564
34753
33170
31374
29907
28652
27305
26029
24794
23528
22244
21351
20205
19074
18083
17098
16190
15412
14655
13839
13250
12610
12053
11482
10857
10274
9740
9170
8607
8151
7794
7405
7026
6617
6236
5873
5459
5204
4951
4749
4544
4272
3964
3702
3474
3268
3055
2820
2618
2455
2260
2118
2001
1852
1708
1599
1522
1438
1382
1324
1260
1208
1158
1158
1122
1112
1053
1011
949
901
844
795
796
764
781
738
721
653
598
550
540
489
455
449
444
441
448
432
410
390
369
338
319
293
286
264
246
240
216
215
207
207
190
174
150
136
127
109
97
81
63
52
43
39
33
28
26
21
18
17
11
10
8
7
6
5
4
1
1
1
1
0
0
0
0
0
0
0
0
0
0
0
0
0
0
0
0
0
0
0
0
0
0
0
0
0
0
0
0
0
0
0
0
0
0
0
0
0
0
0
0
0
0
0
0
0
0
0
0
0
0
0
0
0
0
0
0
0
0
0
0
0
0
0
0
0
0
0
0
0
0
0
0
0
0
0
0
0
0
0
