21
43
71
95
113
147
167
183
201
228
243
277
303
315
329
353
370
387
409
440
463
488
516
536
555
589
617
634
658
683
715
743
773
801
815
839
865
888
904
925
955
980
996
1015
1042
1059
1081
1094
1114
1136
1160
1181
1198
1214
1235
1256
1278
1303
1322
1345
1369
1382
1402
1423
1441
1468
1485
1503
1526
1549
1570
1591
1608
1635
1655
1677
1694
1724
1738
1760
1779
1810
1829
1847
1866
1886
1904
1923
1952
1969
1992
2019
2040
2070
2090
2116
2144
2172
2192
2216
2244
2263
2281
2305
2325
2348
2367
2385
2404
2422
2447
2467
2483
2506
2525
2545
2567
2590
2623
2648
2670
2692
2712
2732
2747
2765
2785
2806
2833
2846
2862
2882
2905
2925
2941
2965
2995
3013
3037
3048
3069
3094
3116
3140
3161
3189
3210
3237
3263
3293
3308
3321
3345
3369
3393
3408
3433
3447
3468
3489
3518
3540
3560
3577
3599
3620
3640
3666
3690
3709
3736
3753
3775
3802
3831
3849
3871
3896
3912
3933
3950
3976
3999
4020
4037
4066
4091
4113
4134
4157
4172
4188
4205
4230
4248
4266
4281
4301
4317
4339
4363
4388
4414
4434
4457
4478
4505
4534
4554
4575
4595
4624
4645
4675
4695
4715
4739
4759
4778
4800
4831
4850
4873
4896
4922
4941
4963
4977
4995
5018
5042
5060
5078
5098
5115
5143
5167
5183
5201
5221
5236
5259
5283
5299
5318
5346
5369
5395
5413
5438
5458
5481
5499
5517
5531
5558
5574
5606
5630
5655
5675
5700
5723
5741
5751
5768
5791
5815
5838
5863
5878
5893
5912
5930
5949
5970
5988
6007
6028
6045
6073
6096
6119
6132
6159
6180
6208
6222
6243
6260
6289
6315
6338
6359
6380
6410
6428
6442
6466
6492
6522
6545
6567
6592
6613
6627
6644
6672
6689
6714
6737
6759
6779
6800
6817
6842
6865
6889
6905
6936
6955
6985
7015
7038
7053
7075
7100
7118
7135
7154
7174
7188
7210
7228
7251
7278
7302
7322
7339
7364
7394
7425
7440
7466
7481
7497
7515
7539
7562
7583
7608
7624
7640
7654
7672
7693
7709
7726
7750
7767
7784
7808
7827
7852
7874
7894
7916
7941
7962
7986
8003
8027
8044
8066
8090
8107
8129
8155
8168
8185
8199
8223
8242
8268
8286
8307
8318
8336
8360
8383
8409
8439
8462
8478
8510
8525
8542
8563
8581
8602
