23
43
72
94
118
144
166
185
206
229
249
268
287
312
335
353
381
396
416
444
461
477
496
518
543
564
577
599
617
637
656
681
695
724
749
775
787
806
831
853
872
890
909
925
947
972
988
1004
1018
1042
1066
1081
1109
1126
1144
1176
1197
1218
1238
1262
1292
1303
1328
1348
1366
1392
1414
1439
1462
1482
1504
1531
1555
1574
1592
1606
1635
1659
1680
1706
1733
1749
1772
1804
1830
1855
1887
1897
1924
1943
1965
1984
2005
2023
2037
2058
2077
2100
2115
2130
2156
2181
2202
2219
2237
2258
2279
2296
2310
2333
2349
2362
2382
2401
2423
2436
2451
2468
2495
2512
2536
2552
2572
2598
2620
2643
2668
2691
2704
2718
2742
2762
2779
2798
2822
2840
2864
2885
2899
2921
2937
2962
2982
3005
3028
3051
3078
3100
3114
3131
3155
3183
3198
3216
3241
3274
3293
3315
3340
3369
3385
3408
3431
3457
3475
3502
3517
3535
3556
3580
3599
3621
3642
3662
3679
3690
3714
3739
3766
3787
3811
3828
3850
3866
3886
3901
3929
3959
3976
4004
4026
4051
4071
4093
4110
4129
4153
4178
4199
4219
4240
4267
4279
4295
4311
4327
4340
4363
4388
4410
4435
4445
4476
4496
4515
4542
4567
4598
4622
4642
4664
4690
4713
4737
4762
4789
4817
4839
4864
4891
4914
4934
4950
4965
4989
5012
5029
5043
5058
5078
5106
5129
5142
5162
5182
5194
5214
5231
5251
5265
5288
5309
5327
5357
5385
5402
5425
5449
5475
5496
5521
5542
5569
5598
5617
5646
5666
5686
5713
5740
5756
5791
5817
5831
5865
5886
5905
5940
5953
5974
5991
6018
6030
6045
6066
6091
6115
6131
6150
6170
6184
6197
6226
6257
6273
6296
6318
6338
6362
6384
6413
6439
6461
6483
6504
6520
6544
6564
6583
6606
6632
6672
6693
6709
6729
6751
6776
6805
6826
6852
6864
6888
6911
6932
6945
6962
6984
7005
7026
7045
7070
7098
7124
7159
7187
7216
7239
7259
7280
7305
7323
7349
7372
7401
7421
7459
7485
7511
7533
7554
7575
7601
7627
7644
7662
7677
7698
7722
7742
7765
7791
7811
7827
7855
7873
7894
7913
7940
7961
7983
8004
8023
8045
8067
8084
8100
8123
8142
8171
8193
8214
8237
8255
8277
8301
8327
8353
8373
8389
8408
8435
8461
8480
8494
8510
8529
8551
8567
8584
8608
