16
31
52
75
96
122
139
158
188
206
223
255
277
297
319
344
357
377
390
414
447
471
496
523
551
565
579
600
616
635
657
675
697
725
747
773
788
813
828
849
862
880
896
916
933
948
967
1003
1025
1045
1069
1080
1104
1127
1146
1168
1183
1202
1216
1245
1263
1288
1309
1331
1350
1370
1385
1410
1437
1456
1474
1488
1510
1530
1555
1575
1599
1623
1637
1664
1680
1697
1723
1752
1770
1790
1813
1841
1866
1885
1913
1929
1951
1976
1993
2007
2028
2050
2072
2087
2105
2130
2150
2166
2180
2207
2223
2244
2264
2282
2296
2308
2334
2350
2372
2392
2418
2449
2460
2477
2496
2519
2542
2561
2583
2613
2633
2650
2670
2696
2716
2734
2748
2769
2784
2803
2824
2842
2864
2885
2903
2924
2947
2974
2991
3024
3039
3058
3074
3094
3115
3133
3152
3171
3187
3217
3249
3268
3290
3316
3342
3362
3391
3415
3431
3452
3470
3490
3510
3528
3546
3567
3595
3615
3637
3656
3675
3697
3723
3748
3773
3803
3820
3845
3873
3894
3917
3936
3965
3984
4006
4028
4052
4076
4100
4120
4141
4159
4177
4202
4226
4248
4265
4280
4304
4321
4339
4366
4395
4417
4440
4462
4487
4506
4530
4551
4574
4601
4627
4645
4666
4693
4708
4724
4740
4763
4788
4808
4830
4852
4879
4895
4913
4928
4952
4975
4993
5024
5043
5068
5090
5107
5121
5137
5158
5176
5197
5220
5241
5270
5292
5321
5336
5354
5378
5392
5416
5440
5464
5482
5501
5528
5551
5579
5595
5618
5637
5659
5687
5715
5730
5748
5770
5790
5805
5825
5853
5870
5891
5910
5929
5957
5977
5997
6010
6029
6058
6074
6093
6111
6139
6162
6191
6214
6240
6258
6279
6294
6307
6322
6343
6366
6381
6407
6436
6459
6482
6499
6518
6542
6567
6595
6619
6644
6664
6687
6706
6726
6744
6767
6801
6820
6853
6878
6906
6928
6952
6980
7014
7031
7052
7074
7101
7124
7148
7177
7202
7224
7247
7270
7293
7316
7344
7367
7401
7423
7447
7468
7495
7519
7532
7545
7567
7587
7610
7630
7651
7684
7713
7723
7738
7767
7786
7807
7828
7851
7873
7894
7913
7937
7956
7972
7996
8018
8028
8039
8064
8093
8110
8140
8157
8178
8193
8212
8234
8257
8284
8300
8317
8329
8358
8380
8398
8414
8435
8456
8474
8489
8508
8535
