18
43
62
90
106
135
151
183
216
241
254
285
310
332
360
386
408
438
462
482
501
518
537
558
582
598
618
641
664
682
707
731
752
773
800
822
833
857
882
907
927
948
967
984
1002
1021
1036
1061
1080
1095
1118
1128
1157
1178
1197
1205
1233
1260
1278
1299
1320
1340
1358
1377
1402
1425
1444
1464
1483
1502
1522
1544
1563
1587
1605
1623
1637
1656
1683
1702
1726
1743
1768
1791
1803
1821
1842
1866
1884
1910
1937
1957
1979
1996
2009
2026
2056
2074
2105
2119
2133
2148
2164
2188
2200
2220
2244
2269
2287
2313
2336
2354
2370
2386
2410
2421
2439
2458
2481
2504
2532
2552
2576
2601
2625
2649
2673
2692
2720
2733
2761
2790
2809
2833
2852
2875
2901
2922
2943
2962
2980
3002
3025
3055
3084
3104
3136
3158
3180
3202
3224
3249
3271
3293
3315
3327
3346
3366
3383
3402
3420
3443
3463
3491
3508
3525
3542
3571
3583
3606
3626
3654
3680
3695
3714
3730
3750
3775
3796
3820
3839
3871
3888
3907
3924
3944
3956
3978
3993
4017
4040
4060
4084
4102
4120
4143
4165
4183
4205
4235
4257
4287
4315
4336
4356
4379
4394
4419
4441
4455
4481
4508
4538
4557
4580
4600
4617
4635
4654
4670
4689
4723
4743
4764
4779
4794
4812
4834
4860
4876
4896
4928
4945
4966
4990
5006
5030
5049
5076
5100
5122
5140
5168
5190
5202
5219
5243
5269
5290
5305
5327
5350
5369
5389
5420
5440
5463
5479
5495
5512
5538
5566
5586
5597
5612
5633
5656
5685
5708
5731
5749
5772
5791
5819
5842
5861
5886
5904
5926
5952
5978
6004
6018
6035
6054
6082
6102
6131
6151
6171
6198
6220
6240
6265
6280
6304
6324
6345
6369
6391
6414
6431
6454
6469
6485
6507
6524
6548
6572
6587
6604
6621
6644
6667
6685
6715
6747
6770
6787
6810
6832
6855
6871
6893
6926
6952
6968
6995
7014
7031
7053
7073
7098
7114
7134
7156
7173
7191
7211
7230
7255
7276
7298
7311
7329
7355
7376
7396
7419
7439
7466
7491
7517
7540
7571
7586
7608
7630
7655
7675
7691
7712
7739
7760
7776
7801
7833
7852
7876
7900
7929
7945
7967
7992
8012
8028
8048
8072
8097
8121
8141
8160
8181
8205
8213
8246
8268
8299
8321
8334
8353
8378
8394
8417
8440
8468
8485
8507
8529
8558
