24
43
64
96
123
141
167
192
208
236
258
278
300
326
346
368
388
416
442
468
492
515
537
557
575
605
626
650
667
687
710
737
760
781
801
830
856
882
903
914
932
951
971
993
1019
1036
1060
1079
1101
1129
1161
1179
1196
1216
1239
1247
1267
1291
1312
1327
1354
1380
1397
1414
1442
1469
1501
1525
1538
1563
1577
1597
1633
1665
1688
1705
1729
1753
1774
1796
1818
1834
1858
1870
1896
1921
1947
1963
1988
2008
2038
2059
2080
2105
2139
2163
2176
2198
2219
2238
2258
2272
2283
2305
2329
2353
2374
2394
2417
2437
2461
2474
2494
2510
2534
2560
2588
2613
2635
2656
2681
2697
2720
2746
2763
2780
2803
2827
2849
2875
2892
2920
2942
2964
2979
2994
3014
3037
3059
3084
3108
3119
3140
3170
3188
3203
3239
3257
3275
3289
3307
3320
3347
3365
3382
3405
3424
3454
3469
3487
3505
3531
3562
3577
3598
3617
3634
3652
3678
3700
3723
3742
3763
3787
3802
3829
3856
3879
3898
3918
3943
3968
3987
4007
4027
4045
4065
4091
4118
4138
4157
4174
4197
4205
4232
4248
4268
4289
4308
4324
4352
4367
4387
4404
4432
4453
4464
4483
4508
4528
4552
4569
4595
4618
4635
4655
4671
4698
4723
4744
4774
4793
4814
4835
4855
4866
4886
4904
4924
4948
4966
4989
5002
5029
5049
5070
5087
5109
5134
5155
5178
5195
5217
5238
5260
5275
5292
5321
5332
5351
5375
5392
5418
5443
5465
5482
5498
5527
5552
5562
5581
5602
5625
5644
5671
5692
5714
5737
5758
5784
5802
5829
5851
5872
5898
5918
5945
5965
5984
6013
6034
6062
6085
6110
6130
6152
6166
6188
6208
6236
6256
6279
6306
6325
6350
6372
6393
6429
6449
6474
6497
6520
6541
6565
6584
6604
6624
6647
6676
6698
6725
6745
6765
6791
6815
6829
6848
6864
6894
6920
6938
6961
6993
7023
7037
7057
7071
7086
7105
7128
7145
7168
7185
7207
7222
7241
7259
7292
7322
7349
7368
7390
7410
7436
7449
7470
7492
7523
7546
7564
7579
7595
7614
7633
7654
7675
7697
7719
7731
7747
7766
7783
7807
7835
7853
7874
7899
7925
7945
7971
7996
8018
8042
8066
8085
8107
8135
8161
8182
8200
8224
8246
8270
8288
8314
8342
8364
8390
8414
8430
8449
8478
8502
8519
8548
8578
8603
8617
8642
8669
