8
24
32
48
55
68
79
89
97
105
111
121
133
150
164
173
189
202
211
220
231
238
244
259
267
279
287
299
309
315
324
332
343
351
360
371
379
392
399
408
421
433
443
455
461
472
478
487
492
498
518
531
535
544
549
560
570
577
583
591
600
606
613
626
636
639
649
655
662
672
683
688
693
701
704
714
726
734
734
739
746
753
755
760
767
773
781
789
802
814
824
828
839
844
846
851
861
868
871
882
886
896
899
909
915
925
931
932
938
948
954
961
966
982
986
999
1008
1015
1025
1036
1047
1058
1066
1080
1085
1098
1108
1120
1134
1145
1161
1170
1178
1191
1202
1215
1229
1232
1242
1249
1265
1279
1289
1303
1308
1314
1322
1335
1347
1360
1369
1378
1390
1405
1415
1425
1437
1446
1455
1469
1480
1489
1504
1518
1526
1537
1549
1555
1563
1573
1587
1600
1609
1617
1629
1637
1645
1655
1662
1668
1682
1698
1709
1722
1735
1746
1752
1762
1771
1778
1786
1794
1807
1819
1828
1840
1850
1858
1871
1880
1888
1896
1910
1921
1933
1943
1948
1956
1968
1986
1999
2009
2021
2027
2045
2058
2066
2075
2084
2091
2100
2108
2123
2131
2141
2149
2153
2164
2175
2187
2200
2212
2225
2235
2244
2254
2265
2276
2287
2297
2305
2319
2323
2344
2356
2366
2380
2391
2401
2410
2427
2440
2455
2466
2472
2480
2493
2504
2519
2536
2541
2553
2565
2576
2590
2604
2617
2628
2642
2656
2668
2676
2686
2697
2703
2712
2725
2742
2750
2765
2776
2783
2796
2806
2811
2822
2828
2839
2849
2859
2866
2878
2886
2895
2903
2911
2923
2933
2944
2955
2974
2979
2989
3004
3015
3027
3036
3046
3052
3060
3073
3080
3090
3099
3106
3117
3126
3133
3145
3152
3161
3167
3176
3188
3199
3211
3223
3240
3251
3260
3273
3289
3301
3312
3323
3340
3350
3358
3371
3381
3390
3402
3415
3425
3436
3447
3458
3485
3497
3505
3522
3535
3546
3552
3565
3575
3587
3596
3606
3613
3624
3635
3653
3664
3672
3682
3696
3704
3716
3728
3742
3745
3753
3771
3785
3792
3803
3813
3824
3829
3836
3842
3851
3861
3867
3879
3884
3892
3900
3909
3916
3932
3945
3954
3965
3972
3987
3997
4009
4019
