6
13
28
40
53
62
73
84
91
109
119
131
140
156
171
179
193
200
215
223
231
240
249
259
270
279
294
308
320
335
346
357
364
377
388
400
405
417
425
437
446
459
467
478
486
499
508
515
525
537
548
559
569
574
578
589
601
608
620
631
645
657
669
671
673
684
692
695
709
712
716
722
728
740
741
750
753
756
758
764
773
776
782
791
803
806
806
813
820
825
838
845
856
866
876
881
894
901
908
914
928
940
949
960
959
967
974
985
995
1005
1017
1022
1033
1037
1039
1048
1056
1072
1078
1087
1098
1104
1112
1122
1126
1143
1151
1161
1167
1175
1186
1196
1208
1217
1226
1234
1246
1251
1256
1266
1272
1279
1292
1300
1313
1327
1336
1347
1362
1370
1376
1388
1403
1413
1419
1429
1441
1453
1464
1472
1476
1490
1501
1517
1529
1544
1555
1565
1575
1578
1581
1586
1594
1603
1619
1629
1641
1649
1659
1665
1678
1687
1698
1704
1719
1731
1749
1761
1772
1780
1791
1810
1824
1834
1847
1853
1866
1876
1884
1889
1896
1904
1919
1934
1945
1953
1963
1976
1991
1996
2008
2022
2037
2051
2059
2074
2080
2085
2096
2105
2119
2132
2140
2152
2156
2165
2176
2181
2193
2205
2218
2228
2242
2258
2265
2272
2280
2289
2298
2313
2327
2339
2348
2359
2369
2376
2387
2392
2410
2423
2436
2445
2461
2475
2485
2497
2506
2520
2532
2546
2560
2574
2583
2599
2608
2618
2630
2636
2645
2650
2653
2665
2677
2693
2698
2705
2711
2724
2733
2749
2757
2773
2783
2804
2814
2823
2831
2843
2855
2865
2876
2886
2892
2905
2918
2932
2942
2957
2964
2974
2982
2988
3002
3010
3019
3028
3036
3048
3061
3071
3083
3094
3104
3111
3125
3132
3143
3152
3161
3169
3179
3184
3194
3199
3212
3228
3236
3242
3254
3261
3278
3291
3301
3311
3320
3332
3342
3347
3355
3370
3382
3390
3400
3412
3423
3430
3438
3448
3461
3471
3475
3480
3495
3506
3520
3536
3552
3563
3570
3580
3588
3598
3603
3610
3623
3639
3650
3664
3674
3680
3687
3698
3709
3718
3727
3733
3744
3757
3769
3777
3782
3792
3802
3811
3822
3833
3844
3854
3861
3878
3892
3899
3914
3922
3934
3943
3950
3959
3970
3980
