0
2
15
33
56
98
159
224
272
337
429
502
579
662
751
842
932
1022
1108
1218
1316
1427
1523
1617
1718
1813
1918
2019
2109
2218
2330
2430
2533
2650
2761
2855
2953
3069
3172
3273
3372
3460
3573
3683
3775
3882
3991
4081
4175
4260
4358
4471
4571
4674
4782
4874
4978
5081
5190
5291
5405
5499
5601
5672
5780
5871
5972
6074
6157
6242
6366
6462
6555
6652
6754
6856
6933
7020
7126
7220
7292
7376
7455
7538
7629
7729
7814
7897
7980
8089
8156
8239
8319
8397
8498
8600
8695
8771
8849
8920
9001
9081
9152
9242
9319
9388
9464
9532
9607
9679
9741
9796
9860
9911
9977
10030
10079
10123
10171
10233
10296
10347
10396
10428
10470
10514
10575
10585
10638
10662
10698
10738
10760
10756
10759
10769
10774
10786
10812
10821
10830
10837
10827
10828
10823
10808
10814
10812
10797
10779
10769
10763
10748
10748
10719
10697
10687
10675
10654
10643
10615
10596
10573
10562
10545
10522
10494
10464
10434
10411
10385
10363
10339
10308
10280
10245
10216
10190
10159
10126
10091
10051
10019
9984
9953
9920
9890
9852
9817
9777
9751
9720
9691
9651
9605
9572
9538
9494
9463
9431
9400
9369
9341
9312
9275
9246
9220
9191
9165
9129
9090
9048
9012
8971
8929
8898
8867
8825
8789
8754
8717
8687
8655
8618
8594
8558
8535
8501
8470
8443
8415
8392
8355
8316
8290
8260
8226
8191
8161
8127
8098
8069
8053
8020
7992
7961
7923
7882
7855
7821
7787
7752
7711
7681
7653
7621
7590
7553
7529
7508
7474
7448
7426
7390
7357
7317
7282
7258
7237
7201
7177
7155
7127
7097
7060
7034
6998
6965
6930
6896
6869
6846
6815
6788
6758
6733
6694
6664
6645
6620
6597
6568
6540
6506
6485
6469
6443
6411
6381
6356
6330
6300
6271
6244
6220
6188
6165
6146
6121
6096
6083
6058
6033
6000
5980
5957
5937
5913
5888
5863
5827
5802
5787
5764
5739
5714
5694
5674
5655
5641
5615
5592
5571
5546
5530
5503
5483
5450
5429
5407
5387
5367
5348
5328
5306
5283
5267
5239
5222
5203
5188
5164
5141
5122
5104
5079
5053
5031
5010
4986
4965
4941
4918
4901
4878
4861
4846
4829
4810
4796
4775
4756
4734
4711
4695
4681
4655
4640
4616
4595
4577
4564
4543
4529
4520
4507
4493
4469
4459
4439
4425
4414
4403
4383
4369
4353
4341
4321
4302
4285
