997975
995871
993783
991675
989537
987391
985209
983144
981037
978928
976840
974735
972603
970418
968301
966224
964135
961946
959921
957865
955733
953722
951647
949517
947470
945375
943342
941253
939202
937146
935062
932989
930975
928940
926916
924969
922915
920930
918928
916986
914991
912951
910986
909002
907043
905067
903096
901164
899141
897192
895283
893330
891464
889580
887616
885707
883799
881865
879976
878143
876308
874405
872502
870757
868851
867011
865152
863243
861419
859588
857696
855908
854144
852302
850574
848760
846957
845187
843429
841588
839852
838180
836445
834703
833007
831343
829663
827979
826351
824814
823243
821714
820229
819015
817808
816720
815814
815028
814326
813761
813500
813219
812917
812799
812714
812676
812709
812758
812804
812860
812907
812939
812990
813047
813092
813129
813192
813235
813285
813326
813381
813426
813463
813513
813555
813595
813645
813684
813724
813773
813819
813878
813932
814000
814050
814086
814144
814183
814222
814277
814319
814371
814412
814462
814506
814543
814590
814639
814681
814724
814763
814811
814864
814906
814958
815008
815044
815089
815148
815189
815232
815267
815323
815369
815425
815464
815507
815562
815607
815653
815704
815745
815792
815841
815889
815952
816006
816054
816107
816165
816212
816247
816298
816349
816387
816438
816486
816522
816564
816623
816680
816727
816779
816826
816872
816921
816967
817012
817046
817090
817137
817171
817218
817265
817328
817379
817427
817484
817529
817574
817614
817665
817698
817744
817790
817845
817896
817940
817993
818031
818069
818120
818184
818223
818264
818321
818368
818423
818466
818505
818544
818594
818642
818685
818729
818775
818816
818880
818918
818958
819006
819046
819089
819135
819175
819230
819278
819326
819362
819411
819465
819512
819563
819612
819660
819704
819742
819793
819840
819892
819943
819988
820031
820072
820127
820180
820225
820270
820314
820367
820409
820454
820497
820548
820595
820635
820678
820720
820754
820795
820854
820894
820949
820981
821020
821062
821101
821144
821197
821250
821302
821346
821396
821434
821468
821505
821549
821597
821639
821690
821748
821790
821831
821873
821920
821963
822006
822053
822096
822143
822186
822230
822274
822311
822366
822424
822465
822510
822551
822600
822655
822696
822737
822785
822837
822883
822925
822966
823012
823061
823106
823145
823174
823218
823260
823309
823349
823389
823430
823468
823513
823561
823616
823661
823696
823737
823786
823828
823872
823918
823966
824014
824050
824080
824119
824172
824232
824283
824327
824369
824427
824482
824526
824572
824618
824655
824704
824748
824792
824823
824858
824903
824952
824991
825035
825083
825126
825166
825203
825228
825269
825306
825357
825404
825437
825480
825536
825563
825606
825654
825691
825732
825795
825837
825876
825913
825955
825997
826047
826096
