997979
995879
993716
991608
989523
987412
985294
983241
981068
978974
976775
974711
972614
970431
968335
966227
964100
962005
959915
957803
955772
953708
951632
949664
947680
945632
943612
941606
939644
937639
935543
933534
931531
929479
927451
925349
923330
921373
919456
917413
915415
913407
911498
909472
907452
905436
903475
901483
899546
897555
895605
893708
891835
889857
887948
886014
884071
882135
880126
878219
876321
874485
872664
870744
868836
866965
865087
863225
861369
859491
857640
855848
853926
852171
850329
848453
846683
844823
843034
841263
839477
837705
836017
834278
832562
830932
829321
827768
826169
824696
823230
821836
820556
819464
818493
817616
816823
816088
815462
814950
814501
814194
814007
813837
813807
813826
813830
813822
813788
813790
813833
813876
813927
813988
814042
814102
814150
814184
814244
814296
814328
814370
814407
814457
814507
814561
814599
814636
814682
814712
814758
814802
814841
814886
814931
814982
815021
815065
815093
815136
815189
815230
815274
815315
815360
815395
815432
815477
815522
815563
815614
815660
815720
815764
815806
815873
815910
815946
815982
816023
816063
816100
816138
816174
816234
816279
816332
816372
816415
816460
816506
816554
816597
816636
816683
816726
816771
816815
816860
816906
816949
816995
817044
817095
817141
817193
817233
817283
817326
817367
817412
817454
817509
817556
817592
817640
817680
817732
817782
817820
817861
817907
817948
818000
818046
818086
818123
818160
818202
818257
818316
818361
818393
818433
818476
818515
818555
818595
818633
818690
818731
818778
818828
818874
818909
818959
819008
819058
819103
819142
819180
819227
819264
819297
819349
819401
819452
819500
819540
819581
819637
819673
819731
819772
819814
819861
819901
819953
820005
820051
820091
820134
820177
820210
820260
820290
820329
820369
820424
820470
820506
820549
820593
820633
820668
820706
820740
820801
820839
820882
820926
820953
821000
821032
821073
821113
821163
821200
821237
821285
821333
821381
821428
821477
821518
821562
821610
821648
821689
821734
821774
821827
821871
821919
821965
822008
822050
822086
822127
822179
822214
822253
822309
822351
822405
822457
822511
822565
822614
822662
822710
822755
822807
822853
822906
822944
822990
823049
823084
823128
823184
823230
823268
823311
823362
823420
823474
823531
823576
823628
823667
823711
823760
823809
823850
823891
823942
823988
824028
824082
824125
824183
824239
824277
824334
824379
824437
824475
824514
824552
824605
824655
824712
824758
824796
824833
824871
824923
824958
824999
825046
825084
825126
825170
825219
825259
825299
825346
825393
825440
825493
825531
825588
825629
825667
825703
825754
825803
825839
825872
825916
825977
826020
826058
826094
826134
826186
826233
826278
826324
826366
826402
826452
826502
826541
826581
826633
826691
826730
826775
