1965
3894
5709
7446
9127
10746
12307
13666
14993
16246
17409
18561
19668
20794
21703
22530
23399
24304
25046
25721
26415
26989
27557
28228
28722
29337
29753
30237
30657
31020
31446
31817
32057
32350
32596
32737
32970
33182
33368
33451
33751
34016
34133
34299
34506
34653
34792
34851
35018
35156
35177
35236
35234
35249
35397
35478
35467
35505
35573
35490
35446
35493
35488
35337
35410
35358
35335
35425
35385
35346
35386
35304
35151
35189
35075
35068
35115
34998
34924
34922
34871
34658
34565
34530
34373
34196
34058
33972
33799
33554
33410
33228
32982
32472
31994
31420
30774
29993
29110
28146
26946
25887
24920
23860
22754
21648
20517
19476
18434
17485
16493
15655
14838
14056
13274
12536
11850
11197
10591
10070
9512
9006
8501
8068
7640
7259
6903
6574
6237
5923
5629
5376
5078
4823
4574
4353
4132
3923
3728
3557
3371
3191
3012
2845
2699
2545
2398
2280
2161
2048
1959
1838
1743
1623
1551
1467
1387
1312
1231
1161
1091
1021
961
913
870
817
774
721
687
659
629
594
570
534
510
486
461
438
403
375
355
336
319
301
286
271
255
243
235
223
212
201
193
179
172
165
158
150
144
136
127
117
110
104
97
92
87
83
74
72
69
62
60
59
54
52
44
43
42
40
38
32
32
29
26
25
25
25
24
23
21
20
20
20
20
20
19
17
15
14
14
12
10
8
6
6
6
5
4
4
4
4
4
3
2
2
2
2
2
2
2
2
2
1
1
0
0
0
0
0
0
0
0
0
0
0
0
0
0
0
0
0
0
0
0
0
0
0
0
0
0
0
0
0
0
0
0
0
0
0
0
0
0
0
0
0
0
0
0
0
0
0
0
0
0
0
0
0
0
0
0
0
0
0
0
0
0
0
0
0
0
0
0
0
0
0
0
0
0
0
0
0
0
0
0
0
0
0
0
0
0
0
0
0
0
0
0
0
0
0
0
0
0
0
0
0
0
0
0
0
0
0
0
0
0
0
0
0
0
0
0
0
0
0
0
0
0
0
0
0
0
0
0
0
0
0
0
0
0
0
