2030
3916
5712
7545
9213
10765
12271
13653
15057
16407
17711
18795
19904
20929
21852
22676
23559
24440
25226
25952
26713
27395
28026
28559
29151
29555
30114
30518
30928
31331
31742
32035
32367
32724
33097
33387
33581
33775
33976
34165
34277
34337
34537
34721
34820
34968
35074
35192
35224
35370
35409
35473
35524
35564
35653
35746
35811
35777
35760
35741
35598
35520
35567
35622
35597
35619
35587
35597
35656
35659
35604
35615
35546
35482
35444
35337
35369
35420
35336
35256
35240
35179
35147
35021
34895
34809
34836
34639
34470
34442
34315
34005
33728
33297
32936
32410
31820
31102
30311
29526
28657
27808
26933
25872
24769
23681
22553
21471
20424
19416
18392
17432
16510
15666
14893
14128
13358
12650
12010
11393
10808
10240
9711
9206
8775
8318
7932
7532
7169
6775
6413
6090
5775
5473
5172
4909
4661
4397
4181
3937
3708
3515
3325
3130
2962
2794
2636
2487
2336
2213
2111
2006
1890
1787
1700
1600
1505
1429
1352
1281
1210
1140
1078
1029
984
938
889
843
805
759
717
676
638
604
565
531
507
480
452
435
416
396
377
353
329
308
291
285
270
256
242
224
214
207
194
188
176
168
160
150
142
136
131
124
117
112
108
102
99
95
85
80
77
74
72
69
64
58
55
52
47
45
44
41
39
37
35
33
30
29
28
26
26
23
23
22
22
22
22
22
21
19
18
17
17
17
15
14
14
13
12
11
11
11
10
8
8
8
8
8
8
8
8
8
7
6
5
5
4
4
4
4
4
4
4
4
4
4
4
4
4
4
3
3
2
2
2
2
2
2
2
2
2
2
2
2
1
1
1
1
1
1
1
1
1
1
1
1
1
0
0
0
0
0
0
0
0
0
0
0
0
0
0
0
0
0
0
0
0
0
0
0
0
0
0
0
0
0
0
0
0
0
0
0
0
0
0
0
0
0
0
0
0
0
0
0
0
0
0
0
0
0
0
0
0
0
0
0
0
0
0
0
0
0
0
0
0
0
0
0
0
0
0
0
0
0
0
0
0
0
0
0
0
0
0
0
0
0
0
0
