2105
3926
5743
7482
9148
10717
12217
13663
14973
16323
17508
18650
19775
20794
21747
22662
23529
24392
25227
25776
26433
27075
27684
28276
28892
29411
29859
30384
30746
31159
31595
31894
32259
32550
32866
33087
33368
33559
33712
33848
34187
34377
34487
34588
34809
34999
35057
35047
35171
35294
35398
35417
35400
35434
35514
35463
35543
35561
35587
35579
35523
35554
35444
35331
35204
35229
35176
35197
35209
35049
35065
35160
35046
35129
35053
35041
34994
34890
34732
34584
34494
34371
34166
34183
34081
33966
33733
33514
33198
32950
32541
32027
31538
30857
30224
29342
28421
27391
26381
25272
24221
23118
21937
20781
19689
18623
17695
16783
15902
15100
14294
13561
12854
12174
11517
10951
10386
9864
9359
8838
8384
7966
7544
7133
6789
6418
6085
5753
5455
5154
4894
4609
4363
4121
3915
3695
3486
3284
3095
2949
2804
2662
2523
2394
2273
2151
2040
1940
1838
1717
1643
1560
1477
1383
1307
1258
1192
1126
1067
1010
961
896
862
807
778
745
719
678
624
597
561
525
501
471
447
424
398
372
351
335
318
303
287
272
261
246
232
225
208
202
197
188
178
170
162
156
151
145
137
130
124
122
118
116
109
105
98
93
89
80
75
71
67
63
59
56
54
50
46
45
42
41
40
34
33
31
29
26
24
21
20
20
19
19
18
15
15
14
12
12
12
10
10
8
6
6
5
5
5
4
4
4
4
4
3
3
3
3
3
3
2
2
2
2
2
2
2
2
2
2
2
2
2
2
2
2
2
2
2
2
2
1
1
1
1
1
1
0
0
0
0
0
0
0
0
0
0
0
0
0
0
0
0
0
0
0
0
0
0
0
0
0
0
0
0
0
0
0
0
0
0
0
0
0
0
0
0
0
0
0
0
0
0
0
0
0
0
0
0
0
0
0
0
0
0
0
0
0
0
0
0
0
0
0
0
0
0
0
0
0
0
0
0
0
0
0
0
0
0
0
0
0
0
0
0
0
0
0
0
0
0
0
0
0
0
0
0
0
0
0
0
0
0
0
0
0
0
0
0
0
