2002
3851
5685
7427
9084
10578
12120
13531
14921
16158
17391
18538
19656
20711
21577
22485
23363
24163
24986
25728
26281
26991
27738
28379
28851
29375
29962
30450
30991
31385
31817
32122
32458
32850
33147
33394
33634
33921
34210
34377
34553
34792
34903
34996
35050
35147
35309
35415
35556
35618
35623
35649
35705
35689
35670
35686
35657
35704
35822
35821
35820
35731
35763
35765
35844
35759
35767
35792
35663
35656
35586
35458
35498
35479
35338
35279
35291
35307
35203
35181
35156
35000
34967
34823
34691
34582
34554
34401
34269
34042
33725
33438
32982
32493
31931
31358
30717
30121
29419
28718
27898
26993
26085
25234
24196
23209
22159
21238
20322
19440
18496
17656
16764
15904
15117
14350
13626
12926
12280
11636
11050
10441
9858
9312
8822
8390
7946
7541
7119
6732
6390
6084
5753
5450
5137
4856
4592
4348
4133
3937
3743
3527
3352
3185
3018
2848
2711
2564
2438
2315
2203
2097
1997
1897
1804
1713
1628
1537
1458
1394
1315
1226
1175
1112
1049
990
934
888
824
787
738
699
661
623
586
544
515
491
468
437
414
391
376
360
340
319
308
288
270
261
243
227
214
207
188
179
173
164
152
144
140
137
129
118
110
103
97
91
86
81
78
73
69
67
63
60
59
55
50
48
46
44
41
40
36
30
30
27
27
25
24
23
22
21
19
19
17
16
14
13
12
12
12
12
10
9
9
9
9
9
9
8
8
7
6
6
6
5
5
5
5
5
5
5
5
5
5
5
5
3
3
3
3
2
2
1
1
1
1
1
1
1
1
1
0
0
0
0
0
0
0
0
0
0
0
0
0
0
0
0
0
0
0
0
0
0
0
0
0
0
0
0
0
0
0
0
0
0
0
0
0
0
0
0
0
0
0
0
0
0
0
0
0
0
0
0
0
0
0
0
0
0
0
0
0
0
0
0
0
0
0
0
0
0
0
0
0
0
0
0
0
0
0
0
0
0
0
0
0
0
0
0
0
0
0
0
0
0
0
0
0
0
0
0
0
0
0
0
0
0
0
0
0
0
0
0
0
0
0
0
