1983
3879
5732
7489
9184
10793
12348
13715
15115
16391
17671
18789
19903
20944
21872
22781
23742
24611
25347
26097
26729
27485
28110
28567
29020
29524
30008
30357
30743
31295
31694
32043
32332
32618
33026
33252
33485
33673
33931
34140
34399
34554
34663
34876
35049
35219
35397
35473
35624
35630
35718
35772
35856
35915
35885
35890
35947
36012
35900
35987
36049
36030
36007
36024
35844
35842
35772
35693
35822
35761
35798
35749
35851
35845
35953
35831
35722
35729
35718
35522
35380
35299
35246
35147
35055
34906
34761
34518
34371
34146
33971
33684
33292
32934
32425
31939
31236
30467
29557
28616
27653
26812
25893
24904
23950
22925
21936
20916
19828
18868
17855
16935
16053
15193
14390
13653
12937
12255
11611
10990
10417
9851
9302
8838
8357
7929
7507
7124
6777
6443
6086
5733
5419
5165
4907
4671
4402
4192
3972
3759
3570
3388
3201
3023
2860
2725
2573
2436
2303
2199
2091
1993
1884
1784
1677
1580
1504
1423
1351
1264
1190
1140
1089
1041
998
955
904
845
797
755
727
693
656
614
574
553
520
472
447
425
404
388
364
349
327
312
301
285
272
247
228
215
203
193
186
174
161
154
146
144
137
130
121
118
110
104
96
88
82
80
76
69
66
65
63
62
59
58
57
51
46
44
44
41
38
35
33
28
25
21
21
20
20
20
20
19
18
16
16
16
15
15
13
12
12
12
11
11
8
8
8
8
7
7
7
7
6
6
6
6
6
4
4
4
3
3
3
2
2
2
1
1
1
1
1
1
1
1
1
1
1
1
1
1
1
1
1
1
1
1
1
1
1
1
1
1
1
1
1
1
1
1
1
1
1
1
1
1
1
1
1
1
1
0
0
0
0
0
0
0
0
0
0
0
0
0
0
0
0
0
0
0
0
0
0
0
0
0
0
0
0
0
0
0
0
0
0
0
0
0
0
0
0
0
0
0
0
0
0
0
0
0
0
0
0
0
0
0
0
0
0
0
0
0
0
0
0
0
0
0
0
0
0
0
0
0
0
0
0
0
0
0
0
0
0
0
0
0
0
0
