107588
150878
156592
147541
134096
121792
111571
103190
96848
91532
86618
83416
80046
76879
74321
71736
70287
68090
66204
64987
63668
62596
61603
60371
59478
58605
57979
57473
56684
55976
55626
54692
54724
54163
54107
53488
53278
53270
52984
52841
52217
51870
51826
51692
51575
51165
51166
50763
51086
50797
50848
50534
50474
50819
50703
50631
50424
50224
49894
49993
50020
50323
50333
50209
50042
50432
50461
50432
50456
50342
50468
50033
50676
50410
50488
50677
50559
50972
50844
50938
51023
50803
51338
51216
51451
51564
52339
52347
51822
52361
52858
52780
53034
53272
54042
55141
55775
56878
58257
59813
61002
63323
64842
67220
69470
71824
74354
77236
79996
82517
85848
89430
92281
94996
98506
101840
105121
108269
111822
114686
118202
121551
125046
128351
131553
134848
138060
141073
144059
147196
150170
152843
155952
159448
162029
165257
168104
170482
173026
175826
178262
180738
183567
185930
188658
191077
193802
196075
198296
200511
202456
204567
206572
208483
210822
212083
214016
215364
217130
218792
220312
221804
223370
224630
226057
227273
228229
229405
230695
231423
232331
233172
233974
234591
235314
235941
236566
237276
238007
238846
239466
239981
240687
241097
241687
242128
242404
242900
243285
243473
243794
244074
244338
244524
244894
245110
245241
245517
245791
245988
246248
246448
246610
246889
247027
247257
247353
247481
247610
247830
247894
248041
248083
248149
248325
248402
248551
248677
248768
248811
248870
248963
249077
249132
249189
249279
249256
249267
249281
249376
249394
249407
249380
249423
249456
249440
249470
249462
249515
249529
249562
249611
249639
249683
249724
249781
249817
249837
249856
249876
249886
249890
249900
249908
249916
249928
249932
249930
249932
249918
249919
249923
249914
249928
249957
249977
249987
249997
249998
250000
250000
250000
250000
250000
250000
250000
250000
250000
250000
250000
250000
250000
250000
250000
250000
250000
250000
250000
250000
250000
250000
250000
250000
250000
250000
250000
250000
250000
250000
250000
250000
250000
250000
250000
250000
250000
250000
250000
250000
250000
250000
250000
250000
250000
250000
250000
250000
250000
250000
250000
250000
250000
250000
250000
250000
250000
250000
250000
250000
250000
250000
250000
250000
250000
250000
250000
250000
250000
250000
250000
250000
250000
250000
250000
250000
250000
250000
250000
250000
250000
250000
250000
250000
250000
250000
250000
250000
250000
250000
250000
250000
250000
250000
250000
250000
250000
250000
250000
250000
250000
250000
250000
250000
250000
250000
250000
250000
250000
250000
250000
250000
250000
250000
250000
250000
250000
250000
250000
250000
250000
250000
250000
250000
250000
250000
250000
250000
250000
250000
250000
