107915
150870
156234
146969
134145
121428
111854
104163
97042
91546
86896
83690
79783
77329
74811
72220
69754
67897
66620
64750
63815
61928
60982
60231
59329
58406
57473
56765
56366
55846
55076
55323
54342
54022
53556
53328
53184
52610
52444
52447
52016
51615
52002
51430
50929
51153
50852
50920
50630
50461
50693
50741
50366
50658
50186
50289
50548
49994
50028
49982
50027
50337
50172
50298
49924
50536
49988
50105
50497
50696
50091
50332
50122
50130
50482
50593
50511
50566
50436
50905
50815
50619
50820
50769
51363
51496
51535
52209
52386
52815
52973
53071
54317
54514
55048
55316
56205
57581
58579
60353
62018
63917
66509
68917
71160
73596
75859
78559
81360
84334
87002
90303
93175
95989
99249
102417
105589
109143
112373
115463
118637
121851
125645
128738
131830
135668
139463
142590
145849
149030
151856
154849
157917
160717
163577
166510
169445
172800
175727
178277
181189
184071
186360
188871
191486
193985
196225
198682
200856
202813
204427
206597
208682
210857
212423
213795
215433
217264
219048
220424
221650
222557
224091
225476
226685
227658
228831
230070
231089
232035
232697
233386
234147
234797
235525
236219
236955
237610
238362
238966
239551
240120
240403
240773
241291
241635
241993
242510
242966
243268
243601
243954
244212
244522
244702
244965
245240
245431
245591
245779
245973
246270
246475
246689
246869
247021
247141
247318
247434
247534
247691
247875
247952
248055
248168
248275
248369
248387
248377
248400
248515
248619
248661
248690
248830
248828
248901
249014
249058
249063
249110
249113
249187
249215
249280
249397
249435
249466
249497
249512
249580
249588
249596
249637
249634
249645
249667
249687
249678
249700
249736
249765
249783
249812
249825
249839
249860
249877
249879
249882
249900
249919
249924
249941
249960
249963
249961
249977
249987
249992
249995
249997
249997
249999
250000
250000
250000
250000
250000
250000
250000
250000
250000
250000
250000
250000
250000
250000
250000
250000
250000
250000
250000
250000
250000
250000
250000
250000
250000
250000
250000
250000
250000
250000
250000
250000
250000
250000
250000
250000
250000
250000
250000
250000
250000
250000
250000
250000
250000
250000
250000
250000
250000
250000
250000
250000
250000
250000
250000
250000
250000
250000
250000
250000
250000
250000
250000
250000
250000
250000
250000
250000
250000
250000
250000
250000
250000
250000
250000
250000
250000
250000
250000
250000
250000
250000
250000
250000
250000
250000
250000
250000
250000
250000
250000
250000
250000
250000
250000
250000
250000
250000
250000
250000
250000
250000
250000
250000
250000
250000
250000
250000
250000
250000
250000
250000
250000
250000
250000
250000
250000
250000
250000
250000
250000
250000
250000
250000
250000
250000
