108156
151015
157237
147490
134595
122711
112683
104328
97351
92120
87014
83202
79837
76751
74360
72081
70204
68006
66301
64690
63876
62876
61417
59706
58893
58348
57406
56879
55938
55576
54759
54513
54210
53902
53055
52696
52412
52158
52070
51439
51254
51220
51015
50572
50757
50708
50389
50399
50349
50604
49989
50310
49960
49791
49474
50334
50248
50367
50212
49544
50150
49988
49994
49817
50070
50268
50041
49936
50110
50141
50244
50157
50270
50355
50472
50760
50546
50695
50508
50844
50369
50496
51083
51047
50885
51457
51311
51239
51632
51787
51964
52325
53175
53946
54357
54976
56282
56822
57751
59020
59665
61623
62615
64763
66256
68535
71060
72918
74927
77575
79959
82405
85753
88235
90842
94008
96822
99710
102974
106167
109349
112648
116038
119912
123298
126289
129089
132988
135838
139282
142630
145426
149059
152322
155448
158536
161354
164300
167243
170538
173027
175724
178617
181014
183764
185944
188476
190999
193531
195806
197721
199517
201450
203260
205489
207137
208722
210633
212690
214486
215756
216984
218780
220183
221560
222942
224081
225433
226684
227918
229282
230121
231087
232051
233228
234156
235374
236088
236540
237280
238046
238560
238990
239539
240030
240642
241105
241433
241994
242301
242735
243190
243611
243934
244231
244552
244726
245015
245387
245591
245856
245943
246215
246423
246572
246798
246954
247183
247311
247429
247569
247658
247862
247929
248128
248180
248259
248308
248431
248548
248595
248666
248725
248782
248854
248931
248997
249102
249174
249181
249195
249290
249320
249363
249396
249437
249471
249520
249554
249613
249645
249648
249652
249652
249654
249688
249715
249707
249738
249772
249751
249736
249770
249765
249788
249814
249805
249799
249820
249825
249845
249855
249853
249852
249867
249869
249856
249845
249840
249858
249871
249898
249905
249919
249929
249941
249954
249960
249967
249971
249975
249979
249971
249970
249984
249996
249998
250000
250000
250000
250000
250000
250000
250000
250000
250000
250000
250000
250000
250000
250000
250000
250000
250000
250000
250000
250000
250000
250000
250000
250000
250000
250000
250000
250000
250000
250000
250000
250000
250000
250000
250000
250000
250000
250000
250000
250000
250000
250000
250000
250000
250000
250000
250000
250000
250000
250000
250000
250000
250000
250000
250000
250000
250000
250000
250000
250000
250000
250000
250000
250000
250000
250000
250000
250000
250000
250000
250000
250000
250000
250000
250000
250000
250000
250000
250000
250000
250000
250000
250000
250000
250000
250000
250000
250000
250000
250000
250000
250000
250000
250000
250000
250000
250000
250000
250000
250000
250000
250000
250000
250000
250000
250000
250000
250000
250000
250000
250000
250000
250000
