5030
28778
69650
118249
168316
215701
258512
296856
330021
359944
386746
409685
429391
448271
464677
479219
491747
503266
512934
521386
528219
534864
540474
546352
551458
555412
559501
563052
566591
570281
573172
575833
577705
579864
581623
583100
583774
585287
586593
587803
588366
589793
590179
590995
591019
593044
593586
594532
595156
595775
597072
598276
598776
598519
599183
599704
598983
599432
599934
600226
599816
599331
600206
599571
599933
600015
600866
600913
600445
600196
600249
600776
600446
600438
600248
599381
599980
599418
599199
598791
598082
597690
597512
597336
596656
596175
595879
595166
595425
594391
593278
593739
592645
591753
590692
588952
587699
585491
583721
580903
577467
572230
568132
563489
557716
552743
546354
539251
532113
524872
516918
509032
500957
492681
483639
474574
465385
455913
446234
437297
427210
417280
407346
397361
387700
378473
367936
358392
349254
339933
330880
322310
313112
303694
294466
285831
276926
268400
259906
250992
242639
234563
226356
218487
210454
202828
194656
187210
180175
173427
166573
159999
153180
146531
139959
134489
128696
123610
117937
112138
106820
101662
96765
92213
87705
83458
79464
75431
71491
68038
64727
61686
58988
56145
53464
50944
48580
46278
43894
41367
39092
37169
35212
33311
31554
29939
28465
26877
25655
24478
23246
22095
20938
19868
18857
18002
17236
16413
15556
14803
14032
13380
12787
12026
11302
10562
10042
9570
9037
8482
8041
7620
7202
6815
6400
6035
5660
5244
4828
4563
4335
4096
3850
3571
3359
3130
2900
2753
2666
2463
2335
2228
2166
2083
2007
1982
1937
1859
1743
1629
1543
1470
1403
1309
1191
1064
955
855
769
676
593
564
515
467
424
371
336
308
285
269
259
256
233
211
188
163
127
106
91
69
54
44
31
23
17
15
12
8
6
5
4
3
3
3
3
3
3
3
3
1
1
0
0
0
0
0
0
0
0
0
0
0
0
0
0
0
0
0
0
0
0
0
0
0
0
0
0
0
0
0
0
0
0
0
0
0
0
0
0
0
0
0
0
0
0
0
0
0
0
0
0
0
0
0
0
0
0
0
0
0
0
0
0
0
0
0
0
0
0
0
0
0
0
0
0
0
0
0
0
0
0
0
0
0
0
0
0
0
0
0
0
0
0
0
0
0
0
0
0
0
0
0
0
0
0
0
0
0
0
0
