5227
29397
70452
119365
169092
216864
259691
296959
330720
360175
386708
410113
430949
448962
464859
479465
491910
502887
513570
522828
530401
537389
543202
548466
554147
558036
561763
565494
568697
571676
574002
576509
578942
581543
582661
583733
585158
586774
588050
590549
592323
592687
593407
594161
594348
595262
595679
596227
596552
597373
598058
598317
598203
598741
598880
599327
599894
600042
601045
601116
601062
600524
600747
600408
600331
600121
599155
598759
599117
599663
600025
600542
599860
599364
599676
599025
598259
598584
598636
598694
598836
598385
598305
598752
598880
598750
598977
598495
598400
598148
597453
597115
595897
594305
592862
591736
590023
588778
587626
584982
582209
578254
575571
572150
567539
562329
557216
551308
544811
538153
531353
524023
515910
507922
500232
492646
483985
474914
465914
457121
447909
438911
429894
420735
410932
401721
391933
382685
373310
364359
355139
345861
336235
326442
317173
307483
298535
289359
280356
270992
261369
252153
243478
235308
226667
217850
209616
200897
193285
185569
178024
170859
164208
157070
150908
144096
137494
131388
125680
119887
114387
109351
104323
99366
95073
90941
87083
83045
79698
76012
72448
68954
65896
62670
59712
56931
53934
51171
48783
46434
44123
42039
40026
38036
36063
34213
32417
30847
29303
27913
26515
25175
23915
22785
21822
20627
19622
18702
17704
16912
16045
15284
14430
13791
13131
12343
11802
11158
10667
10209
9751
9136
8615
8281
7930
7558
7223
6894
6514
6141
5687
5342
5069
4788
4520
4270
4003
3782
3563
3358
3134
2994
2858
2686
2540
2382
2322
2243
2172
2115
2070
1987
1922
1836
1749
1713
1637
1610
1558
1494
1415
1334
1286
1201
1124
1097
1024
934
903
857
842
804
776
775
737
695
655
629
572
538
497
455
446
424
409
355
346
360
345
323
329
346
351
341
317
278
250
248
246
209
198
202
201
191
168
180
163
147
144
126
126
121
105
104
90
95
89
84
75
61
50
40
35
29
27
22
18
12
11
8
6
5
4
4
3
2
2
2
2
2
1
1
1
1
1
1
0
0
0
0
0
0
0
0
0
0
0
0
0
0
0
0
0
0
0
0
0
0
0
0
0
0
0
0
0
0
0
0
0
0
0
0
0
0
0
0
0
0
0
0
0
0
0
0
0
0
0
0
0
0
0
0
0
0
0
0
0
0
0
0
