17
39
63
85
109
132
151
168
184
211
222
244
271
300
335
355
374
396
419
438
452
478
496
516
540
562
590
613
637
649
670
690
708
738
775
799
824
843
862
881
904
926
951
966
994
1019
1039
1063
1083
1098
1114
1133
1158
1175
1199
1218
1235
1245
1268
1284
1310
1330
1354
1378
1405
1425
1445
1463
1485
1504
1528
1558
1583
1609
1643
1667
1703
1728
1743
1770
1795
1815
1834
1844
1869
1887
1906
1930
1963
1993
2015
2033
2048
2072
2091
2107
2129
2153
2178
2198
2216
2232
2257
2276
2300
2323
2345
2361
2377
2397
2417
2443
2467
2484
2510
2523
2538
2553
2579
2604
2626
2648
2670
2696
2714
2738
2760
2780
2806
2830
2849
2872
2898
2912
2931
2956
2980
3005
3022
3043
3065
3095
3119
3138
3165
3188
3209
3227
3255
3271
3291
3320
3348
3365
3388
3418
3444
3460
3475
3497
3517
3534
3555
3572
3590
3607
3628
3644
3658
3687
3702
3727
3750
3771
3796
3818
3836
3859
3879
3905
3924
3937
3954
3975
3991
4017
4038
4062
4084
4108
4133
4154
4178
4201
4224
4249
4263
4286
4315
4329
4349
4368
4389
4407
4421
4446
4472
4502
4525
4545
4568
4593
4612
4639
4658
4682
4709
4738
4763
4783
4809
4833
4869
4889
4908
4930
4950
4968
4988
5003
5020
5036
5052
5067
5087
5099
5120
5142
5164
5193
5217
5233
5253
5274
5289
5314
5333
5351
5375
5397
5425
5446
5471
5499
5514
5541
5558
5578
5600
5620
5643
5658
5672
5700
5733
5762
5777
5802
5826
5846
5870
5888
5911
5924
5948
5966
5990
6008
6037
6059
6079
6102
6125
6147
6178
6201
6228
6251
6275
6299
6321
6346
6361
6380
6403
6432
6451
6463
6480
6500
6530
6543
6561
6582
6608
6633
6655
6678
6694
6718
6738
6757
6783
6804
6827
6846
6864
6878
6901
6922
6947
6966
6985
7013
7040
7065
7086
7101
7127
7143
7170
7199
7214
7228
7246
7268
7294
7314
7344
7364
7377
7403
7416
7442
7463
7492
7516
7546
7566
7584
7605
7628
7656
7673
7701
7721
7742
7771
7794
7812
7823
7845
7863
7883
7918
7935
7956
7974
7996
8015
8039
8062
8083
8107
8133
8159
8176
8194
8221
8247
8276
8296
8314
8339
8368
8388
8410
8422
8442
8464
8485
8501
8524
8542
8570
8598
8616
8637
8654
8675
