0
0
0
0
0
1
3
6
8
9
13
15
17
20
21
25
30
32
32
43
50
56
64
66
64
65
72
77
82
88
86
84
87
96
105
112
115
125
138
144
149
152
157
165
166
172
178
183
187
187
189
197
196
207
211
217
219
219
222
230
236
239
237
238
243
245
248
256
263
272
277
279
286
288
292
290
296
300
305
304
304
307
305
309
310
308
308
312
313
315
310
309
314
318
322
319
320
314
319
320
320
328
326
319
317
314
307
306
317
319
313
309
301
297
293
292
287
284
283
283
274
269
266
263
264
255
246
240
235
234
232
225
223
220
220
214
213
205
202
197
191
186
183
181
173
170
168
165
166
167
163
161
155
154
151
148
146
146
141
139
139
139
140
138
134
133
130
125
124
120
118
115
114
110
110
109
102
100
97
92
86
84
84
84
81
79
78
74
70
68
65
64
62
58
56
56
55
52
49
49
49
47
47
47
46
46
45
44
41
41
40
40
39
39
37
36
34
32
29
29
27
26
25
25
22
22
22
19
19
19
19
19
19
19
18
17
17
17
15
15
15
15
15
13
13
13
12
12
9
9
8
8
7
7
7
6
6
6
6
6
6
6
6
6
6
6
5
4
4
4
4
4
4
4
4
4
3
2
2
2
2
2
2
2
2
2
2
2
2
2
2
2
2
2
2
2
2
2
2
1
1
1
1
1
1
1
1
1
1
1
1
1
1
1
1
1
1
1
1
1
1
1
1
1
1
1
1
1
1
1
1
1
1
1
1
0
0
0
0
0
0
0
0
0
0
0
0
0
0
0
0
0
0
0
0
0
0
0
0
0
0
0
0
0
0
0
0
0
0
0
0
0
0
0
0
0
0
0
0
0
0
0
0
0
0
0
0
0
0
0
0
0
0
0
0
0
0
0
0
0
