0
0
0
1
1
1
1
3
4
6
8
10
13
14
16
23
30
34
38
41
46
45
47
47
49
52
57
60
58
61
66
70
78
87
95
100
107
111
114
121
126
130
135
140
146
152
150
158
160
174
183
189
191
197
210
205
205
201
208
217
223
220
219
221
226
230
231
234
236
237
243
243
252
257
255
259
265
270
266
282
280
286
284
279
275
285
285
288
291
288
299
297
294
299
301
306
300
303
302
302
308
304
302
298
304
305
311
305
311
308
305
307
304
292
289
288
277
269
261
258
250
249
242
240
238
235
234
230
223
218
217
216
215
212
205
202
197
195
194
189
183
181
178
176
176
172
169
165
160
160
154
152
150
149
145
141
138
135
132
129
123
124
118
115
113
106
104
102
100
99
96
94
91
88
87
86
84
83
80
81
80
77
77
76
74
72
70
70
71
67
67
63
60
60
60
55
55
53
50
50
49
45
42
39
38
38
36
36
37
37
36
34
31
31
31
31
29
27
26
24
24
24
23
21
20
20
20
20
20
19
18
18
18
18
18
17
15
15
14
14
13
13
14
14
14
14
14
14
11
11
11
11
11
11
11
11
10
10
9
9
9
9
7
5
5
5
5
5
5
5
4
4
4
4
4
4
4
4
4
4
4
4
4
4
4
4
4
4
4
4
4
4
4
4
4
4
4
3
3
3
3
3
3
3
3
3
3
3
3
3
3
3
3
3
3
3
3
3
3
3
2
2
2
2
2
2
2
2
2
2
2
2
2
2
2
1
1
1
1
1
1
1
1
1
1
1
0
0
0
0
0
0
0
0
0
0
0
0
0
0
0
0
0
0
0
0
0
0
0
0
0
0
0
0
0
0
0
0
0
0
0
0
0
0
0
0
0
0
0
0
0
0
0
0
0
0
0
0
0
0
