12
29
35
48
61
78
92
94
102
108
124
131
138
150
157
161
169
176
189
190
202
203
212
214
222
229
233
241
253
260
264
263
263
261
264
266
267
264
267
271
270
266
270
266
263
266
264
274
278
272
279
270
268
269
266
268
273
283
280
279
282
279
278
273
269
270
266
265
273
275
279
286
288
283
277
283
283
281
272
278
280
286
286
294
286
295
297
297
304
307
309
300
307
310
305
302
299
302
310
314
322
316
313
319
324
330
337
337
338
342
347
349
350
358
364
369
374
381
385
387
395
404
411
423
430
437
443
451
458
466
470
476
484
495
507
514
519
527
533
541
553
564
577
588
600
614
622
628
634
653
659
674
685
689
694
701
710
718
728
736
743
759
759
765
773
780
789
801
807
818
832
842
854
867
883
888
901
905
913
932
939
948
954
959
966
973
983
994
1007
1016
1032
1046
1058
1072
1085
1097
1105
1113
1126
1138
1148
1155
1164
1173
1184
1193
1204
1215
1225
1237
1249
1256
1263
1272
1281
1293
1304
1318
1331
1344
1354
1366
1375
1390
1400
1406
1420
1432
1442
1453
1461
1473
1482
1491
1504
1508
1519
1529
1537
1548
1560
1568
1577
1597
1610
1620
1629
1643
1653
1659
1669
1679
1686
1701
1717
1725
1732
1744
1755
1766
1777
1790
1804
1815
1831
1845
1854
1863
1872
1883
1898
1914
1928
1939
1945
1954
1964
1973
1984
2001
2015
2023
2034
2044
2056
2075
2091
2099
2108
2115
2121
2129
2142
2153
2163
2176
2185
2197
2203
2220
2235
2245
2257
2264
2282
2299
2312
2319
2334
2351
2357
2365
2372
2385
2394
2403
2419
2433
2441
2457
2467
2481
2491
2502
2508
2521
2531
2546
2556
2567
2582
2594
2609
2621
2630
2641
2658
2667
2682
2692
2702
2711
2723
2731
2744
2752
2765
2777
2789
2799
2812
2822
2835
2843
2852
2864
2876
2885
2895
2902
2912
2924
2930
2940
2946
2952
2963
2974
2987
3005
3016
3032
3036
3046
3058
3068
3080
3088
3094
3107
3121
3134
3144
3150
3161
3173
3184
3198
3207
3221
3235
3246
3254
3268
3277
3288
3304
3317
3331
3337
