599
751
948
1168
1427
1697
2061
2508
3023
3616
4262
5101
6077
7239
8646
10066
11712
13651
15827
18111
20785
23630
26587
30007
33539
37260
41138
45105
48935
52753
56673
60688
64625
68365
71872
75037
77838
80276
82468
83913
84839
85323
85218
84882
83845
82120
80247
77796
74705
71590
68078
64561
60740
56939
53398
49848
45977
42339
39017
35523
32201
28946
25893
23115
20637
18114
15887
13878
12078
10379
8919
7620
6420
5421
4611
3822
3199
2648
2199
1815
1497
1212
963
747
627
503
383
318
238
192
152
114
72
57
44
27
21
18
14
7
5
6
7
3
1
2
4
3
1
1
3
2
2
1
0
0
0
0
0
0
0
0
0
0
0
0
0
0
0
0
0
0
0
0
0
0
0
0
0
0
0
0
0
0
0
0
0
0
0
0
0
0
0
0
0
0
0
0
0
0
0
0
0
0
0
0
0
0
0
0
0
0
0
0
0
0
0
0
0
0
0
0
0
0
0
0
0
0
0
0
0
0
0
0
0
0
0
0
0
0
0
0
0
0
0
0
0
0
0
0
0
0
0
0
0
0
0
0
0
0
0
0
0
0
0
0
0
0
0
0
0
0
0
0
0
0
0
0
0
0
0
0
0
0
0
0
0
0
0
0
0
0
0
0
0
0
0
0
0
0
0
0
0
0
0
0
0
0
0
0
0
0
0
0
0
0
0
0
0
0
0
0
0
0
0
0
0
0
0
0
0
0
0
0
0
0
0
0
0
0
0
0
0
0
0
0
0
0
0
0
0
0
0
0
0
0
0
0
0
0
0
0
0
0
0
0
0
0
0
0
0
0
0
0
0
0
0
0
0
0
0
0
0
0
0
0
0
0
0
0
0
0
0
0
0
0
0
0
0
0
0
0
0
0
0
0
0
0
0
0
0
0
0
0
0
0
0
0
0
0
0
0
0
0
0
0
0
0
0
0
0
0
0
0
0
0
0
0
0
0
