1
24
59
114
184
252
340
442
528
642
739
839
933
1033
1124
1219
1326
1436
1537
1631
1728
1825
1903
2004
2108
2185
2268
2351
2454
2525
2595
2685
2760
2821
2895
2968
3033
3098
3155
3249
3297
3359
3432
3489
3542
3579
3640
3685
3741
3784
3825
3862
3906
3952
3984
4002
4035
4068
4085
4120
4142
4167
4197
4204
4207
4224
4246
4251
4272
4291
4288
4295
4299
4307
4303
4305
4302
4296
4294
4291
4292
4283
4281
4274
4270
4263
4252
4241
4239
4226
4227
4209
4203
4193
4185
4184
4173
4158
4151
4138
4124
4112
4103
4091
4079
4069
4058
4051
4038
4028
4016
4004
3996
3979
3966
3956
3954
3946
3939
3932
3918
3905
3907
3899
3892
3882
3874
3870
3865
3858
3852
3854
3848
3842
3837
3842
3854
3850
3846
3841
3827
3823
3808
3793
3779
3770
3756
3741
3730
3724
3718
3715
3699
3686
3671
3653
3634
3625
3613
3611
3600
3583
3576
3569
3557
3546
3534
3519
3515
3512
3505
3496
3487
3474
3462
3454
3448
3443
3432
3426
3419
3399
3390
3372
3359
3342
3327
3314
3306
3289
3278
3267
3252
3237
3228
3220
3207
3193
3182
3168
3153
3144
3131
3115
3105
3090
3081
3065
3052
3032
3018
3009
2994
2983
2971
2959
2956
2947
2935
2927
2917
2907
2895
2878
2866
2851
2843
2831
2818
2805
2792
2779
2767
2756
2744
2736
2722
2717
2710
2699
2690
2679
2668
2660
2646
2634
2622
2613
2600
2587
2575
2565
2557
2548
2542
2529
2523
2516
2504
2495
2480
2474
2468
2463
2452
2443
2434
2425
2417
2411
2405
2396
2387
2383
2378
2371
2360
2347
2338
2326
2311
2300
2293
2288
2281
2274
2270
2261
2251
2243
2240
2227
2217
2205
2191
2186
2175
2166
2158
2149
2141
2134
2126
2118
2110
2107
2099
2082
2073
2065
2055
2043
2037
2025
2015
2003
1992
1988
1980
1973
1967
1958
1949
1939
1928
1919
1912
1902
1893
1885
1880
1869
1861
1851
1838
1830
1821
1818
1811
1800
1796
1784
1778
1769
1763
1756
1751
1750
1745
1736
1731
1725
1720
1710
1702
1694
1688
1681
1675
1671
1664
1657
1653
1649
1645
1639
1630
1626
1621
1615
1611
1607
1599
1592
1586
1581
1575
1572
1566
1560
1556
1550
1547
1539
1531
1527
1518
1515
1510
1503
1501
1494
1487
1482
1476
1469
1466
1460
1453
1446
