959591
920446
882877
846413
811147
777085
744548
713234
683216
654494
626573
599936
574629
550374
527163
504817
483552
462944
443321
424281
406249
388983
372485
356834
341861
327629
313729
300608
288036
276010
264377
253349
242770
232831
223225
214126
205280
197026
189052
181189
173860
166819
160168
153728
147759
141936
136381
131114
126166
121410
116949
112606
108584
104720
101180
97814
94584
91643
88755
86080
83598
81220
78782
76485
74296
72316
70393
68470
66592
64877
63382
61978
60612
59270
57955
56827
55926
55069
54394
53766
53027
52258
51586
50949
50241
49607
48962
48201
47508
46909
46350
45739
45197
44584
43992
43300
42655
41992
41417
40979
40550
40276
39933
39684
39402
39194
39065
38879
38683
38440
38301
38134
37876
37659
37414
37170
36869
36575
36251
35999
35721
35460
35160
34858
34569
34293
34055
33740
33480
33167
32892
32634
32341
32015
31737
31508
31196
30829
30443
30115
29773
29543
29213
28815
28592
28410
28233
28074
27886
27680
27376
27099
26875
26610
26396
26181
26001
25871
25723
25553
25400
25236
25062
24904
24751
24598
24471
24371
24268
24264
24310
24318
24227
24194
24193
24105
24041
24077
24078
24066
23975
23913
23762
23670
23547
23424
23337
23316
23294
23312
23302
23280
23282
23244
23240
23193
23105
23005
22891
22759
22597
22442
22290
22133
21991
21827
21700
21528
21375
21239
21079
20845
20610
20435
20298
20126
20023
19886
19740
19668
19588
19496
19367
19264
19117
19039
18936
18786
18689
18550
18412
18233
18107
17984
17847
17715
17587
17437
17341
17213
17125
17005
16895
16818
16754
16658
16578
16527
16486
16518
16504
16531
16569
16619
16707
16748
16733
16719
16693
16694
16668
16637
16597
16572
16516
16520
16518
16517
16523
16552
16527
16494
16502
16490
16426
16380
16317
16312
16247
16195
16165
16130
16145
16174
16145
16131
16075
16018
16002
15902
15830
15739
15693
15688
15641
15629
15626
15652
15676
15766
15864
15966
16012
16047
16096
16106
16155
16198
16241
16285
16365
16432
16491
16569
16613
16672
16715
16742
16757
16763
16800
16832
16851
16901
16941
16985
17032
17014
16991
17019
17076
17195
17272
17369
17495
17581
17701
17825
17920
18007
18069
18229
18388
18561
18742
18922
19103
19269
19466
19698
19948
20162
20407
20646
20872
21112
21351
21565
21801
22070
22323
22580
22824
23081
23343
23613
23858
24118
24381
24619
24851
25086
25308
25562
25809
26063
26308
26565
26809
27020
27262
27498
27745
28018
28278
28527
28787
29026
29261
29484
29730
29967
30237
30488
30733
30971
31227
31456
31691
31938
