959853
920974
883333
846850
811828
777572
744936
713544
683552
654614
626975
600492
575364
550933
527703
505429
483938
463434
443672
424748
406733
389781
373256
357503
342373
327840
314172
300903
288263
276204
264720
253544
243280
233403
223813
214738
205939
197484
189375
181568
174303
167297
160698
154438
148241
142551
137151
131941
127077
122443
118174
114179
110371
106990
103690
100586
97758
95036
92481
90090
87913
85907
83986
82176
80506
79077
77917
76997
76090
75279
74740
74353
73920
73479
73165
72927
72755
72579
72322
72090
71801
71444
71181
70922
70709
70500
70257
70015
69703
69374
68927
68370
67704
67043
66393
65683
65026
64444
64006
63583
63095
62386
61647
60890
60083
59307
58551
57758
56997
56147
55427
54797
54142
53550
53103
52766
52355
51872
51290
50770
50199
49652
49090
48616
48195
47789
47454
47208
46925
46747
46610
46496
46385
46410
46635
46864
47096
47346
47559
47788
48063
48306
48545
48794
49013
49265
49498
49715
49963
50203
50445
50681
50909
51149
51379
51641
51877
52112
52351
52574
52800
53038
53276
53510
53750
53994
54228
54467
54690
54924
55172
55390
55635
55872
56096
56338
56552
56822
57064
57305
57538
57793
58034
58299
58541
58761
58986
59214
59410
59625
59856
60065
60284
60538
60804
61058
61307
61544
61754
61998
62224
62476
62711
62939
63158
63399
63610
63846
64135
64370
64575
64797
65029
65257
65497
65736
65980
66205
66446
66682
66935
67183
67416
67641
67830
68057
68310
68542
68753
68984
69224
69466
69728
69958
70169
70395
70609
70830
71054
71280
71509
71729
71973
72199
72428
72662
72871
73097
73312
73566
73794
74017
74258
74490
74743
74992
75235
75456
75695
75912
76131
76368
76616
76852
77077
77303
77511
77729
77969
78169
78377
78601
78816
79044
79247
79486
79718
79940
80167
80416
80630
80833
81057
81272
81487
81719
81977
82202
82448
82694
82932
83155
83408
83597
83805
84037
84272
84487
84716
84970
85189
85399
85645
85873
86090
86330
86572
86786
87002
87224
87489
87719
87951
88165
88423
88648
88865
89098
89313
89527
89754
89957
90206
90441
90677
90895
91122
91349
91569
91823
92051
92253
92473
92680
92920
93145
93360
93579
93814
94048
94295
94542
94782
95009
95231
95446
95655
95875
96111
96331
96547
96765
97014
97241
97453
97657
97873
98088
98291
98514
98745
98958
99185
99411
99611
99835
100057
100275
100511
100727
100954
101178
101409
101617
101821
102032
102276
102514
102723
102975
103188
103455
103679
103892
104105
104329
104561
104785
105032
105254
105486
105699
105945
106161
106378
106587
106789
107005
107238
107436
