24544
32057
34051
34092
32917
31779
31143
29829
28413
27463
26345
25331
24478
23400
22290
21497
20573
19411
18715
18034
17304
16572
15787
15191
14521
13956
13263
12565
11884
11447
11153
10796
10130
9648
9110
8899
8627
8149
7715
7364
7014
6773
6570
6099
5873
5737
5456
5081
4882
4705
4370
4245
3949
3799
3676
3477
3261
3044
2859
2743
2487
2331
2262
2069
1993
1886
1740
1615
1618
1563
1546
1407
1306
1205
1129
1102
1022
1060
1039
908
844
884
883
862
830
778
712
696
699
682
607
596
621
628
632
675
729
713
762
766
767
719
700
773
785
763
662
658
654
655
541
614
631
578
551
482
503
437
442
392
394
414
456
517
505
477
425
357
264
237
181
166
125
73
27
14
9
2
0
0
0
0
0
0
0
0
0
0
0
0
0
0
0
0
0
0
0
0
0
0
0
0
0
0
0
0
0
0
0
0
0
0
0
0
0
0
0
0
0
0
0
0
0
0
0
0
0
0
0
0
0
0
0
0
0
0
0
0
0
0
0
0
0
0
0
0
0
0
0
0
0
0
0
0
0
0
0
0
0
0
0
0
0
0
0
0
0
0
0
0
0
0
0
0
0
0
0
0
0
0
0
0
0
0
0
0
0
0
0
0
0
0
0
0
0
0
0
0
0
0
0
0
0
0
0
0
0
0
0
0
0
0
0
0
0
0
0
0
0
0
0
0
0
0
0
0
0
0
0
0
0
0
0
0
0
0
0
0
0
0
0
0
0
0
0
0
0
0
0
0
0
0
0
0
0
0
0
0
0
0
0
0
0
0
0
0
0
0
0
0
0
0
0
0
0
0
0
0
0
0
0
0
0
0
0
0
0
0
0
0
0
0
0
0
0
0
0
0
0
0
0
0
0
0
0
0
0
0
0
0
0
0
0
0
0
0
0
0
0
0
0
0
0
0
0
0
0
0
0
0
0
0
0
0
0
0
0
0
0
0
