51919
153489
236231
301306
353790
395115
428388
454698
474573
489968
501452
510419
516122
519673
521950
522507
521852
520787
517849
514163
509405
504151
498700
492831
486724
479820
473366
467294
460293
452592
445733
438645
431595
423665
415424
407375
399357
391741
383074
375232
367939
359904
351636
343816
335415
327215
319926
312491
303909
294913
286779
279045
270897
262047
254500
245449
238274
229930
222533
214466
205908
198478
191630
186154
180193
174231
168205
162608
157619
152660
146566
140783
135254
130234
126255
122170
116118
109327
103047
96992
91573
87416
83480
79956
77212
74740
72736
70762
70003
68730
66790
65311
63548
62340
61451
61797
62289
62653
62796
62121
60285
57237
54151
51251
48901
46339
43502
41208
39518
38318
36907
35328
34614
34462
34566
35052
35433
36034
37125
37779
37714
37880
37875
38144
38369
38105
37896
38105
38439
38663
38718
38462
38608
38844
39161
39008
39270
39544
40514
41462
41731
40975
40556
40656
40852
39647
38890
37907
37067
36397
36149
36552
36587
36685
36674
36465
35891
35133
34260
33552
32711
32028
32039
32398
32341
32044
31372
30555
29640
28505
26898
25164
24310
23625
22595
22118
22219
22039
21223
20642
20574
21264
21922
22538
22876
23415
23991
23376
22966
22542
21958
21426
20759
20319
19862
20107
20298
20888
21551
22568
23472
24855
25955
26894
27509
27990
28507
28883
29199
29502
29542
30322
30787
31191
31517
31728
31593
30858
30947
30460
29827
28931
28518
28630
28535
28137
27867
28134
28381
28532
29288
29735
29758
29559
29585
29447
28815
28581
28738
28529
28287
28249
27910
27400
26614
26095
25431
25586
25532
24767
23918
22880
21671
20465
19117
17869
17520
17643
18026
18415
18883
19163
19529
19347
19627
19564
19295
19012
18720
18409
18386
18749
19170
19193
20099
20781
21189
21460
21467
21410
21019
20850
20580
20154
20074
19876
19835
19935
20590
21275
21845
22055
22086
22032
21914
21691
21545
20809
20259
19561
18398
17323
16458
15987
15765
15947
16237
15970
15904
15913
15624
15344
15324
15352
15020
15008
14949
14896
15197
15780
16081
16074
15998
16022
15974
15890
15818
15795
15912
15928
15609
15172
15180
14902
14539
14223
13703
13016
12686
12565
12285
11775
11152
10254
9370
8697
8088
7551
6958
6077
5194
4292
3550
2896
2376
1965
1620
1320
1088
876
721
594
498
396
328
273
217
178
151
120
94
75
65
53
42
29
27
24
17
12
10
10
8
8
7
7
3
2
2
2
2
2
2
2
2
2
1
1
1
1
