24
47
63
97
115
129
154
174
199
220
243
263
284
298
312
335
355
377
393
406
433
459
490
519
536
563
576
602
621
636
664
680
703
728
755
778
804
825
851
872
889
906
918
947
962
985
1005
1024
1044
1060
1086
1098
1121
1140
1163
1184
1206
1228
1249
1267
1293
1313
1336
1358
1384
1405
1426
1450
1472
1496
1513
1540
1564
1584
1604
1622
1646
1671
1694
1709
1737
1753
1783
1801
1817
1842
1862
1879
1902
1925
1944
1962
1975
1995
2012
2032
2062
2085
2112
2135
2158
2181
2204
2238
2264
2289
2309
2325
2353
2377
2402
2417
2441
2466
2489
2506
2523
2552
2568
2587
2607
2627
2653
2678
2699
2720
2746
2782
2800
2820
2843
2869
2887
2907
2925
2949
2965
2983
3007
3036
3059
3082
3108
3126
3149
3175
3197
3216
3233
3260
3284
3305
3321
3342
3360
3390
3406
3421
3445
3472
3489
3519
3540
3564
3588
3607
3623
3642
3669
3693
3713
3736
3754
3771
3795
3822
3842
3865
3886
3908
3938
3957
3980
3998
4024
4044
4067
4086
4105
4126
4141
4163
4180
4205
4225
4251
4280
4310
4339
4369
4384
4416
4439
4454
4480
4501
4525
4540
4564
4595
4611
4636
4657
4676
4691
4710
4723
4738
4756
4778
4800
4829
4850
4864
4884
4908
4930
4951
4969
4996
5017
5041
5066
5085
5105
5128
5154
5184
5200
5216
5247
5262
5286
5307
5326
5342
5361
5386
5405
5422
5442
5464
5484
5500
5517
5538
5566
5594
5623
5649
5676
5701
5720
5750
5770
5791
5813
5837
5864
5880
5900
5923
5945
5971
5992
6013
6031
6061
6072
6099
6128
6138
6153
6177
6192
6205
6228
6259
6274
6295
6315
6340
6361
6387
6419
6437
6461
6485
6506
6518
6537
6553
6572
6599
6614
6635
6653
6673
6698
6717
6746
6758
6778
6791
6812
6830
6851
6873
6896
6917
6936
6965
6985
7007
7026
7047
7069
7093
7113
7127
7152
7174
7194
7217
7237
7265
7284
7306
7330
7342
7364
7381
7409
7428
7451
7469
7491
7506
7534
7556
7579
7611
7634
7654
7680
7707
7719
7739
7763
7788
7813
7835
7860
7882
7909
7928
7957
7985
8002
8021
8044
8075
8105
8121
8144
8166
8196
8229
8252
8272
8292
8303
8319
8345
8364
8384
8405
8434
8461
8488
8513
8536
8557
8586
8604
8623
8640
8675
8703
8721
