8
45
106
176
261
344
428
497
569
651
735
802
865
914
988
1049
1123
1181
1241
1311
1375
1417
1474
1516
1561
1622
1639
1672
1729
1757
1789
1810
1831
1861
1874
1914
1937
1938
1981
2005
2018
2039
2018
2032
2032
2048
2066
2078
2074
2086
2091
2082
2053
2054
2064
2044
2035
2019
2008
2003
1989
1989
1978
1963
1940
1929
1905
1883
1867
1855
1846
1833
1796
1769
1747
1735
1712
1691
1681
1667
1643
1621
1605
1597
1576
1557
1536
1541
1511
1495
1458
1437
1417
1395
1375
1332
1305
1264
1233
1202
1165
1138
1109
1076
1049
1013
980
946
908
881
852
819
801
773
756
734
712
693
670
656
636
616
596
587
561
539
527
517
501
490
474
447
436
421
410
399
391
382
373
361
354
346
337
327
320
313
298
286
275
272
263
255
252
246
241
234
228
221
213
205
201
197
194
187
184
179
172
166
160
155
150
146
138
134
132
129
125
121
120
117
114
112
106
105
100
96
94
88
85
84
81
77
75
72
68
66
65
64
61
58
56
55
52
52
52
52
50
48
47
46
46
42
42
42
40
38
38
38
37
35
35
34
34
34
34
34
34
33
32
31
30
28
27
25
25
25
23
22
22
20
20
18
17
17
16
16
15
14
13
12
11
11
11
11
11
11
10
10
10
10
10
9
9
8
8
8
8
8
8
8
8
8
7
7
7
7
7
7
7
7
7
7
7
7
6
6
5
5
4
4
4
4
4
4
4
3
3
3
2
2
2
2
2
2
1
1
1
1
1
1
1
1
1
1
1
1
1
1
1
1
1
1
1
1
1
1
1
1
1
1
1
1
1
1
1
1
1
1
1
1
1
1
1
1
1
1
1
1
1
1
1
1
1
1
1
1
1
1
1
1
1
1
1
1
1
1
1
1
1
1
1
1
1
1
1
1
1
1
1
1
1
1
1
1
1
1
1
1
1
1
1
1
1
1
1
1
1
1
1
1
