995894
991772
987642
983500
979343
975119
970942
966822
962690
958695
954656
950535
946443
942430
938434
934396
930476
926543
922591
918528
914568
910587
906655
902796
898790
894888
891009
887183
883324
879553
875733
871857
868117
864347
860525
856828
853008
849385
845720
842128
838469
834799
831237
827548
824008
820489
816991
813344
809817
806339
802851
799380
795974
792482
789140
785737
782379
779016
775662
772246
768824
765599
762385
759158
755905
752611
749308
746158
742803
739588
736395
733303
730213
726958
723990
720840
717782
714698
711544
708497
705521
702631
699556
696554
693630
690632
687679
684624
681708
678737
675849
673024
670132
667284
664493
661846
658936
656047
653249
650443
647672
644947
642173
639354
636610
633819
631177
628558
625923
623393
620650
618043
615447
612760
610194
607637
605074
602583
600157
597520
595010
592434
589946
587445
584960
582533
580112
577710
575248
572828
570425
568061
565731
563409
561144
558749
556385
554056
551600
549352
547023
544772
542463
540124
537859
535568
533360
531168
528973
526810
524612
522420
520255
518124
515941
513801
511668
509522
507450
505432
503449
501301
499223
497164
495131
493033
490976
488981
487037
485141
483212
481190
479264
477306
475444
473557
471587
469669
467783
465854
463928
462011
460164
458357
456545
454719
452790
450959
449175
447315
445545
443713
441982
440204
438496
436683
434999
433185
431394
429699
427998
426297
424597
422995
421321
419627
418021
416409
414840
413261
411632
409970
408414
406837
405237
403650
402082
400548
399046
397558
396153
394655
393199
391797
390358
388988
387650
386276
384912
383542
382209
380839
379533
378249
377022
375842
374682
373488
372438
371307
370226
369172
368145
367119
366127
365249
364355
363525
362751
361987
361155
360478
359899
359277
358731
358229
357793
357355
356919
356511
356183
355853
355555
355262
355015
354754
354553
354414
354298
354205
354111
354046
353939
353888
353832
353851
353920
354026
354151
354265
354370
354428
354512
354628
354717
354810
354938
355090
355263
355448
355606
355776
355936
356082
356259
356422
356575
356762
356916
357060
357234
357414
357601
357759
357928
358109
358258
358420
358590
358746
358904
359058
359233
359389
359515
359702
359840
359984
360142
360290
360473
360648
360798
360968
361100
361270
361435
361581
361746
361927
362092
362256
362429
362586
362743
362905
363066
363219
363393
363553
363735
363895
364050
364186
364357
364502
364646
364816
364975
365148
365303
365447
365603
365746
365926
366073
366240
366421
366586
366726
366877
367029
367186
367340
367519
367678
367812
367978
368136
368310
368449
368603
368772
368931
369087
369224
369382
369554
369725
369875
370032
370172
370333
370492
370652
370802
370960
371107
371297
371474
371626
371754
371907
372081
372247
372403
372565
372735
372881
373043
373198
373354
373497
373644
373820
373968
374132
374273
374447
374579
374725
374881
375049
375174
375323
375499
375664
375840
375989
376156
376326
376475
376623
376779
376913
377061
377223
377387
377542
377700
377845
377990
378133
378296
378471
378627
378781
378930
379080
379222
379364
379518
379659
379810
379955
380118
380285
380442
380600
380748
380886
381026
381182
381335
381485
381644
381803
381966
382106
382261
382422
382577
382735
382897
383053
383199
383359
383530
383705
383874
384055
384199
384358
384509
384658
384803
384953
385115
385283
385422
385590
385771
385938
386086
386239
386396
386537
386698
386855
387006
387171
387310
387470
387627
387772
387930
388081
388225
388382
388517
388655
388826
389008
389154
389316
389456
389582
389709
389853
390014
390155
390304
390460
390610
390774
390919
391090
391238
391382
391548
391704
391852
391997
392145
392288
392449
392590
392751
392909
393055
393203
393365
393520
393679
393862
394020
394175
394327
394472
394612
394749
394887
395032
395192
395371
395537
395687
395837
395974
396119
396259
396418
396566
396738
396890
397029
397202
397343
397496
397649
397798
397963
398121
398281
398465
398616
398786
398953
399108
399265
399420
399587
399743
399887
400001
400144
400279
400453
400579
400730
400908
401059
401189
401336
401479
401630
401801
401972
402158
402306
402447
402595
402736
402904
403064
403223
403383
403552
403697
403846
