1125
7404
18282
30274
40657
48336
54214
58577
61998
64385
66195
67765
68923
69784
70777
71209
71907
72559
72856
72921
73512
73531
73795
73758
73787
73814
73911
74277
74315
74184
73975
74190
74215
74296
74115
74062
74347
74300
74292
74240
74003
73898
73882
74123
74018
74115
73918
73617
73896
73764
73763
73963
74001
74111
73983
74005
74044
74088
74015
74239
74208
74357
74254
74258
74207
73969
73967
74113
74313
74341
74235
74121
74092
74089
73937
74071
73806
73884
73813
73586
73818
73950
74133
73973
73793
73946
74035
73989
73972
74126
74079
74134
74197
74126
74202
74215
73892
73972
73788
73765
73476
73568
73571
73636
73398
73524
73680
73448
73538
73520
73478
73337
73482
73411
73519
73568
73359
73460
73332
73664
73607
73501
73716
74107
73932
74058
73921
73783
73923
74122
74244
74098
74396
74088
74209
74378
74077
73746
73830
73840
73858
73863
73550
73553
73147
73021
73181
73396
73421
73196
73296
73502
73586
73445
73477
73502
73761
73643
73439
73620
73492
73534
73405
73246
73109
73214
73307
73152
73094
73037
73108
73268
73322
73394
73450
73354
73224
73392
73236
73252
73733
73357
73214
73061
72997
73015
72792
72798
72688
72533
72358
72353
72632
72636
72486
72683
72792
72877
73073
73147
73176
73172
73221
73056
72985
73058
73176
73147
73060
72962
73022
73053
72884
72911
72889
72799
72982
73046
73010
72987
72911
72911
73156
73170
73180
72955
72709
72953
72891
72485
72833
72652
72582
72764
72803
72729
72402
72532
72637
72651
72580
72150
72336
72144
72315
71982
71976
71904
71936
71720
71652
71797
71462
71440
71174
70794
70883
70474
70453
70282
70271
70350
70326
70268
70208
70145
70067
70030
69848
69839
69564
69093
68540
68534
68510
68543
68171
67549
67340
67111
66591
66313
65589
65358
65065
64582
64168
63681
63406
62547
61880
61210
60609
59891
59413
58748
57923
57259
56629
56001
55530
54869
54097
53254
52310
51523
50914
49843
49200
48470
47425
46597
45561
44738
43745
42755
41844
41120
40426
39581
38479
37542
36663
35628
34652
33687
32616
31531
30819
29916
29054
28203
27371
26630
25750
25012
24274
23630
22800
22090
21483
20761
19989
19237
18639
18024
17426
16827
16359
15729
15275
14816
14355
13827
13188
12585
12062
11593
11189
10789
10368
9956
9482
9052
8600
8296
7901
7497
7246
7012
6780
6526
6378
6160
5976
5787
5557
5384
5197
4920
4833
4629
4477
4226
4034
3795
3531
3325
3161
2989
2839
2681
2524
2420
2310
2219
2158
2075
1981
1875
1800
1712
1591
1471
1412
1293
1251
1198
1146
1085
995
914
851
766
747
677
639
611
604
588
592
542
523
492
481
445
399
353
330
304
281
274
277
259
246
234
198
184
151
135
123
108
112
111
108
85
70
60
46
39
32
26
18
15
15
14
13
10
10
8
8
7
5
4
2
1
1
1
1
1
1
1
1
1
0
0
0
0
0
0
0
0
0
0
0
0
0
0
0
0
0
0
0
0
0
0
0
0
0
0
0
0
0
0
0
0
0
0
0
0
0
0
0
0
0
0
0
0
0
0
0
0
0
0
0
0
0
0
0
0
0
0
0
0
0
0
0
0
0
0
0
0
0
0
0
0
0
0
0
0
0
0
0
0
0
0
0
0
0
0
0
0
0
0
0
0
0
0
0
0
0
0
0
0
0
0
0
0
0
0
0
0
0
0
0
0
0
0
0
0
0
0
0
0
0
0
0
0
0
0
