1136
7261
18044
29850
40338
48247
54213
58640
61838
64329
66520
68352
69512
70513
71243
72055
72481
73061
73456
73565
73661
73846
74117
74295
74323
74461
74380
74597
74430
74571
74673
74598
74488
74270
74343
74165
74004
74140
74239
74153
74055
73950
73752
73691
73633
73616
73959
73970
74086
74223
74105
73938
74053
74189
74344
74441
74267
74132
74029
73985
74014
74136
74136
74312
74297
74608
74298
74135
74136
74204
74465
74141
74237
74209
74296
74201
73936
73839
73689
73763
73693
73827
74168
73970
74051
74047
74406
74151
74231
74536
74528
74413
74292
74390
74337
74372
74449
74488
74525
74495
74207
74167
73827
73823
73938
73775
73771
73676
73720
73636
73620
73462
73552
73491
73638
73724
74039
73808
73713
73483
73475
73347
73610
73666
73670
73405
73457
73474
73365
73298
73127
73477
73504
73404
73473
73706
73740
73494
73408
73538
73502
73438
73484
73466
73423
73323
73427
73422
73385
73308
73281
73062
73291
73429
73503
73392
73390
73617
73495
73696
73652
73589
73460
73423
73352
73536
73447
73497
73479
73702
73710
73513
73518
73381
73403
73616
73594
73868
73656
73790
73651
73614
73422
73408
73511
73373
73633
73411
73533
73402
73427
73400
73734
73677
73721
73434
73280
73293
73074
72898
72819
73026
72931
72890
72885
72937
72837
72659
72873
72973
72882
72798
72997
73200
73145
73175
73047
73111
73034
73098
73228
73366
73195
73130
73080
73193
73099
72961
73075
73050
73003
72936
72795
72775
72830
72838
72601
72567
72372
71996
71927
72059
71979
72052
72078
72165
72071
72026
71943
71733
71507
71321
70979
70992
71169
70954
70754
70608
70548
70622
70289
70190
69705
69388
68909
68563
67960
67652
67557
67153
67167
66714
66477
66568
66075
65714
65359
64969
64142
63290
62932
62516
61850
61426
60515
60104
59333
58562
57770
56912
56227
55586
54923
54086
53402
52555
51727
51033
50329
49706
49037
48282
47451
46687
45892
45094
44312
43292
42328
41436
40809
40007
38723
37792
36831
35792
35005
34178
33382
32486
31631
30788
29749
28835
27854
26834
25874
24896
24085
23161
22258
21435
20714
19898
19217
18383
17685
16989
16204
15588
14951
14515
13991
13605
13125
12709
12127
11524
11055
10545
10051
9608
9159
8776
8411
7922
7739
7388
7039
6810
6518
6249
5981
5702
5419
5133
4951
4716
4495
4302
4192
3970
3780
3659
3484
3340
3216
3130
2969
2858
2707
2585
2487
2363
2221
2078
1947
1836
1709
1569
1441
1337
1242
1127
1025
915
831
729
655
612
570
521
460
416
350
306
263
234
204
200
180
159
149
142
136
128
121
104
83
66
57
51
46
34
24
21
17
12
11
10
9
9
8
7
3
3
3
2
1
0
0
0
0
0
0
0
0
0
0
0
0
0
0
0
0
0
0
0
0
0
0
0
0
0
0
0
0
0
0
0
0
0
0
0
0
0
0
0
0
0
0
0
0
0
0
0
0
0
0
0
0
0
0
0
0
0
0
0
0
0
0
0
0
0
0
0
0
0
0
0
0
0
0
0
0
0
0
0
0
0
0
0
0
0
0
0
0
0
0
0
0
0
0
0
0
0
0
0
0
0
0
0
0
0
0
0
0
0
0
0
0
0
0
0
0
0
0
0
0
0
0
0
0
0
0
0
0
0
0
0
0
0
0
0
0
0
0
0
0
0
0
0
0
0
0
0
0
0
0
0
0
0
0
0
0
0
0
0
0
0
