0
0
0
0
0
0
0
0
0
0
0
0
0
0
0
0
1
1
1
0
0
1
1
1
1
1
1
1
2
3
3
3
4
4
4
4
5
5
6
6
6
6
7
10
10
11
12
13
13
13
13
16
15
15
18
19
20
19
19
20
18
18
18
17
17
16
17
17
17
17
16
17
20
23
24
25
23
24
26
29
28
27
29
30
31
30
31
31
32
34
33
32
35
35
34
34
34
34
35
36
38
38
37
40
40
41
41
41
42
42
43
44
47
46
49
48
50
51
49
51
51
49
49
50
52
53
51
48
49
49
50
49
49
47
48
47
45
47
46
45
43
45
46
45
46
45
44
43
43
44
44
45
47
47
47
47
49
49
52
53
52
52
55
58
57
57
56
58
59
60
58
60
62
64
65
67
66
66
65
63
62
62
65
63
65
67
68
68
66
64
63
66
67
66
69
66
69
68
67
67
68
70
72
71
69
71
71
70
73
73
71
72
71
70
71
70
69
68
70
69
70
70
68
67
66
67
70
71
71
73
71
73
76
78
80
78
79
81
80
78
78
77
74
73
74
77
77
78
75
76
77
76
75
75
74
75
76
76
78
77
77
76
74
76
77
79
77
77
77
73
71
69
68
66
64
61
59
57
56
55
54
54
54
54
52
51
50
49
48
47
46
47
46
45
45
46
45
45
44
44
44
43
39
39
39
39
37
34
34
34
34
31
31
29
28
28
28
28
28
27
28
28
27
27
27
26
26
24
22
22
21
20
19
19
19
19
19
19
19
18
16
15
15
15
15
15
15
15
15
15
15
14
14
14
13
13
13
12
12
12
12
12
12
12
11
11
11
11
11
11
11
11
11
11
10
10
10
11
11
11
11
11
10
10
11
11
11
11
11
11
11
11
10
9
9
9
9
9
9
8
8
8
8
8
8
8
7
5
5
5
5
5
5
5
5
5
5
4
4
4
4
4
4
4
4
4
4
4
4
4
4
4
4
4
4
4
4
3
3
3
3
3
3
3
3
3
3
3
3
3
3
3
3
3
3
3
3
3
2
2
2
2
2
2
2
2
2
2
2
2
2
2
2
2
2
2
2
2
2
2
2
2
2
2
2
2
2
2
2
2
2
2
2
2
2
2
2
2
2
2
2
1
1
1
1
1
1
1
1
1
1
1
1
1
1
1
1
1
1
1
1
1
1
1
1
1
1
1
1
1
1
1
1
1
1
1
1
1
1
1
1
1
1
1
1
1
1
1
1
1
1
1
1
1
1
1
1
1
1
1
1
1
1
1
1
1
1
1
1
1
1
1
1
1
1
1
1
1
1
1
1
1
1
1
1
1
1
1
1
1
1
1
1
1
1
1
1
1
1
1
