20
37
58
83
102
128
147
171
192
217
233
259
275
289
317
334
351
368
393
414
449
468
497
528
555
578
597
617
645
671
689
715
742
768
794
813
838
850
870
886
906
929
957
979
994
1023
1045
1066
1082
1102
1124
1147
1165
1185
1211
1232
1250
1270
1296
1318
1345
1364
1381
1394
1427
1447
1456
1473
1502
1521
1537
1553
1568
1581
1598
1615
1627
1639
1653
1678
1701
1720
1741
1760
1782
1800
1824
1846
1863
1886
1904
1923
1940
1957
1981
1994
2005
2022
2044
2060
2078
2100
2119
2130
2153
2167
2192
2209
2228
2248
2264
2279
2305
2326
2338
2359
2375
2389
2401
2418
2434
2471
2492
2516
2534
2549
2569
2593
2612
2626
2640
2667
2683
2707
2724
2750
2767
2793
2812
2823
2838
2856
2888
2906
2926
2946
2966
2985
3006
3019
3044
3060
3080
3106
3119
3133
3146
3157
3169
3194
3207
3224
3247
3277
3303
3329
3355
3380
3405
3426
3445
3465
3475
3499
3517
3539
3555
3586
3604
3630
3652
3674
3692
3717
3732
3751
3766
3782
3793
3816
3836
3872
3887
3909
3923
3942
3970
3990
4012
4039
4062
4079
4106
4120
4132
4152
4171
4188
4205
4230
4252
4273
4295
4313
4332
4350
4373
4398
4418
4441
4467
4486
4507
4525
4555
4576
4594
4613
4633
4654
4673
4694
4712
4728
4742
4760
4791
4802
4829
4851
4866
4881
4905
4932
4949
4972
4996
5017
5038
5052
5068
5083
5100
5123
5149
5171
5199
5215
5236
5258
5284
5304
5324
5347
5366
5387
5407
5433
5455
5474
5496
5522
5542
5563
5586
5616
5638
5657
5673
5692
5719
5739
5772
5791
5822
5846
5874
5896
5918
5932
5963
5979
6000
6030
6050
6065
6093
6112
6140
6161
6179
6195
6218
6240
6261
6274
6296
6316
6332
6354
6379
6405
6427
6450
6477
6499
6526
6546
6563
6588
6607
6633
6661
6678
6705
6719
6741
6758
6778
6804
6823
6841
6854
6879
6901
6927
6954
6976
6995
7015
7037
7062
7085
7111
7131
7146
7166
7181
7207
7229
7255
7279
7298
7323
7351
7374
7402
7429
7450
7473
7490
7511
7537
7557
7574
7595
7614
7630
7653
7676
7707
7722
7746
7774
7801
7823
7848
7865
7891
7909
7920
7949
7973
7995
8016
8043
8067
8102
8129
8152
8172
8195
8213
8231
8251
8271
8291
8315
8336
8358
8374
8400
8422
8444
8463
8484
8501
8521
8548
8571
8592
8616
8645
8661
8677
8704
8726
8744
8767
8794
8818
8836
8847
8876
8908
8927
8953
8971
8997
9028
9051
9069
9086
9110
9124
9148
9178
9202
9223
9245
9261
9284
9305
9332
9351
9368
9392
9416
9439
9463
9482
9511
9531
9555
9582
9600
9616
9632
9655
9674
9697
9717
9737
9757
9772
9806
9835
9857
9871
9895
9919
9937
9957
9971
9992
10016
10036
10053
10069
10091
10115
10136
10158
10183
10201
10212
10233
10248
10264
10285
10307
10327
10345
10365
10390
10418
10439
10465
10485
10507
10524
10552
10568
10596
10621
10637
10656
10673
10691
10707
10724
10742
10773
10792
10823
10852
10874
10898
10918
10937
10957
10980
11003
11027
11055
11067
11087
11118
11138
11161
11183
11202
11218
11246
11264
11274
11295
11313
11336
11354
11367
11387
11410
11423
11440
11456
11473
11488
11511
11529
11555
11580
11597
11620
11643
11661
11692
11726
11748
11765
11789
11805
11825
11842
11867
11885
11901
11932
11958
11975
11994
12008
12025
12054
12082
12110
12130
12154
12177
12200
12219
12242
12272
12297
12323
12342
12361
12389
12409
12438
12461
12480
12509
12526
12556
12585
12605
12627
12652
12675
