7
19
30
39
51
59
66
81
89
93
92
96
100
106
119
122
122
129
134
137
145
156
160
166
169
177
183
179
182
180
176
174
171
174
179
176
180
182
183
177
183
179
171
173
173
168
160
154
151
157
162
161
157
153
158
155
153
163
161
160
158
159
167
169
172
182
176
175
176
166
165
170
157
160
166
165
166
167
171
170
173
172
177
172
174
179
182
181
185
186
192
194
195
197
197
197
192
194
186
185
182
189
190
188
185
183
194
185
183
182
184
187
193
197
195
191
189
187
194
193
191
191
190
189
194
200
196
203
205
207
210
204
211
209
205
211
215
221
218
216
207
200
210
215
215
214
218
227
230
226
220
218
225
234
229
224
224
225
222
227
229
234
236
245
249
247
254
262
267
263
267
267
266
274
275
270
270
257
260
265
264
265
270
274
274
274
269
263
268
275
281
277
284
284
283
280
286
294
297
291
294
294
288
283
278
277
278
279
277
276
286
290
287
290
291
290
292
294
291
290
288
288
291
294
302
302
305
307
304
308
315
312
314
323
323
330
332
333
340
337
333
329
328
325
329
332
336
332
336
346
355
349
347
345
343
347
353
357
361
358
367
373
389
399
402
415
422
429
425
430
436
440
444
448
448
456
452
461
475
477
477
484
494
504
518
524
528
532
543
547
555
565
570
577
591
597
608
615
624
635
642
652
657
664
672
682
690
703
713
722
731
739
752
761
769
779
791
795
806
820
830
841
853
865
875
885
892
904
928
936
945
952
960
972
979
994
1002
1011
1020
1028
1037
1045
1053
1060
1070
1085
1095
1103
1110
1123
1133
1142
1160
1173
1182
1195
1207
1224
1240
1253
1261
1274
1282
1291
1304
1310
1325
1330
1345
1358
1370
1381
1397
1406
1412
1421
1429
1439
1450
1465
1473
1484
1490
1499
1507
1517
1528
1533
1544
1554
1565
1585
1591
1612
1626
1635
1642
1648
1665
1672
1689
1695
1705
1710
1720
1728
1741
1753
1760
1768
1775
1784
1799
1811
1823
1835
1844
1857
1872
1882
1889
1900
1915
1928
1941
1949
1957
1970
1975
1986
1998
2009
2030
2036
2041
2048
2059
2067
2073
2088
2102
2115
2127
2134
2142
2154
2163
2170
2187
2199
2207
2219
2230
2240
2250
2256
2271
2279
2294
2302
2308
2322
2330
2341
2350
2363
2377
2388
2403
2414
2426
2432
2441
2450
2462
2473
2484
2495
2505
2518
2528
2539
2551
2561
2570
2576
2589
2600
2613
2623
2638
2648
2659
2669
2677
2688
2699
2708
2721
2732
2742
2751
2759
2778
2788
2804
2808
2817
2825
2837
2850
2856
2865
2873
2886
2898
2913
2918
2931
2940
2952
2965
2973
2987
2996
3004
3010
3021
3028
3041
3056
3062
3075
3089
3103
3115
3128
3140
3149
3157
3171
3184
3189
3200
3210
3217
3225
3239
3253
3262
3276
3295
3306
3315
3325
3334
3342
3348
3358
3370
3378
3386
3399
3409
3418
3425
3437
3449
3460
3466
3472
3486
3501
3511
3520
3530
3543
3556
3570
3575
3581
3594
3607
3616
3625
3632
3645
3660
3672
3691
3702
3714
3727
3738
3745
3759
3772
3779
3792
3800
