15
26
38
47
56
63
70
79
85
87
98
102
115
119
128
128
133
139
145
142
146
149
145
151
147
146
142
147
152
153
162
161
162
159
172
170
170
167
167
161
160
159
158
166
163
167
171
169
165
163
169
166
169
168
166
170
168
171
174
184
188
187
186
188
191
189
188
184
181
181
186
182
182
182
176
171
170
166
167
173
169
162
159
161
157
155
162
162
160
169
173
173
173
171
177
182
184
184
191
191
183
183
182
183
183
182
183
184
177
176
172
177
176
173
173
184
198
201
201
202
203
205
197
205
217
212
207
207
217
217
221
218
216
213
207
206
201
202
203
201
199
196
191
197
202
206
211
219
217
215
217
218
218
212
204
205
205
212
207
204
197
199
201
192
187
189
186
189
192
196
202
194
193
199
202
210
209
212
217
222
222
222
223
223
227
225
232
240
239
240
243
242
241
248
251
248
253
257
259
251
257
265
269
272
275
287
293
290
290
294
281
286
294
292
292
291
292
292
293
290
301
303
299
302
293
294
294
297
300
303
309
305
303
303
307
311
312
308
310
306
304
306
308
306
312
317
314
321
324
324
325
319
322
326
333
330
333
331
335
336
333
329
333
340
347
344
343
352
347
358
356
361
367
370
376
377
382
387
384
387
396
394
395
396
401
405
410
417
422
418
422
423
428
435
437
446
454
465
476
483
485
495
496
501
511
515
526
533
543
550
558
570
573
584
596
600
606
624
633
642
652
659
669
682
694
706
716
731
739
747
759
769
777
783
798
804
817
831
841
858
869
878
890
904
908
920
930
941
950
961
969
982
989
1006
1019
1030
1039
1049
1065
1076
1082
1093
1100
1114
1127
1141
1153
1169
1184
1190
1203
1211
1225
1238
1250
1254
1262
1274
1286
1298
1309
1325
1333
1343
1352
1365
1374
1387
1393
1406
1412
1422
1439
1448
1462
1477
1488
1498
1508
1516
1530
1543
1554
1567
1575
1585
1594
1606
1622
1640
1648
1661
1668
1673
1682
1690
1699
1707
1719
1736
1744
1755
1762
1770
1773
1783
1794
1801
1812
1824
1836
1843
1856
1863
1875
1887
1897
1905
1919
1934
1945
1964
1973
1983
1995
2010
2016
2028
2035
2042
2047
2053
2067
2082
2097
2105
2121
2136
2147
2152
2166
2177
2182
2191
2202
2214
2221
2230
2244
2251
2268
2281
2291
2304
2311
2324
2337
2346
2359
2368
2382
2394
2401
2413
2424
2436
2445
2457
2463
2472
2485
2499
2506
2517
2530
2539
2548
2560
2575
2585
2593
2602
2617
2629
2635
2645
2655
2666
2673
2682
2690
2702
2712
2726
2739
2747
2764
2768
2785
2794
2804
2818
2824
2838
2851
2867
2878
2893
2905
2915
2929
2941
2955
2967
2977
2988
2996
3003
3013
3022
3030
3041
3054
3069
3076
3088
3101
3113
3127
3135
3147
3160
3172
3175
3188
3201
3208
3216
3230
3239
3248
3263
3273
3286
3292
3307
3320
3331
3346
3359
3368
3376
3383
3395
3407
3420
3429
3436
3448
3462
3469
3481
3496
3509
3519
3529
3536
3543
3557
3566
3577
3586
3603
3622
3630
3639
3649
3660
3671
3686
