8
16
24
35
42
54
63
67
70
78
88
98
102
108
115
126
131
134
131
131
130
133
138
141
143
142
145
143
145
149
150
151
152
156
156
162
164
168
171
168
179
182
176
179
178
175
180
181
184
177
174
172
170
168
165
170
171
170
176
183
188
186
190
178
180
179
180
177
177
171
176
175
166
167
166
164
164
167
169
171
168
171
171
168
177
175
174
168
167
174
172
167
160
167
165
169
166
172
172
171
177
177
173
170
167
163
167
179
182
179
174
180
190
188
191
193
194
197
198
199
204
210
211
209
203
198
200
204
204
202
205
203
202
196
200
204
208
212
212
204
205
207
212
219
223
228
230
232
233
227
227
227
225
227
219
213
209
211
212
219
214
204
208
216
215
216
220
220
223
217
214
217
218
217
216
217
221
223
221
231
230
238
228
229
228
230
231
231
238
245
248
256
256
257
261
266
277
281
285
280
280
279
285
287
283
287
289
296
298
302
301
304
300
299
294
296
298
304
307
303
307
303
307
310
310
312
312
311
309
311
310
309
308
320
321
313
311
315
319
330
332
334
330
329
327
323
324
322
326
330
331
336
340
342
338
336
343
340
337
336
342
344
343
344
344
350
357
364
370
376
386
393
399
397
404
420
427
432
434
440
442
448
450
460
472
474
487
495
507
507
510
511
516
524
520
526
535
540
544
560
567
577
584
594
612
620
627
631
639
658
667
672
683
693
705
715
720
726
736
742
748
753
759
768
778
792
804
809
816
826
830
841
847
855
860
871
883
893
907
914
919
932
939
945
954
965
977
982
998
1006
1020
1032
1038
1047
1056
1066
1072
1081
1106
1115
1131
1142
1150
1157
1173
1182
1192
1201
1210
1222
1232
1240
1248
1258
1267
1280
1293
1301
1308
1321
1330
1340
1353
1364
1372
1380
1394
1405
1420
1426
1441
1452
1460
1475
1486
1500
1511
1519
1528
1535
1546
1561
1575
1588
1603
1616
1620
1631
1638
1648
1658
1671
1679
1695
1703
1715
1722
1730
1742
1754
1765
1775
1789
1803
1815
1826
1836
1852
1864
1871
1881
1895
1905
1917
1920
1928
1935
1948
1958
1970
1985
2001
2012
2026
2035
2048
2066
2075
2083
2089
2102
2106
2120
2131
2147
2158
2169
2184
2191
2201
2212
2225
2232
2238
2253
2262
2280
2290
2300
2317
2330
2338
2345
2355
2363
2374
2379
2395
2405
2412
2423
2437
2449
2456
2465
2478
2485
2491
2497
2514
2523
2535
2545
2558
2565
2583
2595
2607
2616
2631
2643
2653
2662
2668
2679
2691
2700
2712
2724
2735
2747
2755
2762
2775
2782
2794
2807
2821
2834
2850
2856
2863
2879
2894
2907
2916
2922
2936
2948
2954
2964
2973
2984
3000
3005
3019
3025
3037
3050
3062
3070
3080
3090
3101
3110
3120
3130
3139
3162
3168
3181
3195
3207
3219
3226
3236
3246
3263
3275
3288
3294
3304
3320
3328
3336
3349
3358
3369
3379
3391
3402
3420
3433
3441
3452
3467
3479
3489
3500
3514
3523
3541
3555
3571
3581
3595
3607
3618
3626
3636
3648
3660
3672
3684
3692
3705
3719
3727
3743
3753
