547
607
663
734
814
891
980
1087
1195
1319
1439
1582
1747
1909
2091
2280
2475
2718
2948
3203
3510
3766
4014
4297
4642
5018
5420
5792
6187
6628
6998
7477
7944
8448
8914
9452
9980
10474
10977
11536
12064
12594
13165
13651
14250
14863
15405
15968
16522
17146
17750
18366
18956
19573
20143
20689
21193
21724
22319
22881
23261
23790
24324
24857
25257
25644
25975
26317
26596
26892
27184
27477
27684
27943
28044
28093
28287
28504
28583
28635
28790
28841
28873
28922
28735
28568
28421
28343
28289
28425
28252
28042
27985
27939
27807
27721
27543
27326
27248
27111
26883
26691
26410
26228
26101
25877
25598
25314
25048
24773
24384
24017
23642
23194
22841
22474
22075
21705
21383
20881
20538
20127
19589
19010
18561
17998
17601
17195
16769
16205
15822
15422
15030
14603
14204
13880
13428
12985
12580
12172
11805
11445
11074
10799
10435
10147
9837
9435
9138
8865
8552
8284
8014
7733
7445
7245
6974
6691
6484
6294
6059
5850
5674
5485
5249
5008
4856
4676
4481
4318
4119
3981
3865
3762
3623
3476
3402
3271
3151
3058
2899
2796
2700
2591
2498
2423
2347
2252
2212
2113
2011
1924
1805
1705
1651
1520
1438
1382
1326
1258
1190
1160
1130
1079
1012
964
909
865
834
797
743
689
647
621
573
546
513
487
462
428
401
375
362
356
348
320
300
286
283
264
260
237
229
211
194
171
170
155
149
143
122
117
112
108
109
105
106
107
110
104
95
85
78
78
79
80
74
71
74
66
61
60
55
58
55
49
47
45
43
42
36
34
32
24
25
27
24
22
20
19
16
13
12
12
14
15
16
13
11
13
10
10
8
7
7
9
8
7
7
5
4
4
3
1
1
1
1
1
1
1
1
1
1
0
0
0
0
0
0
0
0
0
0
0
0
0
0
0
0
0
0
0
0
0
0
0
0
0
0
0
0
0
0
0
0
0
0
0
0
0
0
0
0
0
0
0
0
0
0
0
0
0
0
0
0
0
0
0
0
0
0
0
0
0
0
0
0
0
0
0
0
0
0
0
0
0
0
0
0
0
0
0
0
0
0
0
0
0
0
0
0
0
0
0
0
0
0
0
0
0
0
0
0
0
0
0
0
0
0
0
0
0
0
0
0
0
0
0
0
0
0
0
0
0
0
0
0
0
0
0
0
0
0
0
0
0
0
0
0
0
0
0
0
0
0
0
0
0
0
0
0
0
0
0
0
0
0
0
0
0
0
0
0
0
0
0
0
0
0
0
0
0
0
0
0
0
0
0
0
0
0
0
0
0
0
0
0
0
0
0
0
0
0
0
0
0
0
0
0
0
0
0
0
0
0
0
0
0
0
0
0
0
0
0
0
0
0
0
0
0
0
0
0
0
0
0
0
0
0
0
0
0
0
0
0
0
0
0
0
0
0
0
0
0
0
0
0
0
0
0
0
0
0
0
0
0
0
0
0
0
0
0
0
0
0
0
0
0
0
0
0
0
0
0
0
0
0
0
0
0
0
0
0
0
0
0
0
0
0
0
