547
596
655
734
834
937
1037
1147
1281
1418
1543
1695
1883
2068
2277
2501
2752
3030
3274
3575
3887
4196
4497
4881
5229
5664
6095
6515
6961
7385
7844
8312
8812
9371
9974
10595
11277
11902
12567
13217
13861
14502
15190
15870
16559
17256
18040
18797
19514
20288
21037
21776
22574
23397
24189
24922
25705
26362
27122
27861
28513
29258
29907
30678
31331
31942
32707
33319
33813
34339
34908
35370
35773
36099
36527
36847
37182
37525
37790
37954
38265
38457
38546
38568
38690
38666
38624
38603
38703
38734
38490
38423
38249
38030
37725
37517
37106
36821
36571
36319
36062
35780
35310
34887
34412
34021
33558
33024
32725
32346
31688
31255
30817
30286
29870
29513
29162
28673
28195
27634
27123
26723
26186
25789
25408
24871
24463
24005
23577
23164
22676
22158
21826
21283
20774
20344
19746
19242
18884
18392
17857
17423
16928
16361
15900
15472
14926
14455
14018
13560
13118
12695
12354
11945
11493
11135
10745
10408
10018
9693
9332
8937
8643
8348
8078
7731
7493
7188
6885
6587
6294
6033
5770
5545
5298
5109
4812
4587
4398
4161
3972
3786
3592
3418
3227
3073
2909
2750
2576
2468
2388
2263
2133
2028
1948
1870
1790
1684
1623
1565
1484
1428
1330
1274
1202
1174
1107
1024
957
910
858
846
794
748
712
669
624
582
526
514
470
477
462
447
409
380
362
329
319
296
289
291
278
254
244
240
224
216
199
177
171
157
143
128
122
103
97
86
79
79
76
66
61
52
49
49
43
43
40
35
30
26
29
27
19
17
13
11
12
13
11
11
12
11
10
9
11
9
5
6
5
5
3
3
3
3
2
2
3
1
1
1
1
0
0
0
0
0
0
0
0
0
0
0
0
0
0
0
0
0
0
0
0
0
0
0
0
0
0
0
0
0
0
0
0
0
0
0
0
0
0
0
0
0
0
0
0
0
0
0
0
0
0
0
0
0
0
0
0
0
0
0
0
0
0
0
0
0
0
0
0
0
0
0
0
0
0
0
0
0
0
0
0
0
0
0
0
0
0
0
0
0
0
0
0
0
0
0
0
0
0
0
0
0
0
0
0
0
0
0
0
0
0
0
0
0
0
0
0
0
0
0
0
0
0
0
0
0
0
0
0
0
0
0
0
0
0
0
0
0
0
0
0
0
0
0
0
0
0
0
0
0
0
0
0
0
0
0
0
0
0
0
0
0
0
0
0
0
0
0
0
0
0
0
0
0
0
0
0
0
0
0
0
0
0
0
0
0
0
0
0
0
0
0
0
0
0
0
0
0
0
0
0
0
0
0
0
0
0
0
0
0
0
0
0
0
0
0
0
0
0
0
0
0
0
0
0
0
0
0
0
0
0
0
0
0
0
0
0
0
0
0
0
0
0
0
0
0
0
0
0
0
0
0
0
0
0
0
0
0
0
0
0
0
0
0
0
0
0
0
0
0
0
0
0
0
0
0
0
0
0
0
0
0
0
0
0
0
0
0
0
0
0
0
0
0
0
0
0
0
0
0
0
0
0
0
0
0
0
0
