561
618
674
755
825
930
1027
1146
1280
1392
1546
1695
1855
2030
2257
2455
2680
2944
3172
3464
3786
4087
4403
4745
5127
5513
5912
6312
6775
7280
7775
8345
8868
9414
9951
10481
11077
11705
12305
13016
13577
14202
14826
15560
16133
16801
17587
18299
19005
19796
20581
21369
22086
22950
23659
24481
25212
26066
26875
27581
28337
28910
29666
30391
30924
31541
32207
32864
33368
34044
34557
35103
35721
36257
36768
37262
37793
38093
38539
38911
39343
39446
39523
39738
39888
39943
40201
40314
40198
40158
40268
40055
39877
39817
39632
39211
38936
38577
38211
37723
37372
36861
36459
36051
35578
34966
34389
33907
33457
32970
32134
31558
30939
30299
29574
28882
28199
27433
26701
25984
25419
24674
24111
23478
22918
22384
21864
21120
20647
19951
19330
18870
18314
17766
17355
16834
16365
15745
15238
14596
14074
13531
13035
12586
12053
11630
11273
10878
10530
10139
9809
9440
9058
8751
8482
8117
7865
7575
7233
7034
6711
6450
6156
5941
5665
5359
5202
4955
4799
4626
4497
4295
4064
3859
3670
3450
3300
3183
2998
2846
2705
2560
2458
2335
2198
2128
2029
1921
1813
1747
1662
1562
1479
1395
1312
1269
1236
1175
1115
1061
1011
971
921
841
820
768
722
661
643
601
568
546
526
509
488
462
421
392
381
356
345
339
324
295
278
267
250
242
232
213
193
176
168
153
139
124
117
106
103
92
85
79
70
59
55
51
46
45
47
45
38
45
39
37
39
38
29
25
24
23
19
18
16
16
14
18
15
15
15
17
18
16
15
12
9
7
7
4
2
2
1
1
1
1
1
1
0
0
0
0
0
0
0
0
0
0
0
0
0
0
0
0
0
0
0
0
0
0
0
0
0
0
0
0
0
0
0
0
0
0
0
0
0
0
0
0
0
0
0
0
0
0
0
0
0
0
0
0
0
0
0
0
0
0
0
0
0
0
0
0
0
0
0
0
0
0
0
0
0
0
0
0
0
0
0
0
0
0
0
0
0
0
0
0
0
0
0
0
0
0
0
0
0
0
0
0
0
0
0
0
0
0
0
0
0
0
0
0
0
0
0
0
0
0
0
0
0
0
0
0
0
0
0
0
0
0
0
0
0
0
0
0
0
0
0
0
0
0
0
0
0
0
0
0
0
0
0
0
0
0
0
0
0
0
0
0
0
0
0
0
0
0
0
0
0
0
0
0
0
0
0
0
0
0
0
0
0
0
0
0
0
0
0
0
0
0
0
0
0
0
0
0
0
0
0
0
0
0
0
0
0
0
0
0
0
0
0
0
0
0
0
0
0
0
0
0
0
0
0
0
0
0
0
0
0
0
0
0
0
0
0
0
0
0
0
0
0
0
0
0
0
0
0
0
0
0
0
0
0
0
0
0
0
0
0
0
0
0
0
0
0
0
0
0
0
0
0
0
0
0
0
0
0
0
0
0
0
0
0
0
0
0
0
0
0
0
0
0
0
0
0
0
0
0
0
0
0
0
0
0
0
0
0
0
0
0
0
0
0
0
