5
39
84
146
209
296
376
492
610
735
856
976
1075
1220
1352
1478
1577
1695
1798
1902
2023
2144
2298
2405
2527
2634
2752
2871
2995
3105
3224
3344
3455
3563
3664
3767
3891
3993
4097
4188
4321
4408
4515
4616
4714
4803
4884
4976
5062
5161
5251
5352
5448
5538
5611
5701
5785
5859
5916
5989
6067
6153
6213
6297
6366
6448
6501
6567
6617
6667
6725
6782
6831
6889
6945
6986
7046
7077
7131
7176
7215
7263
7290
7333
7365
7386
7413
7467
7492
7528
7558
7602
7630
7653
7666
7681
7712
7736
7761
7762
7768
7787
7809
7826
7830
7842
7845
7838
7839
7861
7872
7882
7887
7887
7887
7884
7889
7893
7901
7900
7911
7907
7907
7897
7904
7903
7903
7899
7887
7882
7870
7857
7864
7864
7862
7856
7848
7848
7836
7818
7807
7812
7797
7791
7797
7787
7768
7761
7757
7746
7727
7720
7698
7690
7671
7667
7667
7661
7652
7639
7624
7607
7601
7575
7566
7550
7540
7523
7508
7492
7486
7471
7458
7446
7441
7436
7439
7426
7411
7391
7378
7369
7352
7349
7331
7323
7313
7290
7280
7271
7264
7251
7228
7208
7204
7185
7175
7167
7160
7144
7133
7120
7118
7101
7088
7085
7066
7048
7033
7022
7005
6992
6980
6956
6956
6948
6941
6913
6909
6897
6874
6859
6843
6823
6816
6805
6801
6791
6779
6761
6753
6751
6748
6731
6700
6688
6680
6665
6671
6654
6638
6626
6600
6596
6583
6575
6558
6550
6532
6519
6506
6492
6479
6468
6453
6446
6437
6420
6418
6400
6381
6360
6350
6340
6327
6332
6316
6318
6318
6315
6305
6295
6290
6280
6265
6255
6237
6233
6208
6201
6174
6159
6138
6124
6116
6108
6089
6077
6060
6050
6049
6041
6025
6018
6010
6003
5992
5981
5979
5964
5942
5931
5918
5913
5898
5883
5880
5870
5859
5846
5836
5824
5811
5794
5775
5768
5757
5742
5738
5734
5721
5711
5710
5705
5708
5690
5681
5675
5680
5671
5659
5649
5640
5629
5616
5598
5598
5598
5586
5581
5570
5560
5544
5538
5521
5510
5516
5517
5498
5488
5480
5467
5456
5449
5445
5440
5431
5417
5416
5405
5399
5387
5374
5367
5360
5347
5338
5312
5301
5294
5289
5286
5279
5268
5265
5259
5251
5244
5232
5227
5221
5220
5211
5205
5191
5176
5160
5145
5135
5122
5114
5113
5101
5084
5082
5079
5073
5071
5061
5054
