4
31
74
154
228
330
428
530
650
761
859
971
1092
1206
1326
1443
1567
1677
1822
1958
2090
2212
2329
2448
2586
2711
2818
2954
3066
3188
3301
3395
3512
3635
3753
3846
3932
4058
4156
4277
4380
4493
4595
4687
4765
4853
4943
5035
5125
5211
5296
5374
5457
5544
5629
5721
5820
5908
5990
6054
6121
6187
6260
6319
6377
6451
6533
6600
6670
6723
6777
6830
6882
6935
6972
7013
7058
7114
7160
7196
7239
7281
7331
7365
7408
7445
7470
7506
7514
7541
7572
7606
7620
7628
7655
7664
7690
7700
7709
7729
7744
7770
7783
7807
7825
7838
7841
7852
7844
7836
7835
7857
7863
7867
7882
7888
7902
7903
7902
7903
7916
7912
7900
7888
7870
7876
7876
7874
7855
7868
7865
7856
7866
7840
7834
7842
7830
7823
7815
7821
7820
7800
7798
7790
7774
7783
7766
7751
7742
7734
7714
7695
7698
7682
7677
7661
7654
7644
7633
7636
7619
7609
7613
7600
7583
7574
7569
7568
7560
7555
7549
7543
7532
7512
7486
7468
7467
7453
7435
7411
7390
7387
7380
7371
7361
7346
7334
7325
7315
7291
7285
7275
7260
7253
7238
7227
7215
7202
7179
7174
7163
7146
7128
7119
7106
7086
7065
7051
7032
7022
7019
7001
6984
6973
6961
6956
6953
6938
6919
6911
6899
6873
6862
6862
6843
6840
6835
6816
6797
6787
6774
6758
6746
6732
6719
6692
6678
6660
6647
6632
6612
6598
6571
6553
6543
6535
6529
6518
6502
6491
6474
6470
6456
6445
6433
6424
6413
6394
6382
6378
6366
6354
6352
6347
6337
6333
6321
6323
6330
6319
6299
6288
6268
6261
6250
6242
6230
6218
6203
6192
6180
6160
6155
6148
6141
6133
6118
6105
6108
6091
6093
6076
6059
6047
6033
6025
6011
5996
5987
5976
5966
5958
5948
5944
5934
5919
5916
5913
5903
5898
5883
5879
5871
5856
5859
5858
5833
5828
5823
5821
5818
5813
5804
5785
5776
5779
5770
5760
5756
5746
5737
5729
5723
5719
5708
5697
5696
5691
5679
5680
5664
5646
5641
5632
5619
5604
5605
5598
5584
5581
5569
5548
5543
5541
5536
5517
5506
5500
5502
5491
5486
5468
5461
5451
5444
5445
5419
5412
5407
5409
5417
5403
5395
5383
5366
5350
5346
5335
5325
5330
5324
5317
5313
5315
5315
5312
5299
5294
5284
5276
5273
5261
5254
5259
5245
5237
5226
5221
5211
5204
