959977
920947
882779
846261
811091
777229
744438
713217
683126
654120
626611
599953
574966
550633
527353
504990
483568
463069
443451
424699
406886
389885
373419
357597
342635
328302
314568
301185
288736
276604
265068
253897
243427
233221
223726
214348
205479
197081
189089
181244
173696
166796
160064
153607
147294
141447
135871
130513
125321
120293
115367
110872
106454
102285
98398
94748
91104
87693
84459
81319
78374
75505
72746
70122
67608
65146
62810
60676
58567
56520
54669
52745
50968
49224
47531
45919
44382
42941
41564
40172
38958
37648
36516
35404
34355
33243
32213
31214
30279
29457
28664
27827
27045
26270
25614
24898
24170
23520
22841
22191
21616
20974
20420
19904
19435
18973
18478
18035
17666
17232
16854
16530
16154
15764
15405
15046
14699
14397
14092
13760
13405
13101
12830
12590
12309
12079
11861
11605
11371
11136
10998
10753
10548
10387
10203
10025
9854
9668
9518
9363
9226
9068
8944
8806
8658
8560
8442
8298
8197
8099
8014
7894
7834
7805
7691
7632
7589
7498
7455
7391
7385
7315
7247
7154
7140
7072
6976
6957
6889
6859
6810
6735
6688
6654
6594
6553
6539
6534
6496
6459
6466
6451
6463
6439
6395
6393
6348
6354
6344
6304
6222
6223
6212
6187
6158
6157
6138
6127
6135
6133
6099
6071
6057
6020
5991
5987
5964
5922
5953
5930
5912
5862
5857
5824
5837
5836
5791
5765
5737
5699
5700
5678
5690
5650
5591
5559
5539
5592
5577
5581
5611
5592
5602
5577
5569
5582
5566
5619
5630
5599
5626
5614
5611
5643
5652
5618
5618
5632
5606
5612
5626
5580
5531
5540
5542
5538
5531
5529
5535
5504
5487
5473
5488
5478
5498
5521
5518
5538
5515
5514
5532
5520
5534
5557
5573
5543
5557
5572
5560
5581
5570
5570
5555
5549
5564
5557
5553
5564
5605
5599
5596
5619
5633
5649
5654
5649
5631
5648
5685
5684
5680
5657
5635
5631
5624
5621
5612
5636
5623
5616
5622
5632
5618
5616
5633
5623
5617
5597
5670
5694
5706
5713
5719
5731
5731
5709
5709
5697
5726
5728
5745
5762
5715
5731
5725
5735
5681
5677
5695
5708
5708
5734
5724
5726
5712
5696
5724
5736
5767
5770
5767
5798
5815
5782
5772
5761
5792
5795
5791
5845
5855
5879
5891
5927
5968
6000
5993
6017
6047
6034
6022
6017
6037
6046
6071
6094
6096
6107
6087
6085
6106
6084
6112
6107
6160
6185
6157
6177
6250
6235
6263
6268
6268
6283
6338
6336
6344
6379
6394
6435
