35044
60740
79646
92976
101865
107739
111064
112527
112883
111476
109294
106681
103782
100596
97201
94138
90626
87334
83834
80939
77510
74387
71442
68416
65666
63041
60442
57774
55252
53121
50940
48731
46455
44494
42899
41076
39498
37746
36117
34661
33348
31664
30443
29108
28042
26754
25709
24567
23356
22408
21421
20591
19807
18971
18112
17249
16594
15976
15350
14613
14048
13295
12779
12258
11852
11307
10696
10269
9867
9573
9319
8913
8669
8231
7962
7664
7308
6997
6784
6579
6323
6229
6019
5805
5639
5432
5242
5029
4861
4626
4534
4333
4175
4000
3979
3884
3746
3631
3470
3432
3414
3349
3318
3184
3064
2988
2875
2831
2745
2660
2568
2546
2494
2449
2421
2390
2297
2207
2147
2119
2076
1987
1968
1947
1922
1845
1816
1783
1753
1750
1734
1692
1669
1647
1610
1592
1589
1589
1593
1574
1569
1544
1545
1546
1510
1470
1445
1422
1416
1412
1400
1387
1396
1412
1412
1360
1330
1286
1310
1281
1284
1235
1210
1170
1171
1163
1177
1179
1166
1153
1159
1155
1139
1145
1118
1122
1069
1056
1062
1032
1004
1015
1012
1042
1040
1042
1088
1080
1060
1064
1081
1058
1048
1012
995
1008
1063
1068
1037
1030
1041
1034
1060
1048
1030
1020
1001
982
958
964
970
979
972
960
991
967
943
958
923
952
947
931
944
938
962
975
951
962
976
958
984
982
993
994
982
960
932
938
899
887
887
920
904
940
946
967
969
976
940
961
966
954
975
944
930
905
914
947
913
900
889
901
895
918
918
889
946
953
919
915
921
906
930
950
959
960
945
943
959
995
1013
974
931
919
956
950
930
902
913
901
884
917
903
905
945
957
976
939
956
969
980
942
985
987
955
919
904
863
870
847
849
899
893
898
939
952
972
985
951
962
954
964
983
960
969
976
955
956
929
902
888
866
872
875
889
885
898
915
919
943
972
976
973
981
972
938
922
905
878
894
919
895
915
917
909
875
865
888
927
922
932
884
889
930
915
976
953
978
948
928
933
917
908
859
856
865
892
891
901
890
851
816
820
852
860
837
822
844
817
794
802
810
816
800
818
824
852
845
796
807
