35266
61262
80067
93203
102163
107920
111359
112298
112247
111347
109440
106966
103600
100630
97596
94220
90629
87597
84232
81017
77616
74425
71442
68558
65753
62820
60139
57642
55285
52834
50479
48384
46506
44556
42810
40866
39008
37493
35867
34174
32876
31585
30434
29196
28115
26781
25620
24451
23462
22488
21398
20561
19929
19148
18190
17497
16810
16201
15596
14996
14464
13754
13277
12660
12095
11553
11124
10681
10265
9844
9558
9261
8844
8459
8126
7786
7476
7176
6988
6737
6447
6180
5985
5753
5628
5360
5209
5017
4813
4657
4592
4402
4225
4058
3900
3775
3662
3565
3559
3443
3322
3259
3202
3068
3012
2913
2834
2714
2622
2582
2514
2426
2422
2355
2284
2244
2177
2104
2090
2014
1965
1935
1871
1876
1846
1801
1738
1785
1754
1724
1666
1629
1538
1561
1516
1471
1450
1481
1415
1445
1427
1399
1329
1354
1365
1358
1344
1303
1305
1298
1310
1326
1280
1277
1226
1249
1235
1195
1208
1222
1232
1234
1213
1203
1235
1246
1174
1136
1157
1168
1125
1130
1103
1075
1109
1093
1077
1086
1119
1114
1070
1038
1013
994
997
995
1006
1003
987
986
1005
1008
1061
1063
1021
1004
1012
989
992
1029
981
942
943
949
908
929
911
900
874
872
875
885
900
887
889
913
889
953
966
955
935
907
895
916
908
943
947
944
948
945
934
929
953
957
908
930
965
942
911
897
900
904
895
873
892
903
883
875
892
909
890
867
903
938
904
882
871
887
893
906
916
935
957
951
953
956
951
919
919
946
933
936
899
916
906
879
908
890
899
911
897
902
916
925
941
928
958
962
945
940
931
944
966
941
959
989
989
991
988
1008
1021
1016
982
951
937
940
914
933
918
893
907
919
945
943
925
887
884
877
891
854
856
875
901
867
878
899
894
931
930
946
937
895
916
933
926
957
931
952
976
930
912
867
886
898
877
882
880
889
880
864
871
869
889
886
891
887
892
930
908
954
962
925
899
909
955
979
908
908
879
857
865
893
867
885
866
859
865
904
872
861
879
875
826
874
889
899
870
885
878
843
860
886
863
848
859
832
835
818
789
775
