12
37
56
73
91
111
138
160
176
194
209
233
260
279
305
330
353
375
392
419
437
462
476
496
519
543
566
581
603
620
642
663
684
707
727
752
781
806
826
841
872
896
904
927
950
964
981
999
1026
1047
1079
1104
1122
1135
1162
1178
1201
1222
1242
1254
1269
1286
1314
1330
1353
1375
1401
1424
1444
1461
1487
1510
1527
1554
1577
1596
1612
1633
1656
1673
1691
1718
1734
1749
1770
1787
1810
1833
1851
1875
1893
1919
1939
1961
1984
2006
2031
2056
2083
2107
2131
2147
2166
2193
2208
2231
2250
2267
2291
2311
2336
2358
2374
2397
2420
2436
2458
2484
2509
2533
2553
2575
2600
2614
2640
2666
2687
2705
2730
2763
2782
2804
2836
2855
2879
2899
2929
2946
2965
2989
3002
3020
3047
3064
3081
3107
3131
3147
3170
3192
3218
3236
3257
3280
3301
3320
3337
3362
3382
3406
3433
3453
3472
3496
3521
3548
3558
3584
3617
3636
3660
3681
3707
3733
3756
3782
3808
3828
3857
3892
3913
3935
3955
3978
3995
4011
4038
4060
4079
4101
4117
4128
4148
4167
4188
4207
4239
4266
4294
4315
4344
4362
4384
4403
4424
4448
4476
4499
4517
4540
4554
4569
4585
4603
4628
4646
4667
4684
4711
4719
4748
4765
4789
4810
4839
4858
4877
4898
4922
4940
4965
4981
4995
5016
5048
5074
5088
5106
5129
5151
5177
5203
5218
5241
5264
5287
5312
5338
5359
5377
5397
5410
5438
5468
5492
5514
5535
5551
5570
5585
5609
5626
5650
5677
5698
5726
5750
5773
5791
5820
5843
5864
5887
5908
5934
5954
5969
5991
6018
6036
6051
6074
6105
6131
6150
6171
6193
6219
6239
6263
6286
6305
6326
6344
6366
6390
6417
6435
6450
6480
6495
6515
6536
6573
6594
6617
6638
6667
6697
6711
6737
6753
6768
6798
6813
6838
6860
6879
6896
6910
6935
6954
6977
6994
7016
7037
7065
7097
7116
7139
7162
7182
7197
7211
7237
7260
7278
7294
7322
7351
7375
7394
7411
7431
7451
7471
7500
7538
7566
7591
7608
7636
7648
7681
7698
7723
7741
7766
7786
7813
7831
7852
7873
7890
7911
7927
7950
7969
7994
8009
8033
8056
8077
8100
8126
8144
8162
8190
8219
8248
8278
8300
8323
8348
8363
8386
8404
8428
8456
8487
8511
8533
8548
8567
8594
8615
8644
8663
8688
8706
