23
35
63
79
91
120
134
148
173
191
204
233
256
284
310
330
357
375
391
410
427
444
461
480
502
519
533
549
570
586
615
644
664
681
704
729
754
778
789
811
835
854
871
895
919
940
961
989
1018
1035
1058
1080
1106
1124
1151
1175
1188
1205
1225
1252
1268
1291
1311
1328
1348
1367
1396
1412
1438
1468
1490
1517
1531
1548
1569
1590
1616
1643
1663
1687
1704
1730
1754
1769
1790
1815
1833
1846
1869
1890
1914
1929
1952
1979
2005
2032
2054
2081
2097
2123
2140
2151
2174
2196
2225
2242
2268
2286
2318
2338
2356
2382
2395
2414
2433
2451
2469
2487
2505
2525
2548
2568
2593
2606
2629
2654
2673
2694
2716
2739
2763
2783
2803
2827
2849
2872
2890
2916
2944
2955
2981
3005
3027
3059
3083
3105
3132
3153
3178
3198
3216
3241
3258
3276
3313
3331
3353
3381
3401
3423
3438
3464
3484
3499
3521
3534
3553
3573
3593
3613
3638
3662
3678
3697
3718
3733
3757
3774
3800
3826
3849
3867
3890
3908
3931
3957
3990
4015
4038
4064
4078
4101
4123
4141
4169
4180
4197
4225
4243
4261
4281
4301
4317
4339
4357
4378
4408
4435
4456
4487
4516
4548
4568
4587
4616
4638
4659
4684
4703
4726
4750
4767
4789
4813
4833
4852
4874
4903
4921
4940
4959
4985
5004
5019
5040
5068
5084
5109
5131
5151
5180
5201
5226
5249
5275
5294
5316
5343
5367
5389
5405
5425
5444
5463
5485
5507
5530
5541
5564
5590
5609
5628
5655
5676
5693
5712
5730
5752
5774
5798
5816
5839
5857
5878
5904
5943
5970
5991
6012
6029
6057
6077
6096
6119
6146
6171
6196
6218
6233
6252
6271
6294
6306
6324
6348
6372
6394
6426
6444
6467
6492
6505
6528
6553
6581
6605
6625
6647
6672
6685
6707
6728
6757
6784
6816
6837
6857
6872
6894
6917
6941
6967
6984
7006
7020
7042
7060
7079
7105
7131
7147
7167
7188
7214
7234
7252
7268
7301
7323
7350
7378
7396
7422
7443
7464
7491
7519
7540
7556
7583
7603
7623
7645
7666
7689
7723
7749
7772
7799
7822
7838
7872
7910
7932
7949
7966
7987
8008
8034
8055
8072
8096
8117
8143
8159
8179
8197
8216
8246
8275
8296
8313
8335
8359
8379
8401
8419
8440
8468
8486
8516
8532
8550
8571
8598
8617
8638
8662
8684
8709
