19
44
62
88
105
124
153
177
204
228
246
260
290
308
330
350
374
381
396
411
432
450
470
499
515
528
558
582
610
625
649
680
700
727
748
770
793
815
849
863
889
915
936
957
984
1004
1027
1053
1073
1104
1133
1150
1171
1200
1217
1237
1256
1277
1295
1313
1340
1354
1379
1403
1430
1452
1476
1510
1529
1556
1568
1589
1611
1629
1653
1671
1693
1714
1734
1753
1777
1798
1819
1841
1876
1892
1902
1928
1952
1972
1994
2021
2044
2066
2091
2110
2130
2146
2169
2188
2204
2226
2243
2267
2285
2308
2327
2341
2364
2386
2399
2419
2434
2457
2486
2509
2535
2559
2580
2593
2618
2642
2667
2688
2703
2723
2745
2766
2789
2808
2832
2851
2866
2885
2906
2928
2961
2982
2998
3017
3036
3053
3080
3103
3127
3143
3169
3195
3211
3241
3265
3287
3313
3336
3355
3372
3390
3405
3425
3447
3466
3490
3515
3542
3564
3592
3612
3637
3660
3674
3694
3718
3733
3750
3778
3799
3823
3838
3856
3877
3902
3921
3944
3980
4010
4033
4045
4067
4086
4110
4124
4147
4172
4189
4214
4236
4253
4269
4291
4313
4335
4353
4370
4397
4416
4434
4450
4469
4487
4508
4531
4556
4578
4606
4626
4644
4669
4688
4718
4738
4761
4779
4796
4815
4836
4854
4881
4899
4920
4942
4960
4986
5006
5024
5049
5075
5090
5110
5132
5153
5178
5195
5211
5235
5254
5273
5294
5321
5349
5366
5391
5411
5431
5454
5484
5504
5527
5554
5572
5595
5613
5635
5657
5674
5694
5713
5728
5752
5771
5790
5814
5839
5863
5883
5903
5933
5953
5967
5983
6021
6048
6065
6090
6123
6138
6158
6177
6202
6221
6240
6266
6290
6309
6330
6350
6373
6395
6414
6442
6460
6478
6501
6533
6550
6577
6603
6628
6651
6678
6697
6717
6747
6770
6788
6813
6838
6850
6874
6900
6919
6938
6961
6994
7022
7046
7069
7088
7113
7140
7161
7177
7200
7226
7241
7268
7294
7313
7326
7346
7363
7387
7409
7435
7450
7461
7476
7512
7536
7556
7572
7590
7609
7633
7649
7661
7686
7709
7720
7741
7775
7795
7820
7841
7857
7888
7912
7929
7948
7971
7996
8011
8038
8057
8084
8112
8129
8146
8169
8194
8224
8243
8263
8293
8310
8330
8347
8367
8392
8408
8429
8452
8479
8496
8517
8539
8570
8591
8605
8622
8645
