14
42
71
93
118
136
156
172
192
215
239
265
282
293
324
347
371
389
405
433
456
472
504
525
550
573
589
616
635
657
672
695
717
738
762
786
807
829
845
869
889
910
931
953
970
990
1016
1040
1060
1076
1100
1117
1147
1166
1187
1215
1229
1252
1274
1297
1317
1336
1359
1383
1413
1436
1460
1487
1512
1537
1558
1572
1591
1613
1632
1647
1664
1685
1702
1732
1758
1775
1792
1811
1839
1861
1887
1915
1940
1955
1971
2000
2020
2038
2062
2083
2101
2127
2148
2176
2200
2217
2241
2264
2283
2306
2322
2345
2371
2401
2417
2437
2461
2493
2523
2542
2562
2586
2609
2632
2667
2693
2722
2737
2760
2785
2803
2835
2861
2887
2901
2927
2942
2959
2984
3003
3028
3042
3065
3089
3114
3139
3171
3185
3209
3230
3255
3280
3302
3328
3357
3378
3394
3414
3439
3475
3495
3522
3544
3566
3588
3605
3623
3640
3654
3678
3696
3723
3747
3769
3800
3822
3842
3866
3886
3903
3931
3950
3969
3992
4018
4038
4064
4082
4106
4123
4145
4163
4185
4207
4223
4244
4265
4289
4303
4334
4350
4371
4392
4411
4431
4456
4477
4495
4530
4547
4573
4593
4611
4634
4652
4675
4697
4714
4730
4745
4766
4785
4801
4825
4850
4877
4902
4930
4944
4960
4984
5005
5029
5054
5081
5110
5128
5156
5181
5202
5219
5241
5271
5305
5324
5347
5367
5381
5395
5409
5425
5438
5459
5483
5501
5523
5543
5560
5581
5593
5617
5637
5659
5684
5703
5727
5759
5778
5802
5826
5852
5876
5895
5923
5948
5968
5992
6003
6030
6053
6083
6100
6129
6151
6172
6191
6220
6241
6257
6279
6311
6331
6352
6367
6386
6411
6430
6452
6471
6492
6505
6531
6551
6576
6596
6618
6640
6668
6689
6707
6728
6749
6770
6790
6811
6833
6861
6885
6898
6914
6938
6964
6991
7011
7039
7058
7078
7096
7111
7129
7144
7163
7179
7197
7216
7241
7259
7280
7296
7310
7336
7359
7382
7396
7415
7437
7458
7466
7483
7504
7531
7556
7578
7600
7618
7637
7654
7672
7688
7713
7735
7748
7770
7789
7817
7834
7853
7870
7894
7914
7938
7960
7977
7998
8023
8039
8065
8084
8105
8122
8141
8166
8193
8218
8234
8251
8274
8304
8330
8345
8364
8384
8405
8412
8443
8463
8486
8503
8523
8545
8565
8582
8605
8617
