7
60
164
273
370
447
530
593
666
756
819
871
925
995
1029
1077
1119
1141
1187
1236
1268
1300
1322
1326
1355
1381
1406
1437
1463
1484
1510
1513
1526
1551
1562
1547
1562
1592
1599
1612
1607
1591
1579
1598
1616
1619
1604
1603
1591
1571
1568
1569
1576
1573
1564
1562
1564
1545
1534
1532
1560
1556
1557
1539
1519
1519
1502
1473
1457
1446
1453
1453
1433
1396
1378
1366
1358
1355
1349
1344
1318
1329
1315
1331
1316
1307
1318
1301
1302
1285
1283
1282
1286
1270
1276
1254
1238
1232
1235
1234
1225
1208
1210
1215
1228
1226
1225
1217
1217
1226
1206
1203
1169
1160
1160
1141
1138
1131
1122
1115
1109
1118
1117
1108
1102
1107
1096
1088
1074
1055
1042
1052
1040
1043
1041
1052
1047
1021
1026
1031
1036
1027
1026
1037
1018
1010
1004
1011
1011
1004
1012
995
1003
1016
1010
1024
1014
1003
1004
1019
1022
1027
1026
1032
1040
1026
1040
1036
1037
1061
1068
1076
1072
1059
1048
1051
1061
1050
1049
1042
1035
1031
1019
1014
1007
1005
1021
1018
1029
1022
1028
1015
1027
1033
1038
1046
1060
1065
1065
1061
1070
1058
1063
1076
1082
1090
1092
1107
1116
1109
1105
1113
1131
1135
1129
1149
1155
1146
1151
1156
1156
1148
1170
1150
1154
1159
1156
1180
1202
1182
1167
1167
1167
1178
1193
1170
1188
1200
1195
1174
1190
1194
1192
1196
1186
1192
1195
1198
1202
1197
1243
1220
1221
1212
1210
1225
1229
1236
1254
1245
1250
1242
1251
1254
1264
1275
1280
1271
1277
1283
1287
1306
1294
1317
1323
1331
1354
1337
1369
1357
1356
1380
1396
1404
1399
1424
1413
1428
1437
1420
1401
1410
1403
1401
1393
1394
1431
1439
1441
1449
1441
1452
1462
1483
1479
1460
1483
1486
1476
1491
1488
1488
1468
1464
1458
1460
1469
1465
1476
1474
1480
1488
1460
1467
1485
1506
1497
1510
1497
1497
1483
1473
1490
1469
1463
1453
1456
1463
1468
1456
1462
1460
1484
1491
1496
1494
1499
1487
1503
1517
1505
1477
1490
1492
1515
1532
1547
1543
1540
1547
1552
1560
1551
1561
1566
1562
1566
1565
1587
1568
1568
1571
1583
1591
1557
1551
1504
1513
1507
1522
1522
1505
1528
1527
1525
1513
1516
1507
1505
1505
1478
1460
1433
1431
1408
1413
1412
1429
1449
1464
