618
742
883
1055
1195
1371
1533
1686
1844
2001
2141
2235
2366
2494
2634
2723
2725
2725
2737
2710
2734
2708
2761
2731
2716
2683
2653
2635
2612
2531
2528
2448
2353
2271
2233
2244
2168
2141
2033
1979
1955
1855
1807
1701
1644
1589
1489
1430
1352
1276
1211
1180
1137
1151
1105
1048
1038
998
910
923
907
876
842
844
808
785
802
790
763
764
758
710
662
665
630
609
615
595
565
555
547
519
482
452
460
459
451
427
424
429
442
445
456
451
463
468
486
472
466
460
465
469
475
430
431
445
400
424
453
479
488
504
528
559
572
628
635
658
689
714
733
773
800
834
893
943
994
1039
1105
1137
1150
1220
1239
1289
1351
1383
1458
1512
1558
1632
1643
1692
1748
1819
1892
1971
2099
2188
2365
2502
2657
2733
2851
2978
3068
3172
3297
3474
3587
3735
3874
4056
4212
4427
4631
4752
4900
5132
5304
5511
5759
5984
6209
6361
6604
6857
7112
7399
7625
7984
8332
8652
8915
9269
9532
9839
10185
10473
10849
11146
11498
11934
12199
12419
12822
13224
13787
14124
14634
15008
15492
16005
16556
17117
17676
18156
18737
19374
19982
20752
21583
22290
23113
23824
24595
25398
26083
26815
27558
28306
29136
30008
30819
31666
32730
33611
34494
35508
36460
37582
38489
39289
40253
41104
42005
42857
43856
44651
45213
45690
46044
46712
47247
47720
48535
49196
49867
50190
50702
51028
51069
51186
51175
51197
51190
51119
51362
51422
51220
51338
50911
50744
50071
49573
49044
48753
48477
48058
47618
47247
46927
46296
45734
45481
44936
44172
43687
42948
42357
41569
41131
40822
40558
39689
39027
38008
37175
36442
35672
34543
33466
32561
31598
30746
29871
29092
28382
27375
26475
25668
24927
24235
23294
22511
21806
21077
20395
19870
19299
18703
18063
17468
16887
16278
15605
15091
14571
14097
13564
13130
12575
11928
11397
10832
10241
9817
9454
9076
8707
8301
7975
7585
7254
6900
6567
6314
6019
5712
5482
5248
5057
4836
4503
4219
4073
3930
3787
3593
3389
3244
3087
2965
2878
2708
2605
2478
2331
2226
2119
2061
1999
1887
1805
1666
1613
1537
1512
1469
1443
1367
1284
1254
1148
1104
1021
951
901
866
826
787
721
676
636
613
579
555
571
519
498
460
454
439
422
391
397
371
338
325
323
307
