0
2
6
9
19
30
41
48
68
83
96
115
132
148
164
182
194
209
223
237
253
277
286
301
314
326
337
347
358
369
380
397
409
422
439
462
479
495
512
522
531
543
553
561
578
592
605
614
636
650
659
661
672
678
692
706
716
736
747
757
767
783
791
799
817
829
839
851
857
868
877
885
895
897
905
914
935
946
955
963
971
987
998
1001
1010
1025
1036
1048
1059
1066
1079
1078
1093
1104
1112
1121
1133
1141
1155
1168
1179
1188
1199
1211
1222
1232
1240
1246
1253
1264
1276
1294
1304
1307
1313
1318
1330
1335
1344
1352
1361
1366
1370
1380
1385
1400
1404
1419
1428
1438
1442
1451
1465
1477
1484
1491
1493
1497
1500
1513
1525
1537
1549
1555
1559
1570
1581
1585
1589
1600
1606
1617
1623
1628
1636
1648
1657
1663
1672
1671
1682
1689
1691
1697
1701
1709
1715
1726
1733
1741
1750
1751
1755
1770
1773
1785
1796
1800
1812
1813
1820
1825
1831
1835
1844
1852
1853
1856
1858
1856
1856
1862
1874
1883
1881
1885
1891
1897
1897
1894
1896
1900
1897
1899
1902
1908
1912
1922
1929
1930
1938
1938
1947
1955
1954
1958
1964
1969
1969
1977
1982
2001
2003
2010
2013
2023
2023
2039
2039
2048
2051
2062
2070
2076
2079
2078
2082
2085
2085
2091
2095
2095
2100
2110
2107
2112
2122
2119
2123
2125
2127
2132
2139
2144
2147
2154
2159
2171
2179
2186
2190
2194
2199
2209
2222
2232
2233
2234
2228
2231
2234
2234
2244
2238
2247
2247
2251
2256
2260
2256
2258
2263
2275
2277
2287
2283
2287
2299
2298
2309
2312
2315
2313
2322
2329
2337
2344
2348
2353
2365
2371
2377
2383
2392
2389
2392
2397
2407
2410
2407
2413
2412
2412
2425
2423
2426
2428
2428
2425
2427
2435
2435
2441
2437
2436
2440
2436
2443
2446
2447
2451
2452
2455
2459
2467
2476
2481
2482
2480
2486
2492
2488
2484
2483
2481
2476
2484
2488
2493
2492
2499
2501
2505
2504
2505
2501
2499
2498
2508
2513
2521
2529
2530
2547
2553
2557
2552
2545
2548
2556
2557
2557
2556
2560
2559
2557
2551
2554
2560
2565
2573
2577
2579
2583
2588
2585
2574
2579
2577
2571
2579
2583
2592
2594
2599
2596
2602
2608
2608
2611
2608
2618
2625
2628
2633
2629
2630
2630
2635
2641
2651
2652
2652
2657
2661
2661
2656
2650
2656
2655
2656
2667
2672
2667
2667
2675
2678
2674
2678
2677
2672
2671
2678
2683
2682
2682
2680
2669
2667
2668
2660
2653
2651
2648
2654
2654
2656
2647
2642
2642
2648
2641
2633
2633
2624
2625
2625
2629
2630
2623
2640
2645
2650
2655
2654
2654
2654
2651
2654
2654
2649
2648
2653
2653
2653
2657
2662
2663
2668
2673
2668
2669
2673
2671
2678
2676
2683
2677
2673
2677
2675
2669
2668
2670
2666
2663
2669
2666
2663
2660
2664
2657
2653
2650
2642
2645
2637
2634
2640
2636
2633
2637
2636
2641
2637
2638
2638
2632
2628
2624
2622
2617
2609
2606
2595
2591
2585
2579
2573
2568
2565
2559
2557
2553
2545
2540
2537
2529
2524
2519
2511
2503
2487
2482
2475
2469
2458
2456
2447
2441
2432
2421
2420
2409
2395
2388
2376
2373
2362
2359
2355
2350
2343
2332
2327
2319
2314
2303
2294
2283
2272
2265
2254
2245
2238
2229
2217
2210
2204
2202
2193
2178
2171
2165
2156
2154
2142
2134
2123
2119
2108
2101
2096
2089
2082
2073
2069
2063
2053
2047
