0
1
3
9
20
29
39
48
58
68
78
92
103
118
124
139
152
171
188
205
215
233
244
263
279
289
294
305
322
338
347
362
368
380
397
405
414
426
439
451
468
481
495
503
511
527
537
552
561
570
582
594
616
632
643
662
675
687
686
697
716
719
735
749
764
774
793
803
811
815
822
834
851
869
883
895
903
923
930
936
948
961
974
984
993
1010
1016
1025
1030
1038
1050
1056
1067
1083
1092
1099
1108
1117
1122
1128
1132
1137
1147
1159
1173
1189
1209
1210
1226
1236
1240
1248
1259
1269
1286
1294
1298
1313
1320
1324
1332
1337
1345
1355
1364
1378
1387
1397
1403
1405
1424
1433
1436
1445
1448
1464
1473
1481
1497
1504
1506
1516
1530
1538
1549
1563
1574
1576
1578
1591
1597
1599
1606
1610
1616
1621
1639
1655
1662
1659
1661
1660
1662
1665
1662
1667
1679
1688
1695
1697
1709
1712
1718
1727
1738
1749
1754
1756
1763
1776
1784
1785
1784
1793
1798
1794
1802
1810
1813
1817
1819
1817
1823
1831
1836
1844
1842
1840
1843
1845
1850
1855
1865
1868
1874
1881
1891
1896
1893
1890
1900
1906
1907
1913
1921
1923
1936
1940
1942
1942
1948
1950
1951
1968
1978
1983
1990
1995
1996
1999
2005
2010
2016
2018
2019
2030
2039
2046
2059
2058
2065
2071
2076
2081
2082
2091
2094
2096
2097
2104
2102
2102
2100
2103
2112
2115
2124
2129
2129
2137
2146
2154
2155
2160
2170
2171
2176
2180
2187
2190
2190
2203
2206
2207
2207
2213
2212
2215
2212
2214
2216
2221
2231
2237
2240
2252
2256
2263
2261
2264
2267
2273
2276
2286
2296
2304
2312
2322
2329
2330
2342
2347
2359
2361
2365
2367
2365
2375
2371
2382
2388
2388
2393
2403
2404
2407
2412
2412
2421
2418
2419
2413
2418
2424
2429
2430
2429
2427
2433
2440
2442
2444
2443
2450
2450
2456
2462
2466
2470
2471
2478
2478
2481
2484
2493
2503
2506
2509
2511
2505
2507
2515
2506
2509
2510
2504
2510
2514
2518
2524
2527
2537
2537
2542
2555
2560
2563
2561
2558
2554
2559
2549
2555
2557
2565
2573
2576
2580
2587
2587
2592
2593
2596
2594
2592
2591
2593
2594
2591
2590
2590
2597
2596
2597
2593
2593
2591
2591
2589
2589
2585
2578
2576
2574
2567
2568
2559
2553
2546
2540
2533
2535
2535
2535
2532
2526
2520
2516
2506
2505
2494
2492
2480
2471
2464
2455
2445
2441
2436
2430
2417
2410
2410
2406
2398
2391
2388
2373
2369
2366
2352
2342
2336
2327
2321
2311
2303
2297
2287
2276
2268
2259
2249
2240
2230
2218
2207
2196
2183
2173
2169
2161
2149
2138
2121
2114
2111
2111
2100
2088
2084
2074
2063
2051
2045
2040
2037
2029
2017
2014
2005
1998
1992
1986
1982
1972
1963
1958
1955
1948
1939
1930
1919
1914
1905
1901
1896
1889
1885
1881
1870
1863
1856
1852
1840
1830
1825
1818
1804
1798
1792
1785
1778
1774
1771
1764
1756
1746
1737
1729
1724
1719
1708
1699
1690
1687
1678
1673
1670
1664
1659
1653
1647
1639
1630
1627
1623
1616
1611
1602
1595
1589
1583
1578
1571
1564
1554
1546
1539
1530
1525
1517
1513
1507
1504
1498
1495
1486
1477
1471
1468
1465
1458
1455
1451
1447
1443
1439
1434
1427
1423
1420
1413
1408
1401
1395
1393
1392
1384
1380
1375
1370
1366
1361
1350
1348
1341
1338
1335
1332
1329
1322
1315
1309
1302
1298
1293
1289
1287
1282
