0
1
8
18
24
32
49
60
74
90
110
124
134
150
166
177
191
204
220
233
254
265
283
304
311
333
345
360
373
391
402
419
429
442
455
474
485
494
501
509
517
536
548
563
572
582
596
608
618
633
645
656
672
680
696
705
715
725
739
751
768
776
789
803
812
826
841
850
866
873
889
896
908
922
934
947
958
966
982
986
997
1011
1031
1045
1051
1061
1070
1074
1088
1099
1103
1113
1120
1128
1134
1149
1162
1172
1176
1184
1194
1199
1211
1216
1233
1245
1251
1261
1269
1277
1290
1299
1310
1318
1322
1330
1330
1337
1351
1355
1362
1366
1376
1389
1396
1398
1406
1415
1415
1422
1435
1445
1449
1464
1479
1484
1492
1495
1505
1515
1527
1534
1536
1543
1557
1560
1570
1580
1584
1598
1610
1625
1630
1637
1641
1647
1651
1656
1664
1671
1676
1683
1680
1686
1692
1693
1699
1709
1714
1723
1728
1734
1735
1740
1738
1743
1758
1752
1763
1774
1781
1794
1805
1811
1818
1829
1832
1831
1840
1844
1850
1863
1861
1861
1873
1875
1878
1892
1888
1892
1905
1913
1913
1919
1925
1928
1938
1942
1940
1954
1957
1960
1968
1977
1981
1990
1996
1995
2003
2006
2003
2006
2010
2010
2016
2024
2027
2042
2045
2047
2051
2059
2060
2064
2066
2072
2071
2074
2076
2084
2090
2098
2095
2105
2111
2112
2121
2125
2136
2144
2140
2143
2148
2152
2161
2165
2170
2161
2166
2170
2171
2170
2177
2181
2188
2186
2190
2193
2195
2188
2189
2185
2186
2196
2199
2208
2213
2223
2222
2219
2223
2223
2222
2220
2224
2233
2239
2242
2243
2249
2246
2252
2257
2251
2255
2254
2252
2261
2266
2266
2274
2271
2276
2289
2300
2311
2317
2311
2319
2315
2320
2320
2323
2328
2328
2329
2337
2340
2340
2347
2348
2348
2348
2353
2354
2361
2370
2372
2374
2378
2378
2379
2386
2393
2392
2397
2400
2402
2408
2420
2420
2421
2419
2420
2425
2426
2428
2436
2437
2430
2442
2447
2454
2456
2464
2459
2455
2455
2452
2456
2462
2469
2470
2478
2475
2481
2487
2488
2492
2496
2503
2512
2514
2510
2518
2528
2528
2532
2533
2541
2547
2552
2549
2555
2572
2567
2568
2576
2586
2586
2589
2596
2598
2609
2606
2601
2605
2602
2599
2604
2607
2602
2607
2611
2612
2609
2621
2624
2628
2638
2638
2644
2647
2648
2649
2652
2652
2657
2656
2660
2661
2663
2662
2659
2658
2661
2658
2663
2664
2664
2669
2673
2671
2673
2683
2685
2684
2683
2675
2677
2676
2677
2676
2685
2683
2683
2687
2687
2683
2696
2695
2707
2709
2710
2707
2716
2714
2713
2712
2720
2716
2719
2718
2722
2720
2722
2719
2722
2728
2732
2734
2734
2738
2739
2732
2732
2732
2731
2732
2734
2728
2728
2722
2725
2724
2717
2714
2720
2718
2712
2711
2719
2717
2718
2717
2722
2712
2711
2706
2718
2708
2708
2702
2697
2699
2704
2697
2694
2688
2678
2669
2661
2663
2656
2654
2650
2646
2644
2637
2638
2632
2624
2620
2618
2616
2609
2601
2588
2579
2567
2556
2548
2545
2536
2531
2528
2516
2515
2510
2502
2494
2490
2476
2467
2463
2461
2453
2446
2441
2436
2428
2415
2407
2402
2398
2386
2377
2364
2352
2342
2329
2319
2308
2304
2298
2290
2281
2272
2262
2254
2243
2237
2232
2228
2219
2209
2207
2200
2186
2179
2169
2160
2149
2140
2136
2129
2118
2111
2102
2089
2086
2077
2072
2061
2051
2047
2039
2035
2027
2016
