39483
75311
107932
137861
164054
187933
209272
228289
245326
260382
273405
284973
294700
303008
310070
315323
319567
322824
325482
326892
327534
327711
326917
325678
323547
320859
317414
313880
310091
305794
301369
296534
291766
286712
281360
276127
270680
265299
259566
253768
247995
242274
236342
230646
225032
219348
213662
208176
202743
197377
192008
186688
181657
176723
171827
166882
162078
157096
152370
147766
143246
138834
134624
130466
126398
122374
118567
114898
111181
107560
104196
100918
97612
94263
91287
88288
85407
82503
79777
77156
74582
71994
69684
67473
65278
62945
60887
58912
56933
55133
53263
51533
49726
48054
46435
44906
43393
41975
40590
39307
38122
36899
35750
34567
33431
32223
31342
30359
29351
28358
27456
26621
25765
24932
24157
23384
22714
22016
21330
20647
20025
19466
18857
18298
17728
17259
16737
16218
15777
15337
14962
14534
14129
13755
13370
12996
12670
12322
11962
11627
11337
11067
10795
10569
10374
10144
9921
9718
9509
9271
9038
8862
8701
8480
8292
8114
7937
7820
7691
7593
7457
7343
7258
7162
7096
6979
6898
6810
6713
6643
6597
6485
6445
6392
6345
6268
6188
6162
6065
6023
5972
5935
5865
5779
5714
5661
5648
5627
5565
5520
5496
5458
5418
5402
5379
5372
5361
5331
5315
5262
5268
5251
5218
5169
5131
5133
5107
5083
5071
5102
5059
5068
5076
5107
5066
5057
5014
5010
5016
5012
5030
4979
4927
4915
4863
4847
4871
4844
4812
4807
4803
4808
4806
4779
4779
4776
4773
4778
4760
4743
4735
4774
4772
4760
4740
4735
4754
4779
4794
4783
4793
4799
4781
4789
4825
4792
4813
4789
4794
4813
4834
4813
4782
4783
4779
4763
4741
4742
4748
4774
4767
4799
4812
4811
4778
4767
4784
4787
4780
4742
4699
4680
4628
4605
4611
4621
4629
4638
4668
4692
4661
4662
4687
4659
4670
4663
4668
4635
4615
4582
4594
4572
4591
4536
4559
4579
4571
4595
4624
4647
4634
4654
4636
4624
4640
4610
4605
4628
4655
4639
4638
4628
4622
4604
4591
4631
4617
4629
4643
4611
4595
4642
4656
4673
4671
4651
4633
4595
4597
4581
4615
4621
4602
4590
4617
4600
4579
4564
4588
4592
4600
4566
4586
4536
4521
4560
4543
4550
4551
4570
4579
4584
4609
4636
4600
4593
4584
4547
4563
4572
4562
4600
4609
4646
4616
4586
4551
4541
4529
4551
4568
4562
4556
4528
4555
4561
4584
4582
4605
4607
4637
4661
4637
4653
4638
4635
4628
4629
4642
4629
4624
4610
4611
4621
4633
4602
4599
4664
4661
4631
4651
4658
4645
4643
4636
4673
4697
4670
4656
4618
4613
4601
4588
4572
4540
4533
4561
4606
4638
4645
4607
4619
4640
4664
4645
4624
4661
4636
4627
4602
4579
4529
4477
4461
4476
4477
4485
4463
4453
4458
4457
4458
4497
4466
4474
4432
4432
4451
4394
4395
4347
4359
4333
4305
4315
4311
4281
4246
4226
4196
4215
4147
4141
4117
4120
4103
4082
4045
4020
4016
3925
3914
3911
3887
3898
3847
3846
3834
3803
3742
3729
3676
3629
3584
3541
3501
3421
3383
3318
3238
3167
3133
3080
3031
2966
2867
2814
2754
2685
2614
2575
2517
2450
2403
2357
2319
2277
2227
2172
2123
2066
2021
1969
1933
1892
1833
1796
1748
1674
1625
1549
1488
1401
1327
1263
1194
1136
1070
1009
954
905
864
814
782
741
700
671
641
606
571
529
502
479
458
444
419
401
383
358
343
321
305
287
273
252
234
229
213
202
192
182
172
165
157
148
144
140
131
124
119
110
106
98
95
90
84
76
73
69
65
63
59
57
54
51
49
48
42
40
39
