39166
74968
107451
137050
163858
187815
209243
228526
245755
260587
273861
285114
295011
303120
309839
315445
319818
323474
325809
327076
327526
327657
326699
325024
323113
320405
317124
313886
309900
305762
301217
296442
291853
286805
281593
276144
270724
265219
259671
253791
248087
242390
236742
230998
225179
219759
214105
208588
203116
197774
192404
187079
182077
176780
171470
166518
161857
157156
152526
147890
143488
139282
135185
130890
126773
122850
119041
115345
111579
108119
104721
101458
98232
94944
91701
88684
85714
82971
80250
77579
74983
72607
70237
67809
65522
63401
61258
59225
57271
55362
53577
51806
49928
48301
46749
45126
43719
42252
40817
39383
38005
36709
35411
34272
33185
32125
31160
30182
29200
28286
27391
26455
25591
24684
23875
23141
22323
21643
20963
20324
19636
19053
18473
17956
17416
16931
16424
15901
15500
15055
14668
14200
13822
13475
13145
12852
12568
12292
12017
11695
11477
11193
10877
10643
10402
10159
10001
9788
9561
9398
9136
8964
8771
8607
8465
8308
8221
8101
7953
7798
7632
7528
7414
7292
7166
7037
6919
6837
6763
6660
6580
6483
6391
6322
6276
6209
6135
6079
6043
5996
5907
5851
5838
5800
5729
5666
5621
5574
5572
5498
5412
5381
5397
5384
5360
5312
5311
5275
5263
5241
5206
5192
5181
5144
5081
5057
5027
5028
5003
4970
4926
4906
4929
4944
4901
4859
4890
4883
4884
4841
4832
4868
4865
4849
4854
4824
4825
4841
4833
4845
4884
4838
4790
4780
4809
4798
4803
4815
4788
4774
4731
4724
4727
4717
4758
4753
4715
4689
4714
4718
4677
4669
4687
4696
4707
4697
4673
4606
4612
4649
4629
4651
4604
4595
4602
4558
4560
4536
4526
4505
4494
4509
4505
4526
4526
4527
4516
4537
4562
4582
4546
4559
4555
4550
4572
4557
4567
4589
4568
4584
4609
4627
4609
4627
4658
4631
4614
4629
4596
4610
4609
4632
4691
4693
4697
4725
4717
4682
4704
4673
4671
4687
4694
4678
4674
4673
4674
4671
4679
4686
4662
4684
4697
4691
4700
4695
4714
4710
4734
4728
4723
4725
4715
4719
4737
4735
4677
4679
4673
4688
4706
4730
4705
4692
4724
4675
4669
4628
4627
4624
4643
4659
4679
4665
4650
4628
4609
4613
4613
4612
4622
4667
4643
4600
4584
4576
4606
4611
4606
4587
4602
4623
4626
4650
4635
4613
4633
4631
4622
4656
4653
4676
4706
4686
4665
4666
4632
4647
4656
4666
4634
4614
4608
4569
4533
4534
4575
4562
4525
4543
4575
4577
4566
4545
4527
4560
4545
4520
4501
4502
4510
4476
4440
4465
4441
4435
4446
4448
4486
4449
4446
4394
4402
4416
4411
4439
4396
4390
4422
4443
4429
4414
4412
4379
4394
4379
4388
4349
4371
4353
4355
4316
4277
4259
4234
4221
4183
4117
4071
4072
4086
4045
4032
4042
4025
3973
3938
3900
3884
3847
3799
3741
3692
3660
3616
3582
3469
3432
3381
3325
3281
3256
3197
3151
3119
3082
3047
3004
2992
2949
2915
2824
2733
2647
2567
2468
2375
2300
2213
2151
2095
2050
2052
2032
2023
2007
1980
1932
1906
1853
1801
1747
1691
1665
1618
1583
1541
1517
1486
1436
1417
1376
1320
1289
1245
1191
1132
1077
1037
985
928
881
833
798
742
705
666
630
594
567
529
497
481
448
438
415
390
355
328
309
300
289
276
264
250
242
235
224
210
198
190
182
170
164
157
150
136
128
117
113
107
97
93
86
82
80
77
75
69
67
65
63
62
57
55
54
53
52
51
49
46
39
38
38
34
33
33
31
28
26
25
25
24
22
20
19
18
17
16
16
