39150
74872
107133
136784
163206
187125
208666
228150
245276
260390
273542
284951
294684
302922
309793
315442
319992
323065
325356
327110
327757
327266
326471
324910
322610
320117
317191
313927
310048
305629
301138
296509
291755
286757
281653
276349
271026
265545
259782
254237
248662
243136
237381
231730
225991
220424
214614
208895
203230
197674
192339
187083
181819
176729
171726
166872
161980
157213
152499
147880
143281
138907
134593
130506
126320
122313
118704
114996
111269
107708
104309
100930
97517
94423
91447
88479
85554
82950
80069
77420
74834
72356
69965
67690
65556
63417
61320
59225
57303
55405
53599
51868
50172
48450
46700
45175
43649
42303
40937
39680
38409
37160
35894
34770
33587
32425
31464
30492
29391
28476
27582
26774
25843
24970
24259
23489
22792
22104
21396
20702
20049
19506
18902
18334
17776
17239
16761
16302
15833
15377
14945
14534
14180
13776
13405
13081
12748
12391
12087
11859
11590
11356
11073
10800
10520
10274
10100
9909
9706
9520
9323
9129
8981
8856
8669
8486
8340
8192
8023
7888
7799
7717
7610
7481
7352
7205
7104
7015
6946
6899
6807
6739
6621
6552
6439
6340
6275
6179
6098
6031
5968
5911
5861
5815
5737
5716
5645
5559
5521
5493
5434
5429
5364
5334
5288
5298
5272
5242
5232
5190
5166
5109
5087
5109
5083
5035
5021
4999
4955
4916
4930
4918
4916
4905
4944
4914
4878
4814
4817
4783
4790
4739
4730
4757
4775
4777
4742
4730
4743
4730
4721
4749
4757
4728
4724
4725
4696
4726
4689
4695
4676
4674
4687
4648
4612
4610
4666
4733
4691
4680
4660
4659
4647
4630
4620
4634
4630
4602
4613
4603
4606
4605
4604
4593
4615
4648
4637
4625
4654
4658
4690
4670
4646
4624
4633
4657
4667
4678
4650
4656
4658
4656
4626
4572
4618
4588
4614
4610
4598
4599
4604
4605
4643
4673
4717
4726
4684
4701
4687
4712
4701
4697
4707
4741
4747
4750
4719
4710
4707
4692
4684
4645
4629
4621
4645
4653
4674
4660
4659
4627
4627
4604
4627
4637
4631
4611
4633
4660
4666
4644
4671
4676
4656
4630
4596
4619
4601
4614
4614
4607
4593
4625
4638
4638
4638
4636
4611
4614
4643
4634
4635
4611
4587
4584
4630
4645
4655
4637
4637
4618
4624
4616
4642
4617
4603
4598
4582
4585
4561
4584
4551
4534
4539
4534
4550
4535
4503
4477
4490
4452
4468
4525
4557
4522
4528
4514
4509
4495
4506
4520
4556
4505
4518
4501
4496
4506
4548
4554
4540
4578
4541
4585
4608
4610
4605
4568
4595
4568
4526
4522
4527
4526
4492
4461
4427
4404
4383
4381
4435
4429
4422
4452
4424
4385
4385
4412
4407
4386
4392
4392
4352
4379
4375
4381
4378
4359
4348
4318
4282
4235
4224
4172
4137
4085
4062
4028
3979
3922
3915
3862
3832
3828
3810
3760
3737
3739
3705
3677
3643
3590
3555
3529
3454
3389
3334
3293
3246
3215
3181
3167
3142
3092
3034
2978
2916
2836
2760
2706
2617
2541
2504
2462
2437
2394
2406
2391
2392
2368
2314
2261
2207
2137
2075
1985
1914
1823
1762
1707
1632
1579
1503
1429
1344
1282
1217
1155
1076
1028
980
925
872
822
775
733
700
673
638
613
588
555
533
502
475
452
427
401
384
363
347
329
317
296
281
266
246
237
230
215
203
191
183
177
165
157
146
131
122
118
111
101
96
92
87
82
79
75
71
68
64
64
59
55
54
50
49
44
42
42
38
36
34
29
27
26
25
24
24
23
21
21
21
21
17
16
16
16
16
15
14
13
10
8
6
6
5
5
5
4
4
4
