38753
74338
107142
136616
163073
187094
208489
227900
244857
259834
272949
284469
294445
302489
309549
315308
320151
323555
326013
327616
328451
328204
326999
325711
323382
320662
317521
314260
310495
306443
301745
297571
292831
287665
282458
276976
271571
265992
260060
254430
248661
243167
237192
231310
225807
220143
214446
208963
203411
197957
192566
187085
181790
176596
171342
166316
161455
156667
152036
147436
142895
138584
134390
130432
126412
122560
118715
114956
111363
107797
104373
100997
97759
94616
91405
88569
85670
82915
80267
77576
75045
72615
70138
67969
65773
63578
61382
59365
57356
55500
53533
51654
49979
48323
46703
45207
43660
42221
40858
39507
38220
37010
35811
34583
33484
32386
31326
30237
29264
28375
27454
26664
25796
24963
24139
23428
22721
22001
21340
20709
20125
19494
18891
18300
17746
17185
16742
16270
15767
15359
14972
14519
14048
13630
13326
12940
12630
12273
11953
11627
11348
11083
10863
10564
10342
10100
9861
9669
9492
9338
9188
9071
8870
8728
8544
8374
8213
8104
7997
7866
7723
7624
7516
7402
7252
7186
7067
6937
6851
6751
6670
6545
6445
6350
6271
6242
6192
6125
6054
6005
5948
5915
5864
5794
5745
5703
5679
5704
5690
5637
5575
5506
5450
5420
5365
5301
5274
5275
5216
5214
5170
5114
5071
5068
5033
5015
4991
5001
5012
4955
4947
4916
4944
4941
4958
4938
4946
4946
4910
4874
4860
4846
4851
4822
4836
4845
4861
4855
4865
4848
4884
4899
4884
4837
4847
4841
4816
4815
4766
4772
4755
4767
4798
4820
4824
4804
4805
4823
4787
4773
4752
4770
4741
4745
4733
4713
4697
4679
4651
4633
4622
4592
4623
4609
4603
4601
4589
4584
4573
4547
4474
4492
4496
4493
4476
4456
4455
4463
4491
4513
4465
4498
4513
4493
4477
4523
4548
4582
4586
4573
4563
4552
4552
4542
4516
4469
4447
4480
4472
4458
4456
4462
4429
4448
4477
4502
4514
4547
4514
4516
4538
4559
4570
4547
4538
4573
4604
4592
4552
4568
4587
4614
4627
4624
4612
4623
4657
4653
4670
4667
4712
4707
4713
4696
4699
4733
4734
4711
4720
4672
4698
4726
4741
4732
4731
4727
4724
4681
4689
4693
4661
4656
4666
4633
4643
4604
4636
4592
4642
4625
4589
4570
4556
4517
4519
4511
4535
4544
4550
4529
4524
4497
4488
4504
4502
4472
4473
4477
4475
4523
4523
4496
4466
4481
4434
4438
4423
4416
4422
4432
4440
4453
4455
4473
4455
4504
4510
4500
4482
4480
4476
4464
4453
4454
4459
4489
4452
4445
4435
4430
4440
4456
4485
4472
4496
4494
4521
4501
4516
4479
4494
4510
4490
4468
4457
4409
4417
4421
4437
4418
4381
4358
4342
4349
4339
4327
4360
4334
4305
4247
4213
4199
4200
4205
4234
4220
4199
4152
4176
4171
4170
4124
4082
4038
3997
3984
3951
3920
3881
3869
3844
3833
3851
3809
3806
3785
3777
3770
3771
3764
3737
3733
3735
3723
3663
3654
3676
3631
3607
3585
3542
3522
3501
3488
3444
3406
3384
3340
3315
3289
3241
3217
3181
3108
3017
2969
2892
2797
2690
2589
2497
2410
2352
2282
2200
2107
2010
1913
1820
1734
1651
1561
1491
1410
1339
1265
1198
1150
1085
1038
980
931
856
814
755
723
685
660
627
592
570
533
507
480
448
427
398
382
359
341
326
305
287
270
253
238
227
216
202
192
183
171
163
158
146
136
127
118
113
108
105
102
97
93
90
85
76
75
74
70
63
62
59
57
55
52
47
44
43
40
37
35
33
32
30
30
30
28
28
28
27
27
24
22
20
16
16
16
14
12
