6546
3416
2207
1660
1376
1157
1066
1004
892
836
897
795
759
737
653
720
682
725
606
729
644
677
693
699
655
693
716
698
728
676
744
774
767
789
773
786
758
831
818
861
895
895
983
973
964
987
1020
1053
1098
1133
1176
1195
1181
1222
1294
1329
1346
1434
1439
1467
1542
1564
1635
1693
1865
1771
1920
1908
2042
2028
2148
2109
2287
2328
2397
2541
2582
2686
2762
2793
2918
3020
3099
3343
3330
3436
3487
3607
3797
3901
4048
4135
4313
4520
4597
4686
4924
5133
5281
5490
5641
5753
6065
6278
6371
6630
6817
6976
7321
7424
7704
8065
8202
8465
8877
9038
9345
9419
9912
10072
10171
10713
11009
11191
11619
11948
12260
12547
12848
13150
13644
14058
14475
14908
14916
15313
15855
16159
16532
17194
17537
18066
18590
18811
19228
19707
19924
20378
20909
21251
21664
21826
22173
22703
23147
23665
24009
24389
24961
25492
25943
26227
26702
27121
27533
27988
28284
28441
29008
29391
29540
30092
30233
30513
30814
31074
31328
31556
31756
31947
32292
32355
32509
32523
32943
33249
33431
33835
33929
34082
34306
34482
34913
35251
35323
35614
35848
35883
36187
36688
36689
36920
36944
37149
37250
37281
37387
37636
37713
37668
37825
37877
37922
37727
37401
37529
37718
37872
38028
38492
38870
38797
38614
38515
38684
38513
38688
38841
38812
39005
39237
39447
39621
39490
39706
39677
39713
39570
39814
39648
39740
39917
39584
39776
39872
39833
39809
39876
39695
39602
39599
39310
39295
39564
39658
39640
39595
39873
39826
39888
39916
40010
39973
39982
40490
40561
40372
40527
40592
40659
40597
40552
40636
40620
40530
40984
40971
40775
40729
40890
40802
40711
40571
40559
40845
41038
40922
41116
41242
41156
41140
40967
41070
41162
41406
41332
41213
41418
41754
41701
41665
41430
41476
41731
41878
42040
41787
42007
41855
41997
42010
42026
42262
42191
41825
41959
42012
41881
42163
42373
42660
42737
43025
43338
43354
43238
43358
43354
43679
43944
44267
44757
44892
45225
45406
45630
45889
46000
46436
46730
46857
47249
47809
48412
48921
49201
49603
49879
50108
50533
50873
50859
51074
51136
51501
51914
52270
52550
53026
53307
53662
54119
54512
54976
55036
55461
55998
56739
57384
57960
58895
59928
61002
62055
62891
63312
64307
65196
65718
66102
66550
67293
67935
68429
68788
69136
69796
70542
71131
71795
72447
73308
74071
75234
76271
77418
78734
80262
82047
84054
86123
88389
90558
92934
95426
97852
100450
102876
105395
108031
110782
113450
116322
119108
121886
124596
127132
129693
132435
135152
137783
140530
143221
145826
148338
150768
153307
155884
158377
160830
163258
165462
167604
170000
172121
174285
176219
178234
180280
182472
184698
186566
188722
190711
192675
194489
196310
197977
199736
201332
203098
204766
206351
207879
209348
210693
212170
213471
214752
216004
217189
218237
219446
220644
221830
222866
223974
225064
226115
227145
228146
229078
229864
230618
231506
232324
233136
233879
234575
235210
235793
236432
237042
237614
238250
238789
239317
239825
240335
240811
241247
241638
242046
242465
242831
243187
243550
243885
244213
244514
244761
245018
245253
245478
245706
245928
246128
246333
246565
246742
246912
247087
247206
247378
247513
247634
247759
247877
247984
248104
248197
248271
248355
248433
248517
248574
248646
248716
248785
248815
248877
248924
248986
249045
249096
249151
249193
249245
249284
249326
249361
249408
249446
249473
249514
249544
249575
249597
249615
249629
249651
249662
249680
249699
249725
249735
249749
249767
249784
249799
249810
249828
249837
249842
249853
249860
249862
249871
249881
249885
249893
249898
249904
249907
249911
249913
249917
249920
249922
249925
249926
249931
249933
249940
249944
249950
249954
249958
249960
249963
249964
249966
249966
249973
249976
249980
249980
249981
249982
249983
