6708
3357
2193
1677
1322
1157
1048
1024
919
888
783
758
754
750
739
751
661
753
679
732
719
750
702
680
675
705
723
689
752
792
713
724
763
789
795
797
809
828
832
864
911
896
943
966
1023
1024
1031
1068
1099
1107
1163
1199
1196
1282
1203
1352
1357
1444
1417
1496
1574
1679
1660
1586
1755
1748
1862
1942
1971
2016
2089
2151
2347
2376
2357
2457
2455
2599
2702
2757
2876
2999
3028
3248
3334
3354
3608
3704
3831
3948
4137
4196
4330
4485
4624
4822
4867
5183
5271
5574
5633
5855
5897
6151
6321
6479
6942
7023
7283
7632
7670
7843
8110
8425
8551
8881
9290
9641
9933
9969
10392
10715
11034
11343
11814
11972
12326
12616
12933
13378
13576
13868
14272
14492
14842
15413
15536
15951
16422
17081
17483
17720
18165
18609
19222
19485
19640
20051
20425
20813
21397
21877
22104
22469
22800
22926
23515
23971
24032
24609
25183
25437
25716
25944
26512
26818
27068
27436
27616
28212
28410
28780
29097
29426
29561
30001
30274
30813
31241
31281
31732
31839
32310
32368
32847
33091
33345
33509
33808
34077
34288
34880
34893
35240
35156
35414
35424
35646
35933
36115
36172
36262
36445
36665
37038
37268
37446
37805
37899
37876
37880
37906
38132
38170
38234
38509
38703
38788
39051
38836
38610
38775
38650
38588
38672
38431
38589
38748
38653
38514
38524
38418
38588
38640
39091
39245
38955
39142
39131
39019
38952
38882
38883
38925
38930
38761
38858
39057
39095
39059
39073
39218
38966
38880
39224
39606
39775
39897
40245
40587
40529
40778
40903
40654
40755
40968
41103
40881
41056
40932
40792
40787
40926
41140
41048
41299
41652
41570
41531
41665
41842
41872
41556
41482
41533
41843
41646
41749
41725
41447
41579
41588
41732
41297
41034
40843
40894
40837
40542
40858
40928
41196
41085
40792
40677
40837
40718
40532
40646
40656
40638
40704
40769
40625
40678
40666
40788
40963
41344
41299
41423
41597
41594
41540
41678
41593
41538
41406
41463
41617
41742
41731
41434
41592
41575
41818
41900
42130
42232
42651
42861
43026
43102
43198
43205
43272
43676
43888
44113
44512
44805
44925
45212
45442
45573
45887
46066
46422
46565
46998
47189
47389
47770
47981
48316
48720
49415
50115
50524
50849
51417
52083
52969
53784
54394
55365
56102
57070
57760
58761
59731
60968
62359
63464
64581
65758
67185
68538
69886
71005
72118
73386
74536
75643
76602
77379
78330
79103
80307
81470
82598
83542
84427
85809
87162
88548
89826
91089
92394
93487
94662
95792
97123
98232
98942
99516
99994
100800
101732
102999
104467
105752
107271
108656
110205
111875
113768
115513
117688
119924
122231
124444
126780
129392
131866
134051
136382
138943
141418
144115
146667
149325
151790
154115
156510
158784
161071
163489
165925
168236
170582
172873
175383
177631
179844
181923
183802
185804
187743
189662
191753
193638
195601
197414
199272
201165
203020
204773
206585
208208
209841
211372
212801
214177
215575
216890
218228
219555
220818
222052
223256
224406
225463
226527
227603
228557
229499
230308
231250
232056
232837
233562
234292
235011
235704
236334
236932
237618
238194
238748
239299
239783
240269
240751
241172
241629
242075
242477
242870
243218
243587
243941
244249
244560
244830
245087
245341
245592
245799
246010
246174
246354
246541
246716
246888
247040
247181
247314
247451
247559
247679
247770
247868
247944
248023
248108
248207
248287
248372
248458
248545
248610
248671
248730
248790
248837
248893
248939
248986
249025
249074
249112
249156
249189
249212
249246
249283
249327
249373
249404
249433
249471
249501
249529
249549
249574
249606
249628
249647
249664
249682
249709
249725
249743
249762
249778
249792
249804
249816
249828
249840
249852
249863
249870
249879
249888
249894
249901
249903
249908
249914
249917
249921
249926
249930
249931
249935
249937
249941
249942
