6709
3380
2125
1754
1398
1263
1082
1046
901
834
812
848
754
706
687
717
662
675
679
670
695
693
720
720
749
734
697
738
739
745
777
785
757
759
777
781
803
827
852
850
918
860
876
940
954
972
980
1083
1121
1136
1143
1202
1208
1222
1269
1381
1382
1408
1434
1529
1529
1627
1587
1660
1747
1781
1872
1920
1998
1976
2085
2112
2284
2436
2366
2521
2644
2596
2812
2805
3023
3085
3164
3215
3400
3499
3575
3736
3758
3991
3966
4213
4391
4355
4640
4840
4950
5126
5236
5460
5679
5895
6040
6183
6316
6780
6873
7076
7363
7571
7875
8124
8479
8544
8707
9045
9312
9662
9980
10310
10647
10849
11127
11636
12127
12404
12646
12888
13123
13564
13897
14466
14797
15241
15510
15844
16534
16643
16998
17699
18105
18456
18857
19266
19745
20276
20543
21079
21294
21727
22383
22654
22919
23400
23599
24033
24527
25145
25236
25675
26052
26462
26816
27136
27602
28026
28687
28999
29077
29461
29795
29993
30521
30899
31163
31446
31898
32254
32461
32482
32622
32775
33204
33693
34288
34446
34614
34834
35058
35059
35034
35146
35325
35442
35497
35522
35587
35870
36078
36151
36651
36757
36773
37077
37251
37249
37305
37290
37294
37688
37848
37876
37841
37832
37785
37920
37939
38152
38252
38112
38118
38125
38410
38467
38613
38877
39030
39172
38885
39140
39666
39670
39812
40178
39914
40046
40120
40054
39878
39948
39962
39839
39992
39945
39903
39911
39866
39887
40012
39920
39766
39846
39832
40001
39954
40211
40093
40203
40239
40087
40212
40126
40051
40223
40328
40363
40373
40538
40572
40545
40709
40796
40740
40848
41029
41014
40964
40874
40743
40713
40906
40939
40728
40658
40846
41157
41205
41010
41117
41225
41225
41269
41216
41026
40855
41127
41195
40985
41080
41100
41021
40885
41045
40958
40610
40640
40645
40596
40419
40751
40650
40646
40731
40715
40776
40771
40600
40431
40620
40590
40506
40375
40503
40508
40274
40171
40347
40245
40200
40214
40223
40344
40415
40476
40664
40729
40658
40761
40935
40698
40825
41032
41169
41033
40893
40810
40898
41059
41030
41150
41164
41122
41095
40858
40930
41289
41295
41370
41116
41179
40949
40864
40712
40616
40668
40274
40357
40584
40808
40772
40711
40830
40828
41008
41317
41169
41018
40990
40904
41039
41030
40838
40688
40877
40828
41011
40862
40871
40869
41030
40882
41168
41089
41112
41310
41095
41017
41212
41278
41120
40838
40691
40348
40341
40220
40189
40353
40487
40507
40446
40377
40300
40354
40451
40445
40826
41007
40867
40772
40899
41185
41075
41115
41104
41195
41107
41046
40978
41261
41482
41462
41551
41333
41623
41595
41821
41790
41697
41812
41954
42040
42348
42145
42399
42498
42653
42717
42872
42886
43114
43515
43582
43800
43976
44034
44339
44537
44771
44916
45014
45237
45460
45422
45569
46007
45830
46203
46136
46324
46452
46764
47180
47566
47705
48169
48405
48667
49187
49485
49598
49743
50181
50513
50860
51423
51806
52475
53017
53409
53965
54556
55160
55560
56125
56505
56931
57524
58499
59423
60083
60835
61976
63079
63985
65268
66758
68369
69909
71239
72811
74514
76207
78188
80145
82510
84761
87086
89389
91814
94076
96646
99404
101924
104531
107109
109818
112550
115397
118131
120604
123262
125894
128685
131201
133767
136502
139247
141925
144743
147376
149811
152450
154900
157077
159333
161628
163876
166266
168531
170704
172779
175013
177214
179291
181119
183198
184988
186883
188587
190461
192226
194007
195617
197285
198890
200443
202151
203824
205346
206842
208260
209678
210975
212282
213512
214726
216004
217227
218472
219603
220667
221730
222817
223936
224958
225932
226868
227742
228572
229339
230200
230967
231731
232461
233202
233851
234512
235119
235744
236360
