6545
3344
2148
1575
1363
1169
1038
994
853
871
808
804
717
728
723
680
714
653
645
650
683
661
700
701
694
724
682
795
764
718
744
812
778
738
834
842
744
854
793
898
862
897
972
935
1048
995
975
1075
1069
1137
1206
1202
1216
1257
1312
1279
1362
1464
1466
1499
1551
1572
1672
1703
1786
1743
1790
1865
1933
2069
2177
2196
2170
2316
2412
2404
2668
2542
2736
2885
2821
3100
3078
3243
3346
3401
3559
3749
3816
3850
4243
4152
4332
4471
4597
4763
5007
5082
5274
5490
5661
5723
5908
6163
6363
6712
6861
7025
7202
7520
7634
7985
8115
8426
8921
9003
9177
9459
9807
10185
10501
10640
11051
11395
11603
12195
12459
12688
13032
13308
13667
14106
14449
14632
15343
15569
16018
16502
16684
17084
17466
17710
18239
18481
18959
19504
19844
20025
20459
20889
21457
22021
22130
22654
22958
23331
23677
23765
24198
24658
24979
25492
25742
25861
26156
26549
27187
27692
27942
28114
28518
28962
29024
29393
29671
30025
30419
30772
31067
31256
31808
32173
32611
32767
33131
33529
33606
33825
33960
33975
34026
34601
35006
35270
35596
35728
36018
36176
36332
36334
36478
36599
37020
37045
37205
37070
37249
37357
37449
37752
38203
38296
38170
38062
38121
38365
38434
38497
38840
39193
39269
39374
39536
39617
39638
39478
39587
39429
39454
39317
39458
39411
39541
39641
39801
39789
39681
39540
39613
39897
39842
39793
39892
40004
40157
40226
40358
40047
39960
39937
40004
39792
39894
40006
39997
40029
40186
40256
40334
40532
40410
40361
40329
40448
40606
40477
40486
40597
40532
39895
39856
39888
40240
40364
40264
40454
40275
40256
40292
40226
39999
39995
40138
40214
40448
40542
40555
40558
40377
40431
40459
40599
40405
40520
39965
39887
39744
39651
39580
39776
39739
39801
40012
39785
39836
39944
39630
39390
39610
39708
39733
39902
39959
40242
40358
40326
40517
40449
40084
40217
40310
40251
40175
40229
40355
40371
40159
40090
40070
40133
40066
40219
40212
40322
40441
40546
40481
40584
40761
40468
40538
40388
40331
40506
40254
40315
40184
40372
40495
40505
40412
40515
40426
40540
40777
40742
40629
40392
40370
40413
40483
40528
40228
40341
40626
40597
40917
40770
40805
40657
40758
41028
41033
40870
40738
40901
41095
41239
41140
41316
41271
41178
41273
41156
40993
41194
41334
41526
41514
41622
41429
41207
41267
41576
41715
41826
41578
41424
41315
41269
40985
40743
40873
40894
40798
40948
40819
40880
41063
41010
40980
40856
41137
41127
41255
41292
41740
41966
42025
41744
41757
41749
41651
41902
42053
42200
42082
42110
41914
42118
42166
42272
42127
42137
42020
42460
42416
42398
42682
43130
43379
43414
43563
43792
43939
44162
44487
44821
45250
45727
46004
46177
46744
46921
47485
47613
47967
47993
48135
48387
49018
49164
49994
50197
50735
51259
51564
52070
52644
53099
53646
54183
54446
54949
55622
56420
57080
58304
59230
60303
61453
62288
63204
63818
64394
64978
65711
66141
66868
67577
68312
69193
69789
70773
72024
73154
74743
76376
78416
80019
81899
83686
85633
87562
89850
92319
94769
97147
99682
101989
104396
106954
109458
112087
114762
117744
120574
123238
125781
128386
130955
133445
135944
138380
140694
143279
145835
148484
150933
153281
155624
157884
160178
162410
164782
167232
169539
171798
173965
176126
178142
180121
182207
184369
186412
188424
190587
192645
194439
196280
198160
199983
201781
203383
204918
206504
208053
209573
210961
212361
213722
214934
216242
217443
218580
219735
220902
222053
223114
224086
225124
226111
227168
228082
228930
229755
230596
231368
232151
232893
233539
234148
234817
235418
236026
236609
237129
237653
238207
238698
239185
239716
240211
240709
241160
241576
242016
242383
242772
243122
