6660
3376
2209
1697
1358
1200
1039
960
902
830
881
787
716
774
645
733
710
670
684
692
727
688
669
676
693
655
662
690
728
735
716
753
789
762
765
760
866
847
830
838
869
892
972
910
924
1024
1070
1053
1094
1146
1155
1146
1192
1277
1347
1293
1410
1416
1477
1434
1551
1611
1636
1744
1778
1795
1798
1904
1995
2034
2062
2174
2235
2296
2469
2481
2537
2688
2731
2888
2958
3000
3108
3226
3235
3420
3527
3659
3691
4021
4081
4200
4303
4442
4608
4658
4832
5184
5319
5368
5588
5808
6067
6207
6480
6542
6931
6988
7292
7490
7748
8040
8333
8601
8655
9032
9357
9631
9893
10059
10269
10806
10997
11336
11737
12093
12183
12620
13071
13445
13613
14117
14586
14889
15246
15446
15894
16440
16896
17196
17536
18133
18578
18822
19342
19663
20332
20641
20868
21289
21677
22233
22402
22658
22905
23308
23694
23979
24232
24727
25407
25594
26020
26253
26614
27011
27315
27797
28323
28705
29139
29359
29854
30124
30408
30940
31018
31422
31662
32004
31940
32194
32551
32639
32873
32948
33195
33390
33854
33773
34099
34275
34472
34807
35198
35510
35727
35889
35970
35992
36230
36306
36588
36851
37180
37725
37653
37661
37804
37803
37895
38068
38087
38020
38114
38398
38349
38184
38277
38180
38262
38356
38406
38473
38694
38673
38816
38802
38543
38424
38655
38528
38610
38764
38825
39104
39195
39086
39295
39465
39390
39561
39594
39593
39309
39355
39097
39124
39388
39531
39540
39499
39419
39567
39756
39768
39679
39895
39979
40118
40490
40461
40555
40585
40779
40705
40862
40721
40679
40648
40844
40826
40960
41176
41265
41541
41675
41511
41458
41519
41648
41558
41195
41117
41407
41036
41085
40954
40772
40808
40833
40731
40727
40809
40788
41023
41372
41448
41528
41452
41539
41595
41623
41664
41834
41574
41560
41524
41558
41474
41393
41256
41067
40754
40734
40892
41034
41014
41048
41018
40933
40925
40719
40803
40687
40680
40500
40500
40556
40230
40175
40001
39826
39643
39630
39586
39799
39735
39643
39814
39893
40012
39956
39719
39883
40123
39986
40031
39988
40041
40140
40215
40256
40306
40393
40368
40386
40534
40482
40538
40404
40536
40688
40646
40743
40692
41015
41012
41049
41151
41158
41350
41455
41402
41471
41444
41479
41629
41842
41636
41546
41511
41635
41808
41844
41784
42002
42170
42336
41976
41955
41892
41891
41942
41709
41812
41923
41825
41887
42021
41821
41498
41670
41712
41680
41495
41419
41592
41579
41738
41907
41618
41400
41359
41339
41358
41328
41117
41213
41352
41493
41500
41641
41552
41343
41609
41743
42015
42044
42089
41946
42017
42352
42580
42516
42603
42629
42455
42489
42786
43056
43146
43337
43422
43612
43760
43723
44011
43695
43867
44119
44260
44194
44426
44628
45029
45251
45639
46123
46407
46537
46507
46565
46752
46961
47075
47068
47118
47269
47432
47521
47552
47466
47719
47945
48289
48179
48609
48820
49213
49719
49998
50309
50393
50527
50622
50900
51532
51787
52107
52547
52912
53433
53991
54580
55258
56058
56921
57871
59125
60167
61421
62655
64005
65374
66821
68081
69788
71625
73385
75184
77341
79724
81817
84212
86627
89089
91657
94024
96474
99072
101647
104169
106876
109618
112423
115093
117887
120379
123116
125747
128475
131069
133831
136510
139107
141597
144297
146783
149457
151811
154266
156762
159345
161711
164244
166640
169075
171436
173856
176039
178324
180623
182691
184761
186769
188827
190884
192855
194624
196464
198212
199919
201606
203194
204788
206385
207904
209364
210710
212065
213496
214782
215976
217113
218262
219396
220628
221732
222795
223836
224807
225680
226614
227531
228413
229179
229920
230614
231348
232018
232645
233245
233875
234480
235115
235775
236465
236946
237483
