6548
3317
2141
1687
1407
1232
1092
941
937
861
863
828
770
788
745
707
733
717
687
692
727
718
742
667
668
694
701
713
725
713
717
718
731
747
803
806
825
824
890
881
894
964
953
936
1006
1027
991
1006
1097
1186
1149
1188
1289
1275
1290
1325
1335
1353
1478
1524
1567
1569
1603
1657
1797
1755
1854
1902
1973
2063
2079
2154
2314
2329
2324
2294
2494
2701
2661
2828
2965
2990
3068
3085
3202
3439
3489
3751
3830
3927
3969
4206
4316
4594
4585
4647
4916
5003
5519
5384
5584
5775
5930
6171
6325
6684
6855
7059
7278
7597
7830
7971
8165
8398
8780
8999
9265
9643
9879
10088
10470
10782
11061
11417
11854
11890
12312
12595
13140
13452
13820
14189
14430
14857
15075
15587
16081
16277
16508
17007
17498
17781
18104
18580
19116
19341
19807
20143
20537
21269
21784
22151
22465
22675
23099
23335
23946
24214
24550
24958
25353
25673
26015
26467
26794
27101
27425
28013
28482
28802
29297
29432
29933
30148
30182
30639
30714
31112
31204
31718
32280
32562
32858
33206
33461
33913
34007
34153
34189
34228
34645
34895
35086
35405
35295
35451
35614
35729
35781
35908
36173
36474
36669
36737
36846
37206
37263
37420
37752
37884
37739
37731
37811
37775
37908
37999
38008
38316
38293
38540
38588
38767
38962
39176
39365
39392
39711
39760
39733
39983
39941
39963
39770
39720
39909
40103
40418
40348
40512
40581
40875
40981
41116
41214
41214
41134
41076
41073
40904
41095
41052
41071
41210
41439
41320
41235
41104
40971
41017
41112
41075
40932
40721
40630
40541
40384
40530
40415
40332
40305
40790
40848
40962
40922
41088
40884
40716
40667
40759
40933
41006
40982
41224
41237
41505
41320
41409
41275
41580
41712
41553
41830
41782
41847
42035
41790
41659
41557
41255
41352
41350
41248
41007
41117
40852
40907
40973
40816
40991
40843
40821
40857
41018
41226
41114
41164
41250
41274
41125
41075
41134
41096
40946
41085
41052
40686
41081
40971
40690
40643
40778
40734
40749
40920
40939
40791
40671
40446
40341
40450
40546
40426
40452
40423
40481
40255
40199
40255
40244
40142
40070
40287
40483
40364
40451
40500
40403
40305
40325
40251
40241
39999
40030
40180
40326
40326
40513
40489
40286
40417
40905
40892
40900
40975
41041
41286
41523
41736
41626
41488
41450
41121
41399
41188
41114
40880
40908
40806
40737
40838
40836
40871
40704
40786
40659
40633
40351
40595
40478
40364
40406
40233
40380
40628
40649
40763
40642
40664
40640
40417
40468
40718
40488
40258
40403
40498
40388
40191
40413
40505
40618
40488
40564
40176
40359
40455
40301
40396
40553
40777
40699
40877
40986
41037
41156
41087
41221
41435
41246
41637
42300
42686
42490
42836
42977
43042
43449
43663
43923
44222
44363
44373
44444
44631
44792
44687
45052
45269
45376
45772
46170
46554
47201
47433
47780
48389
48942
49533
50143
50667
51248
52009
52573
53461
54176
55191
56090
56862
57727
58587
59585
60595
61693
63060
64294
65480
66888
68545
70230
71900
73306
75028
77090
79050
80844
82722
84803
86918
89509
92023
94492
97216
99596
102025
104878
107412
109744
112271
114709
117348
120017
122489
125033
127660
130425
132932
135437
138101
140545
142801
145379
147886
150222
152804
155374
157963
160249
162651
165187
167622
170022
172328
174583
176879
179128
181515
183635
185760
187765
189851
191877
193841
195672
197336
199064
200782
202351
203823
205422
206946
208391
209781
211130
212449
213752
215051
216278
217506
218619
219669
220779
221764
222721
223666
224656
225555
226452
227316
228199
229057
229899
230685
231453
232203
232910
233645
234326
234959
235573
236157
236742
237318
237801
238299
238809
239233
239703
240119
240490
240847
241195
241516
241836
242126
242438
242726
243001
243292
243550
243801
