7590
22581
32969
41048
47327
52433
56629
60090
62727
64744
66605
68107
69652
70608
71254
71800
72512
72680
73185
73428
73886
74116
74191
74280
74396
74340
74492
74419
74525
74937
75073
75208
75360
75229
75472
75182
75132
75249
75088
74917
74549
74605
74641
74548
74453
74125
73937
73868
74227
74131
74309
74637
74892
74813
75024
75074
75139
74973
75392
75358
75247
75082
74581
74500
74281
74258
74382
74232
74445
74209
73969
74040
74007
73921
73731
73806
73783
73817
73780
73843
73851
73696
73455
73352
73125
72899
72837
72864
73042
73085
72971
73079
72762
72902
72763
72955
72893
72860
72622
72184
72106
72338
72332
72501
72499
72467
72630
72367
72169
72298
71892
71819
71858
71676
71550
71254
71237
71241
71347
71074
70981
70909
70909
70894
70581
70525
70202
70112
70050
69721
69491
69440
69082
68968
69041
68953
69057
69019
68478
68499
68489
68413
68029
67749
67772
67350
66960
67069
67384
67368
67397
66974
66840
66542
66163
66092
65994
65665
65523
65664
65385
65269
65427
65536
65463
65557
65621
65506
65569
65399
65260
64998
64885
64708
64722
64405
64331
64287
64346
64312
64320
64135
64071
64276
64148
64062
64195
63915
63735
63587
63412
63469
63700
63704
63627
63719
63817
63532
63518
63460
63310
63454
63453
63325
63229
63147
62928
63032
62904
62841
62683
62708
62823
62788
62941
62971
63138
63124
62882
62651
62467
62591
62549
62576
62736
62833
62838
62634
62926
63000
62871
62804
63085
62996
62975
62997
62878
62961
62969
63014
62846
62933
62766
62605
62699
62874
62919
62819
62861
62971
63365
63178
63377
63265
63333
63362
63436
63647
63594
63531
63286
63258
63102
63046
63110
63283
63212
63316
63762
63869
63730
63847
63801
63638
63666
63576
63576
63312
63114
62879
62908
62841
63040
63086
62945
63071
62968
63134
63337
63347
63417
63460
63240
63128
62730
62856
62818
62647
62567
62753
62722
63012
63005
62905
62926
62956
62853
62854
62747
62886
63139
63078
63238
63282
63128
63254
62895
63045
62825
62553
62551
62435
62246
62356
62633
62709
62717
62784
62704
62527
62498
62535
62408
62465
62533
62205
62306
62364
62393
62192
62571
62572
62568
62433
62437
62187
62137
62229
62105
61957
61928
61870
62022
61894
62338
62579
62817
63082
62787
62771
62831
62806
62739
62542
62502
62365
62314
62297
62186
62431
62240
62240
62218
62373
62685
62587
62283
62086
62130
62261
62309
62504
62659
62938
62912
62831
62673
62586
62748
62770
62694
62676
62531
62358
62246
62550
62736
62895
62933
62925
62866
62546
62600
62704
62677
62707
62691
62750
62699
62610
62574
62975
62774
62633
62575
62734
62589
62413
62503
62357
62268
62180
62168
62187
62106
62080
62168
62019
62075
61957
61771
61639
61577
61395
61462
61240
60946
60950
60631
60615
60556
60534
60080
59612
59326
59079
58439
58221
57890
57478
57151
56785
56608
56154
55657
55355
55050
54873
54623
54367
54014
54103
54402
54608
54674
54799
55066
55237
55456
55491
55540
55204
55086
54871
55014
54861
54710
54480
54350
54069
53638
53150
52515
51886
51396
50608
50245
50141
50002
49352
49071
48809
48791
48339
48025
47471
47107
46836
46456
45793
45300
44468
43859
43012
42359
41566
40891
40196
39508
39040
38257
37591
36980
36303
35479
34603
33895
33173
32427
31605
30715
29962
29012
28072
27069
26195
25218
24104
23183
22373
21480
20657
19874
19193
18405
17708
16968
16276
15696
15212
14762
14197
13557
12901
12453
11936
11422
11069
10708
10366
9899
9513
9216
8741
8277
7879
7560
7190
6891
6643
6326
6051
5812
5630
5376
5113
4849
4562
4312
4087
3890
3723
3540
3412
3243
3090
2902
2744
2599
2453
2324
2173
2069
1950
1848
1752
1669
1573
1479
1393
1371
1328
1322
1267
1216
1147
1087
1069
1029
987
