0
0
0
0
0
0
0
0
0
1
1
1
1
1
2
3
6
8
8
9
12
12
13
15
16
17
18
21
24
26
27
28
27
26
26
29
33
33
30
34
36
36
40
43
44
46
48
48
51
52
53
56
57
58
57
58
59
57
60
59
59
62
63
64
66
70
71
72
69
69
69
66
65
65
67
67
68
67
66
66
65
66
63
64
61
60
58
57
56
55
56
55
53
55
57
56
56
55
53
56
55
56
56
56
53
53
52
51
51
51
49
47
47
46
46
48
48
47
47
47
45
42
41
40
41
40
39
39
39
39
39
38
37
37
37
34
35
34
34
34
35
35
35
35
35
35
35
34
34
33
31
31
31
31
30
30
30
28
29
29
29
28
27
27
25
25
25
23
23
21
21
20
20
20
18
16
16
16
16
16
17
17
17
16
15
15
15
15
14
14
14
14
15
15
15
15
15
16
16
14
14
13
13
13
13
13
12
11
14
14
16
16
16
16
16
15
14
15
15
14
14
13
13
12
12
10
10
10
10
10
9
10
9
9
8
8
8
8
8
8
8
7
6
5
5
6
6
7
7
7
7
7
7
7
8
8
8
8
8
8
7
7
8
7
6
6
6
6
6
7
7
7
6
7
7
7
7
7
7
7
8
8
8
8
9
8
8
8
8
7
7
7
7
6
6
6
6
7
7
8
8
7
7
7
8
8
7
7
8
8
8
8
8
8
8
10
10
10
10
9
9
9
8
8
8
8
8
9
9
8
9
10
10
10
10
10
9
9
9
9
9
9
8
8
7
7
7
7
8
9
9
10
10
11
12
12
12
12
11
11
12
12
11
11
10
10
11
12
12
13
13
14
15
15
15
15
16
17
15
14
14
14
13
12
12
12
12
12
12
12
12
12
13
13
14
14
14
13
13
13
12
12
12
11
10
11
11
11
11
11
11
12
12
12
10
10
10
10
10
10
10
10
10
10
11
11
11
12
12
12
12
13
13
13
13
13
13
13
13
12
12
10
10
10
10
10
9
9
9
9
9
9
7
7
6
6
6
6
6
5
5
5
4
4
4
4
4
4
4
4
2
2
2
2
2
2
2
2
2
2
2
2
2
2
2
2
2
1
1
1
1
1
1
1
1
1
1
1
1
1
1
1
1
1
1
1
1
1
1
1
1
1
1
1
1
1
1
1
1
1
1
1
1
1
1
1
1
1
1
1
1
1
1
1
1
1
1
1
1
1
1
1
1
1
1
1
1
1
1
1
1
1
1
1
1
1
1
1
1
1
1
1
1
1
1
1
1
1
1
1
1
1
1
1
1
1
1
1
1
1
1
1
1
1
1
1
1
1
1
1
1
1
1
1
1
1
1
1
1
1
