0
0
0
0
1
1
1
1
1
2
2
3
6
6
7
9
11
12
14
15
14
16
16
16
20
22
25
27
29
26
30
31
32
34
34
34
35
36
38
38
42
43
45
45
43
44
44
49
50
53
55
55
56
59
56
54
54
54
55
56
55
54
55
55
55
55
52
53
54
58
59
61
59
58
57
54
54
56
57
56
57
60
58
57
57
55
54
55
54
51
52
52
54
52
50
47
46
44
45
44
44
43
40
41
41
41
40
40
41
42
47
45
45
44
44
44
42
39
39
38
37
38
37
34
34
35
35
34
34
33
33
33
31
32
30
29
30
30
31
31
31
32
33
33
31
31
32
32
30
29
28
28
28
26
25
25
25
27
28
28
28
27
27
29
28
27
27
26
25
25
24
23
22
21
21
20
21
21
23
23
23
22
22
21
21
21
20
20
21
21
18
18
17
17
17
16
17
17
17
18
17
17
17
16
16
16
14
14
14
14
13
14
14
13
12
11
10
11
11
11
11
11
11
11
10
10
9
9
10
10
10
10
10
10
11
11
11
10
10
10
10
10
10
9
9
9
8
8
8
9
9
9
9
8
7
7
7
8
8
9
9
8
8
8
9
9
8
9
10
10
10
9
7
9
8
8
8
8
8
8
8
8
8
8
8
8
8
8
7
7
6
6
6
6
6
6
6
6
6
8
8
9
8
8
10
10
10
10
10
10
10
11
11
10
12
12
12
11
11
10
9
9
8
9
8
8
8
7
7
7
7
8
9
9
10
10
11
10
9
10
11
12
12
12
11
11
11
11
11
11
11
10
10
10
11
11
11
10
9
9
10
10
12
11
10
11
11
11
11
11
10
11
11
12
13
13
13
12
13
13
12
12
12
12
12
15
15
15
15
14
14
14
15
15
15
15
13
13
13
13
14
13
12
13
15
15
15
15
15
16
15
15
15
15
14
15
16
16
16
17
17
17
16
15
16
18
18
17
17
18
18
17
20
20
20
19
18
19
19
17
17
17
17
17
17
18
18
18
18
17
18
18
18
19
18
18
20
20
20
20
20
20
19
17
17
18
19
19
20
20
19
19
19
18
17
17
17
17
16
16
15
15
15
15
18
18
18
18
17
17
17
17
17
17
17
17
16
16
15
15
14
13
13
13
13
13
13
12
12
11
10
10
10
10
10
10
10
10
10
9
9
9
9
9
10
9
9
10
9
9
9
9
9
9
9
8
8
8
8
7
7
7
6
5
4
4
4
4
4
4
3
3
3
3
3
3
3
3
3
3
3
3
3
3
3
3
3
3
3
3
3
3
3
3
3
3
3
3
3
3
3
2
2
2
2
2
2
2
2
2
2
2
2
2
2
2
2
2
2
2
