0
0
0
0
0
0
1
2
2
3
3
3
4
4
5
5
6
8
9
9
9
13
13
14
15
18
20
22
23
22
27
28
32
31
33
35
36
38
39
40
43
44
46
46
49
48
52
54
54
52
52
55
57
60
60
60
60
61
65
65
67
71
70
69
69
68
70
71
70
69
70
68
66
66
65
61
61
64
63
63
61
61
59
58
55
53
53
55
57
57
55
55
56
56
56
54
57
57
55
54
54
53
53
52
52
50
49
48
45
47
46
46
46
46
45
46
45
46
44
46
45
45
43
43
42
42
42
41
38
39
39
40
40
39
38
38
38
38
38
37
36
35
35
32
32
33
33
32
33
33
32
31
32
31
31
30
28
28
28
27
27
25
25
25
25
24
24
24
24
24
23
23
23
23
24
24
22
22
22
22
22
21
21
19
19
21
19
19
19
17
18
17
17
18
18
16
16
16
15
15
15
15
14
14
14
13
14
13
14
14
14
14
15
15
15
15
16
16
15
13
13
13
13
13
13
13
13
14
14
13
13
14
14
13
13
13
13
13
13
13
13
14
14
14
14
16
15
16
15
15
13
14
14
14
13
15
15
15
14
14
14
14
13
13
13
12
12
12
13
13
13
13
13
12
12
12
13
13
13
14
13
13
13
13
13
13
13
13
12
13
12
13
13
13
13
13
13
13
13
13
14
13
13
13
12
12
12
12
12
12
10
10
10
10
10
11
11
10
9
9
10
10
11
12
13
12
12
12
13
12
13
14
13
14
15
14
14
14
14
14
14
14
13
13
13
14
16
15
16
16
18
19
19
19
18
18
19
19
18
18
18
19
19
17
19
18
19
20
20
21
21
21
21
21
19
19
19
18
18
17
16
15
17
17
17
18
19
18
17
18
18
18
19
17
17
17
18
18
19
20
20
20
21
21
20
20
22
22
22
23
21
22
21
21
20
20
20
20
19
20
19
19
18
19
18
19
20
21
19
19
19
17
17
17
17
17
18
17
18
17
17
16
16
16
16
15
14
14
13
13
13
13
13
14
14
12
11
11
10
10
10
11
11
12
13
13
12
12
12
14
14
13
13
13
14
13
12
12
12
12
12
12
12
12
12
12
12
11
11
10
10
11
11
10
10
10
10
10
10
10
10
10
10
10
10
9
9
9
9
9
8
7
7
7
8
8
8
8
8
9
9
9
9
8
8
7
7
7
7
7
7
7
7
7
7
7
7
7
7
8
8
8
8
7
6
7
7
7
7
7
7
7
7
7
7
7
7
7
7
7
7
7
7
7
6
6
6
6
6
5
5
5
5
5
5
5
5
5
5
5
5
5
5
5
5
5
5
5
5
5
5
5
5
5
5
5
5
5
5
5
