20
44
65
86
112
127
149
166
192
212
230
252
272
298
320
340
361
382
412
436
459
479
502
534
556
575
599
619
645
662
682
707
719
733
759
776
793
809
826
850
873
891
904
919
947
964
980
1001
1027
1049
1067
1088
1107
1129
1151
1170
1194
1217
1244
1260
1285
1315
1331
1356
1383
1404
1427
1451
1469
1485
1506
1521
1537
1562
1581
1605
1628
1644
1660
1690
1710
1725
1749
1767
1794
1813
1833
1848
1866
1894
1915
1933
1953
1980
1998
2016
2032
2054
2083
2099
2123
2140
2158
2181
2200
2213
2236
2259
2274
2291
2310
2333
2361
2383
2406
2426
2451
2475
2491
2522
2549
2579
2598
2629
2650
2680
2697
2715
2732
2753
2775
2794
2811
2837
2860
2877
2902
2917
2935
2954
2969
2989
3016
3030
3054
3073
3097
3125
3152
3174
3198
3222
3243
3272
3292
3311
3336
3360
3375
3393
3415
3436
3457
3478
3503
3521
3545
3559
3581
3604
3619
3645
3676
3701
3719
3732
3759
3784
3804
3818
3835
3855
3881
3909
3924
3936
3962
3978
3999
4032
4051
4075
4107
4131
4157
4177
4203
4220
4247
4269
4291
4314
4337
4356
4380
4400
4421
4435
4452
4473
4489
4519
4539
4569
4584
4611
4629
4654
4682
4699
4720
4741
4761
4787
4807
4835
4852
4870
4893
4914
4936
4951
4980
4993
5010
5032
5048
5065
5088
5117
5140
5158
5176
5199
5216
5242
5264
5281
5299
5315
5332
5361
5384
5408
5428
5446
5470
5500
5520
5531
5546
5568
5594
5613
5628
5646
5668
5689
5704
5726
5756
5781
5814
5832
5856
5876
5891
5911
5935
5960
5986
6011
6032
6054
6069
6086
6115
6139
6165
6195
6216
6243
6264
6283
6304
6320
6336
6354
6369
6396
6418
6437
6458
6487
6505
6531
6554
6580
6601
6625
6650
6681
6696
6721
6760
6778
6796
6813
6834
6860
6882
6911
6931
6962
6988
7014
7035
7057
7079
7102
7125
7143
7169
7191
7213
7233
7259
7281
7299
7316
7341
7364
7385
7411
7430
7458
7477
7496
7510
7528
7549
7563
7587
7608
7632
7652
7672
7690
7707
7729
7744
7769
7794
7810
7829
7851
7878
7914
7944
7958
7976
8005
8028
8044
8072
8102
8122
8142
8161
8182
8204
8225
8251
8264
8288
8309
8328
8348
8361
8384
8412
8439
8451
8466
8490
8505
8522
8544
8581
8613
8633
8653
8685
8707
8735
8763
8785
8804
8820
8845
8865
8886
8905
8924
8940
8960
8971
8982
9005
9030
9053
9079
9102
9119
9145
9163
9191
9212
9228
9250
9269
9289
9308
9332
9359
9381
9402
9422
9447
9470
9489
9508
9534
9556
9584
9609
9633
9659
9684
9706
9725
9744
9774
9790
9809
9828
9852
9880
9906
9932
9954
9974
9995
10009
10028
10052
10063
10077
10099
10120
10146
10158
10182
10199
10223
10247
10266
10275
10290
10307
10323
10349
10365
10387
10406
10428
10446
10461
10474
10495
10520
10545
10567
10588
10610
10630
10650
10669
10688
10706
10737
10759
10782
10802
10816
10841
10870
10894
10913
10944
10964
10986
11002
11027
11054
11077
11095
11115
11135
11157
11180
11203
11221
11240
11260
11282
11309
11333
11351
11375
11391
11406
11427
11449
11480
11497
11523
11543
11567
11586
11605
11630
11648
11669
11692
11719
11745
11762
11785
11802
11827
11842
11862
11880
11906
11937
11962
11979
11997
12014
12039
12070
12098
12111
12134
12152
12169
12185
12201
12220
12235
12254
12270
12292
12312
12335
12351
12377
12400
12422
12437
12456
12477
12497
12514
12540
12559
12583
12612
12641
12656
12676
12702
12734
12761
12784
12808
12837
12863
12883
