31
50
70
92
111
127
155
175
203
234
264
281
306
324
357
376
398
418
443
464
490
512
528
541
552
573
590
614
640
658
685
712
737
757
781
800
826
852
873
891
906
925
950
963
984
1004
1017
1034
1057
1069
1085
1112
1137
1153
1169
1191
1214
1241
1263
1279
1305
1321
1344
1362
1383
1402
1422
1436
1457
1473
1482
1497
1522
1538
1551
1563
1584
1608
1626
1647
1670
1686
1706
1732
1762
1782
1799
1813
1835
1861
1877
1902
1926
1945
1969
1998
2021
2042
2060
2081
2113
2129
2143
2171
2192
2215
2237
2259
2282
2304
2325
2343
2369
2394
2416
2435
2452
2471
2500
2519
2545
2569
2592
2608
2622
2647
2675
2698
2719
2741
2769
2781
2799
2819
2840
2870
2889
2908
2937
2962
2990
3007
3022
3047
3063
3100
3119
3144
3169
3178
3202
3228
3244
3266
3288
3314
3335
3355
3378
3410
3433
3450
3469
3493
3514
3531
3554
3571
3590
3609
3632
3654
3675
3690
3710
3725
3746
3765
3784
3796
3815
3839
3862
3880
3910
3930
3945
3963
3984
4020
4040
4058
4083
4105
4120
4142
4166
4183
4204
4225
4245
4264
4286
4328
4353
4369
4387
4409
4434
4451
4475
4493
4512
4533
4556
4584
4607
4624
4643
4670
4691
4713
4738
4755
4776
4794
4823
4849
4876
4895
4907
4928
4949
4972
4988
5014
5036
5051
5069
5086
5114
5134
5148
5163
5184
5207
5228
5249
5271
5284
5310
5326
5346
5375
5387
5400
5417
5434
5464
5486
5510
5539
5558
5574
5597
5624
5646
5666
5689
5711
5731
5753
5776
5791
5819
5840
5867
5881
5904
5922
5934
5955
5972
5999
6021
6037
6059
6087
6106
6140
6165
6188
6213
6232
6257
6269
6292
6314
6334
6354
6374
6392
6410
6438
6454
6466
6486
6496
6517
6542
6565
6592
6618
6633
6652
6677
6703
6716
6730
6751
6771
6789
6808
6835
6858
6887
6910
6932
6948
6964
6982
6993
7021
7046
7063
7083
7103
7140
7160
7185
7198
7225
7248
7266
7288
7316
7330
7348
7365
7392
7423
7451
7467
7484
7506
7528
7545
7565
7587
7611
7626
7646
7675
7708
7730
7749
7775
7790
7807
7828
7846
7869
7893
7917
7943
7961
7979
7998
8019
8039
8055
8090
8106
8126
8144
8163
8185
8206
8219
8241
8263
8287
8304
8326
8343
8371
8383
8406
8426
8443
8467
8485
8504
8523
8542
8558
8579
8605
8628
8648
8662
8682
8710
8720
8736
8755
8774
8795
8823
8841
8860
8882
8904
8921
8942
8963
8977
8998
9010
9026
9046
9068
9084
9108
9134
9157
9179
9206
9224
9242
9261
9285
9305
9320
9341
9373
9390
9416
9439
9457
9476
9501
9525
9544
9570
9597
9626
9650
9675
9693
9712
9736
9751
9765
9783
9803
9833
9859
9882
9902
9933
9955
9974
10005
10027
10053
10071
10095
10107
10128
10146
10172
10195
10217
10247
10276
10305
10332
10347
10365
10391
10404
10425
10443
10467
10486
10514
10537
10559
10577
10592
10616
10640
10662
10687
10708
10730
10748
10770
10792
10814
10834
10855
10883
10903
10927
10952
10964
10981
11004
11030
11061
11082
11104
11123
11148
11163
11182
11200
11225
11244
11268
11293
11314
11331
11352
11371
11391
11413
11441
11457
11481
11501
11523
11547
11571
11591
11612
11633
11649
11668
11687
11704
11720
11747
11770
11793
11816
11835
11855
11883
11909
11932
11956
11977
12001
12025
12043
12059
12090
12113
12137
12155
12173
12190
12222
12237
12270
12300
12315
12324
12341
12368
12384
12407
12429
12454
12476
12493
12513
12541
12561
12591
12609
12624
12650
12671
12690
12707
12726
