21
40
53
73
89
114
133
154
167
187
216
237
258
280
296
320
351
368
391
411
437
455
487
509
529
540
565
573
592
606
614
634
651
669
686
706
733
745
761
785
810
826
847
872
888
914
931
946
970
988
1010
1023
1045
1062
1084
1113
1136
1151
1168
1196
1215
1227
1243
1261
1273
1300
1321
1341
1361
1389
1411
1434
1452
1475
1492
1510
1536
1561
1583
1598
1619
1644
1664
1692
1710
1737
1753
1773
1793
1810
1838
1859
1876
1890
1909
1925
1942
1969
1992
2014
2035
2051
2069
2088
2110
2126
2155
2172
2198
2211
2231
2251
2264
2281
2302
2321
2343
2363
2383
2411
2431
2459
2493
2513
2535
2552
2580
2602
2626
2649
2665
2691
2709
2739
2756
2777
2799
2824
2838
2857
2879
2904
2925
2949
2971
2992
3014
3037
3054
3082
3101
3116
3131
3152
3169
3191
3207
3234
3262
3277
3296
3320
3337
3365
3389
3407
3436
3457
3475
3493
3521
3547
3565
3585
3607
3623
3649
3665
3684
3702
3734
3761
3780
3801
3821
3839
3853
3877
3888
3910
3937
3952
3965
3986
4006
4031
4055
4073
4092
4116
4140
4153
4167
4188
4217
4246
4266
4290
4303
4317
4349
4368
4385
4410
4437
4463
4480
4500
4518
4542
4560
4586
4597
4619
4642
4666
4682
4702
4722
4740
4761
4781
4796
4817
4847
4873
4896
4918
4937
4964
4992
5012
5030
5052
5080
5097
5123
5139
5164
5185
5208
5227
5247
5269
5293
5315
5339
5363
5385
5408
5428
5451
5475
5498
5516
5539
5552
5570
5582
5607
5635
5659
5687
5714
5740
5758
5785
5805
5827
5844
5872
5894
5910
5931
5953
5976
5997
6014
6033
6052
6073
6100
6127
6146
6173
6191
6218
6236
6253
6282
6309
6330
6353
6378
6401
6429
6451
6473
6501
6520
6541
6562
6578
6601
6624
6640
6654
6672
6702
6725
6749
6775
6798
6818
6843
6866
6891
6912
6932
6962
6985
7003
7030
7042
7058
7077
7097
7122
7147
7163
7185
7201
7219
7242
7256
7277
7294
7313
7333
7356
7384
7406
7431
7460
7481
7507
7526
7541
7566
7586
7600
7617
7642
7664
7686
7715
7732
7755
7776
7800
7821
7853
7876
7897
7911
7932
7953
7976
8005
8015
8035
8050
8064
8085
8111
8133
8155
8174
8192
8215
8231
8253
8270
8294
8320
8340
8356
8380
8400
8423
8441
8455
8481
8508
8521
8543
8556
8579
8603
8627
8652
8660
8678
8693
8704
8724
8748
8759
8778
8800
8819
8838
8860
8879
8902
8921
8945
8962
8979
9003
9031
9051
9062
9090
9110
9128
9157
9179
9200
9214
9231
9250
9278
9291
9315
9341
9364
9385
9407
9426
9447
9461
9489
9506
9527
9543
9561
9583
9605
9629
9652
9678
9699
9730
9747
9761
9783
9806
9828
9855
9876
9904
9918
9939
9959
9974
9992
10013
10029
10053
10069
10094
10109
10127
10150
10180
10207
10240
10253
10282
10302
10321
10336
10356
10367
10397
10424
10441
10450
10473
10489
10513
10535
10559
10582
10601
10622
10635
10656
10677
10702
10730
10750
10774
10796
10817
10844
10866
10886
10908
10931
10952
10967
10987
11009
11033
11056
11081
11101
11123
11147
11162
11185
11202
11218
11237
11267
11282
11302
11317
11342
11354
11376
11407
11433
11444
11463
11478
11496
11512
11529
11550
11575
11594
11619
11643
11670
11695
11713
11733
11757
11784
11809
11824
11846
11865
11887
11907
11941
11967
11988
12008
12031
12051
12070
12094
12113
12130
12156
12179
12202
12216
12237
12255
12278
12290
12303
12326
12345
12370
12387
12410
12435
12452
12478
12495
12513
12533
12556
12573
