1
4
4
8
17
28
35
43
48
56
63
76
88
92
98
104
108
119
124
135
139
143
153
160
169
175
182
191
195
202
202
210
217
219
220
224
229
237
239
237
243
244
255
254
258
256
258
256
260
268
269
269
270
270
275
275
277
279
286
289
287
290
296
296
291
299
304
305
299
295
295
285
289
296
289
288
295
293
295
294
298
299
297
298
293
290
286
287
286
291
291
292
295
295
293
289
293
291
297
297
293
287
281
283
280
272
272
267
274
273
271
273
277
273
267
263
260
258
263
261
262
258
257
259
258
253
250
248
246
236
233
230
230
234
227
227
226
224
221
226
225
226
226
221
210
209
205
201
194
196
197
197
191
194
188
185
190
192
188
192
191
190
183
186
182
177
175
176
173
170
169
167
167
169
167
165
165
160
155
157
156
159
155
155
157
156
158
160
160
155
155
156
157
155
154
160
158
159
161
158
161
162
156
154
155
153
154
151
151
151
152
154
152
153
160
157
157
157
162
159
156
155
154
148
148
145
145
147
144
150
150
149
151
152
151
157
165
167
164
165
165
166
165
165
164
160
155
156
163
161
161
159
158
157
161
164
168
160
156
164
169
172
171
173
173
168
166
167
169
167
167
169
168
174
173
167
162
161
164
166
161
157
158
155
156
159
162
163
161
161
163
157
158
156
157
162
165
167
169
171
166
164
164
164
164
163
167
165
164
166
169
168
168
172
171
167
171
171
173
171
171
172
170
172
176
177
178
182
188
185
182
190
189
188
183
187
185
188
186
183
185
187
195
199
194
196
196
193
191
188
190
192
192
192
192
190
187
188
187
184
179
179
185
180
176
176
174
175
178
172
169
171
174
169
167
161
158
157
155
154
155
155
155
156
153
157
152
147
146
147
141
140
135
136
138
137
135
133
131
129
125
122
124
123
122
122
120
117
113
106
105
101
98
96
92
90
86
84
82
81
80
74
73
69
68
67
65
62
59
54
53
51
50
49
50
47
45
44
44
40
37
36
34
32
32
31
31
32
32
32
31
31
31
30
29
28
27
27
26
26
25
25
24
25
20
18
16
15
15
15
15
15
15
14
13
13
11
11
11
11
11
11
11
11
11
10
10
10
10
10
10
9
8
7
7
7
6
6
6
6
6
6
6
6
6
6
5
4
3
3
3
3
2
2
2
2
2
2
2
2
2
2
2
2
2
2
2
2
2
2
2
2
2
2
2
2
2
2
2
2
2
2
2
2
2
2
2
2
2
2
2
2
2
2
2
2
2
1
1
1
1
1
1
1
1
1
1
1
1
1
1
1
1
1
1
1
1
1
1
1
1
1
1
1
1
1
1
1
1
1
1
1
1
1
1
1
1
1
1
0
