0
2
3
7
13
18
24
36
45
56
64
66
71
80
90
92
96
97
104
110
115
120
123
130
142
147
153
147
142
148
144
142
139
145
146
156
162
158
151
149
145
149
143
136
138
138
139
138
134
144
140
137
139
142
153
154
152
153
150
158
155
153
154
153
145
151
150
149
151
155
155
148
156
159
159
153
153
152
147
147
141
144
142
139
138
139
140
134
128
132
125
123
129
130
125
117
119
118
118
116
119
122
122
119
119
120
120
116
114
115
111
113
114
113
108
107
103
102
105
107
103
103
105
97
96
98
99
98
97
102
99
97
100
99
97
94
90
86
81
81
75
73
71
71
65
61
58
59
58
57
57
59
59
62
60
61
61
61
64
63
60
58
58
59
58
58
53
53
53
53
51
53
52
52
53
56
56
53
54
57
56
59
61
59
57
51
53
53
50
49
54
51
60
60
56
55
59
60
57
59
65
64
65
68
65
66
64
62
61
57
60
59
58
55
56
61
63
60
59
62
61
64
64
61
62
64
67
68
70
71
70
69
68
70
69
73
67
62
64
70
71
80
79
83
80
78
80
80
81
85
82
84
81
86
83
83
80
80
72
71
67
68
70
68
68
69
75
79
81
81
77
78
78
79
80
81
84
86
88
94
86
89
86
90
95
97
99
94
99
95
94
93
98
99
102
102
99
96
92
93
97
93
94
93
94
99
98
94
88
90
91
90
92
93
95
93
99
97
92
85
85
84
84
82
94
95
101
104
103
105
103
109
109
120
125
123
126
124
116
121
126
127
127
123
124
121
127
131
132
131
135
138
132
128
129
127
127
126
121
119
123
123
120
121
121
121
119
117
119
118
112
112
119
121
119
123
124
120
125
122
125
125
118
123
125
119
124
118
118
111
113
120
128
131
131
131
129
130
134
130
134
131
126
129
137
140
137
138
136
139
140
141
135
136
132
128
121
122
124
127
128
136
138
140
142
138
136
135
130
129
137
137
133
131
133
130
126
127
123
122
120
118
124
135
139
137
140
133
131
137
139
140
142
142
134
133
138
138
132
135
137
132
137
134
137
142
143
146
140
144
151
155
152
153
154
147
149
150
147
147
146
144
148
146
145
141
140
145
145
143
139
134
135
137
142
142
130
128
128
128
127
120
111
111
108
105
105
100
98
99
95
98
104
102
99
95
95
91
89
82
90
88
88
88
80
78
75
74
71
70
68
65
70
66
63
61
60
59
55
56
56
55
51
49
50
52
48
54
51
45
47
48
44
43
43
44
39
38
34
35
36
38
37
35
34
33
33
34
32
32
27
26
24
23
22
21
20
19
18
18
13
13
11
10
9
9
10
10
9
9
7
7
7
6
6
4
4
4
4
4
