11
19
33
32
37
45
51
49
54
51
48
43
50
50
55
46
47
48
43
35
35
35
34
34
37
37
40
44
38
34
41
36
33
33
35
34
43
43
45
49
44
47
44
38
42
40
42
44
48
47
52
46
56
50
48
54
54
60
61
61
60
60
63
66
70
78
77
79
80
83
83
89
88
94
94
102
102
110
108
112
116
121
127
135
140
141
143
145
145
151
155
158
166
169
174
181
183
183
186
186
192
188
197
197
200
205
210
215
220
215
216
219
226
232
243
253
257
264
275
280
282
287
291
288
299
305
316
320
325
335
343
348
351
352
362
371
379
392
396
401
400
411
419
424
431
439
449
448
457
464
475
482
487
485
482
493
494
506
509
510
516
520
526
531
540
551
551
559
563
565
573
575
583
591
595
601
603
607
610
621
627
637
647
655
671
678
684
690
699
706
717
725
725
740
744
753
759
766
769
784
789
793
798
812
818
823
833
848
854
856
868
878
888
886
895
900
903
906
913
916
920
919
933
938
945
951
957
963
975
984
993
996
1003
1010
1017
1017
1021
1025
1033
1036
1038
1049
1055
1059
1065
1076
1078
1078
1085
1085
1093
1097
1099
1107
1118
1118
1128
1133
1140
1147
1156
1162
1165
1169
1175
1186
1195
1201
1208
1211
1221
1227
1234
1241
1244
1244
1254
1259
1263
1269
1265
1273
1277
1282
1284
1289
1295
1298
1305
1315
1317
1316
1324
1323
1324
1327
1333
1343
1348
1351
1357
1364
1363
1374
1380
1383
1377
1379
1384
1389
1391
1391
1390
1399
1403
1410
1409
1419
1425
1431
1436
1447
1453
1451
1458
1455
1457
1461
1469
1470
1466
1469
1476
1480
1476
1489
1492
1494
1501
1504
1499
1500
1502
1507
1513
1519
1524
1535
1537
1542
1545
1552
1557
1564
1572
1581
1585
1594
1596
1600
1602
1610
1614
1624
1631
1636
1644
1652
1665
1675
1685
1687
1691
1696
1698
1707
1720
1726
1737
1747
1753
1759
1762
1770
1773
1782
1787
1794
1791
1799
1806
1813
1822
1834
1847
1850
1858
1867
1874
1879
1891
1902
1904
1908
1912
1925
1936
1945
1948
1951
1963
1972
1978
1989
1999
2005
2014
2021
2029
2043
2053
2062
2075
2085
2095
2107
2123
2131
2147
2157
2167
2178
2193
2199
2209
2224
2230
2231
2239
2250
2256
2275
2284
2289
2306
2317
2329
2345
2355
2362
2374
2383
2392
2401
2411
2419
2428
2439
2449
2457
2469
2476
2486
2499
2516
2529
2541
2556
2561
2568
2574
2583
2595
2608
2621
2628
2643
2650
2659
2675
2683
2696
2700
2710
2720
2726
2735
2743
2757
2768
2783
2789
2797
2810
2820
2827
2840
2847
2862
2874
2886
2894
2898
2908
2921
2936
2947
2959
2967
2975
2978
2987
3003
3014
3023
3037
3041
3051
3058
3071
3085
3098
3108
3115
3126
3130
3136
3148
3159
3170
3184
3193
3206
3212
3227
3235
3243
3255
3261
3270
3292
3303
3314
3322
3334
3342
3351
3365
3373
3379
3384
3395
3409
3421
3431
3437
3445
3456
3466
3479
3486
3499
3513
3522
3534
3541
3547
3556
3562
3574
3585
3595
3610
3620
3631
3650
3665
3681
3697
3710
3728
3739
3745
3760
3778
3790
3801
3810
3822
3835
3850
3859
3868
3881
3893
3901
3908
3918
3926
3938
