548
611
690
756
810
897
979
1069
1169
1268
1377
1499
1599
1734
1903
2046
2200
2379
2562
2763
2964
3189
3409
3665
3915
4211
4476
4729
5023
5351
5721
6048
6428
6844
7302
7738
8213
8620
9171
9670
10203
10770
11413
12103
12784
13421
14055
14835
15530
16242
17067
17924
18828
19770
20648
21620
22585
23609
24702
25747
26770
27916
28967
30119
31400
32775
34056
35420
36799
38107
39421
40850
42355
43852
45195
46721
48263
49936
51660
53408
55195
57063
58905
61055
63096
65251
67147
69156
71446
73784
75951
78293
80500
82677
85000
87471
89864
92389
95114
97501
99952
102466
104808
107371
109833
112500
115093
117789
120539
123257
126151
129019
132112
135271
138302
141287
144450
147743
151062
154211
157242
160548
163762
166952
170542
173942
177578
180896
184415
187602
190592
193581
196676
199894
202907
206212
209537
212969
216585
219971
224025
227860
231596
235295
239797
243780
248171
252845
256971
261125
265635
269857
274258
278366
282209
286099
289855
293407
296829
300618
304451
308132
311821
315104
318494
322139
325376
329516
333066
336648
340331
343620
347096
350321
353815
357105
360013
362666
365911
368308
371116
373990
376355
378342
380507
383512
386649
389129
391634
394191
396827
398985
400978
403080
404886
406442
408163
409622
411203
412610
413194
413614
413584
413344
413828
413857
414148
414139
414350
414743
415680
416219
416174
416246
416618
416088
415352
414543
414171
413430
412221
411083
410013
408816
407317
406101
404121
401702
399937
397451
395079
392110
389678
387228
385203
382520
379441
376799
374166
371139
367807
364070
360053
355618
351403
347067
342970
338887
334659
330504
325698
320990
316640
312665
308086
303700
299724
296073
292110
288080
284647
281168
277084
273379
269604
265489
261454
257054
252641
248371
243890
239598
235556
231779
227108
223009
218728
214427
210293
205721
201599
197260
193275
189126
184822
180563
176000
171745
167724
163520
159413
155450
151528
147818
143853
140134
136653
133301
130401
127319
124247
121149
118127
115177
112277
109213
106300
103524
101071
98751
96575
94124
91396
88946
86526
84118
81618
79346
77112
75073
73232
71452
69520
67768
66019
64187
62126
60439
58630
56874
55207
53464
51783
50285
48585
46835
45131
43392
41890
40411
38990
37491
36129
34794
33461
32172
31051
29818
28652
27526
26447
25472
24436
23468
22549
21673
20904
20103
19287
18545
17871
17212
16587
16002
15415
14862
14277
13670
13199
12730
12242
11765
11315
10855
10428
9993
9618
9249
8886
8574
8279
7979
7668
7392
7076
6770
6507
6294
6089
5721
5477
5198
5009
4760
4540
4378
4202
4061
3879
3718
3549
3393
3265
3127
3013
2904
2783
2650
2517
2394
2346
2212
2105
2008
1926
1831
1771
1715
1672
1587
1534
1498
1416
1354
1286
1240
1180
1129
1068
1011
968
908
863
819
772
742
706
675
646
628
597
568
550
535
489
458
437
411
385
368
340
317
300
281
255
255
222
211
207
203
182
170
168
156
146
139
135
124
119
108
93
86
84
84
83
72
72
66
64
61
62
64
67
61
61
61
55
50
38
37
30
30
28
28
24
20
17
16
19
19
18
17
14
18
10
10
10
10
11
11
8
7
6
7
8
7
5
6
7
6
6
6
5
5
4
5
3
3
2
2
1
1
0
0
0
0
0
0
0
0
0
0
0
0
0
0
0
0
0
0
0
0
0
0
0
0
0
0
0
0
0
0
0
0
0
0
0
0
0
0
0
0
0
0
0
0
0
0
0
0
0
0
0
0
0
0
0
0
0
0
0
0
0
0
0
0
0
0
0
0
