552
612
676
738
833
915
1024
1117
1241
1346
1466
1597
1743
1883
2065
2226
2393
2580
2784
2963
3153
3365
3579
3790
4031
4310
4640
4964
5299
5618
5969
6351
6739
7166
7636
8052
8455
8938
9436
9913
10385
10950
11530
12122
12805
13413
14102
14743
15398
16062
16758
17471
18195
18927
19819
20643
21535
22384
23192
24083
25018
26033
27106
28078
28964
29939
30956
32129
33475
34631
35738
37010
38195
39402
40565
41774
43138
44340
45715
47188
48593
49965
51528
52915
54572
56098
57869
59453
61176
62888
64544
66201
67910
69935
71897
73849
75794
77624
79519
81619
83498
85519
87577
89817
92134
94225
96495
98470
100615
102774
104888
107149
109180
111302
113874
116198
118535
120653
123005
125261
127280
129779
131905
134069
136185
138391
140341
142199
144356
146661
148491
150712
152509
154506
156251
158173
159680
161504
163711
165515
167543
169435
171200
172849
174799
176362
177871
179484
180690
182178
183602
184928
186393
188049
189206
190485
191200
191884
192930
193952
194584
195636
196046
196947
197769
198332
199213
199824
200701
201363
202171
203156
204041
204656
205217
205709
206247
207146
207213
207279
207205
207399
207439
207837
208061
208554
208776
209185
208964
209001
209136
208878
209147
208556
208183
207794
207524
206778
206186
205601
204975
204546
203913
203163
202260
201374
200725
199599
198332
197244
196056
194985
193607
192488
190967
189358
187862
186356
185189
183769
182511
181141
179881
178494
177822
176759
175471
174084
172618
171044
169098
167472
165663
164006
161975
160475
158709
157067
155492
153535
151932
150053
148239
146264
144214
142382
140735
138937
137094
135364
133545
131748
129948
128074
126162
124170
122241
120309
118347
116349
114587
112482
110472
108054
106260
104320
102179
100362
98396
96233
93987
91987
90056
88126
86168
84080
82032
80484
78907
77140
75228
73251
71625
70100
68282
66466
64739
63165
61663
60066
58423
56735
55184
53470
52126
50704
49107
47560
46073
44915
43352
41903
40807
39573
38363
37019
35792
34688
33468
32351
31309
30174
29206
28060
27170
26188
25290
24398
23600
22817
21919
21224
20365
19554
18937
18375
17830
17198
16669
16183
15688
15205
14686
14160
13647
13190
12700
12228
11847
11411
10989
10535
10160
9785
9387
9041
8729
8415
8110
7701
7457
7133
6883
6600
6292
5979
5730
5499
5261
5054
4846
4663
4469
4277
4054
3928
3800
3662
3482
3336
3192
3051
2952
2821
2676
2598
2494
2368
2278
2121
2056
1987
1910
1791
1710
1619
1598
1499
1397
1363
1309
1249
1189
1124
1069
1006
956
921
886
849
821
777
744
725
677
647
635
602
579
556
505
489
476
450
418
406
397
382
373
346
325
322
297
286
275
257
248
231
215
200
181
169
149
145
139
129
126
116
117
96
82
65
66
59
60
59
60
59
61
63
62
55
57
56
50
49
40
37
33
33
30
29
24
23
21
19
23
24
23
23
20
17
17
14
14
11
10
8
8
10
11
9
11
11
13
13
11
10
8
7
7
5
3
2
2
2
2
2
1
1
0
0
0
0
0
0
0
0
0
0
0
0
0
0
0
0
0
0
0
0
0
0
0
0
0
0
0
0
0
0
0
0
0
0
0
0
0
0
0
0
0
0
0
0
0
0
0
0
0
0
0
0
0
0
0
0
0
0
0
0
0
0
0
0
0
0
0
0
0
0
0
0
0
0
0
0
0
0
0
0
0
0
0
0
0
0
0
0
0
0
0
0
0
0
0
0
0
0
0
0
