548
609
670
736
814
904
980
1064
1148
1273
1376
1496
1627
1784
1914
2057
2218
2398
2578
2782
3018
3222
3448
3688
3953
4229
4505
4761
5019
5379
5781
6160
6499
6923
7347
7785
8249
8657
9115
9635
10082
10551
11035
11582
12112
12698
13314
14025
14789
15428
16144
16893
17529
18398
19139
19950
20835
21716
22589
23550
24396
25209
26186
27157
28264
29163
30108
31280
32406
33658
34865
36010
37250
38456
39763
41152
42415
43718
44996
46271
47796
49189
50617
52066
53332
54898
56551
57968
59528
61097
62683
64134
65780
67349
68989
70773
72521
73947
75753
77555
79543
81401
83135
85311
87535
89264
91170
93392
95446
97129
98731
100664
102743
104698
106830
108868
111078
112908
114900
116984
119241
121771
124110
126109
128218
130505
132750
135387
137453
139641
141895
144165
146645
149083
151587
154187
156688
159047
161820
164274
166704
169200
171385
173751
176195
178678
181003
183421
185931
188200
190485
192726
194836
196581
198553
200480
202373
204298
205577
207279
208799
210501
212275
213982
215528
217312
219164
220954
222296
223675
225237
226231
227132
227487
228063
228440
228903
229523
229887
230321
230603
230956
230606
230540
230118
229808
229008
228763
228214
227532
227360
226746
225979
225361
224807
224285
223788
223126
222114
221466
220973
220248
219337
218960
218123
217630
216474
215446
214479
213125
211759
210390
208779
207210
205562
204114
202213
200898
199555
197812
196350
194714
193257
191632
190027
187744
186314
184755
182942
181159
179203
176829
175025
173198
171524
169654
167580
165739
163315
161529
159439
157658
155542
153560
151530
149249
146974
144299
142225
139896
137364
135069
132869
130821
128597
126404
124593
122540
120693
118726
116749
114957
113077
110847
108620
106793
104892
103257
101502
99841
98115
96225
94614
93027
91394
89787
88196
86310
84364
82302
80481
78741
77068
75172
73458
71859
70070
68203
66719
65010
63293
61682
59980
58430
56956
55488
54165
52665
51347
50155
48827
47608
46349
45080
43753
42507
41250
40209
39110
38014
36855
35633
34671
33583
32763
31797
30876
30069
29272
28355
27661
27038
26387
25707
24877
24169
23469
22894
22201
21648
20962
20378
19776
19105
18562
17927
17408
16832
16270
15670
15168
14620
14110
13682
13227
12822
12445
12106
11710
11292
10885
10470
10166
9758
9485
9129
8745
8413
8117
7827
7508
7305
7068
6757
6490
6176
5954
5696
5492
5274
5033
4749
4518
4393
4165
3952
3773
3648
3493
3337
3139
2988
2802
2718
2634
2483
2349
2241
2119
2040
1959
1861
1773
1698
1611
1552
1461
1406
1336
1291
1233
1193
1140
1094
1028
1001
958
895
825
776
712
696
675
643
593
575
564
527
504
463
451
441
397
373
337
335
308
307
289
270
262
246
229
217
219
215
203
189
173
162
151
142
141
132
120
111
111
106
97
88
75
68
65
59
62
58
51
52
44
40
38
31
30
29
31
26
21
20
22
18
18
16
18
12
13
15
14
13
14
13
11
9
10
8
8
7
4
3
3
3
3
3
4
3
2
1
1
3
3
3
2
2
2
2
1
1
1
1
0
0
0
0
0
0
0
0
0
0
0
0
0
0
0
0
0
0
0
0
0
0
0
0
0
0
0
0
0
0
0
0
0
0
0
0
0
0
0
0
0
0
0
0
0
0
0
0
0
0
0
0
0
0
0
0
0
0
0
0
0
0
0
0
0
0
0
0
0
0
0
0
0
0
0
0
0
0
0
0
0
0
0
0
0
0
0
0
0
0
0
0
