1000000
958294
918210
879594
842357
806850
772772
740159
708770
678780
650191
622492
596391
571312
547048
523931
501790
480797
460431
441269
422582
404527
387761
371557
355889
341049
326977
313495
300645
288283
276472
265262
254533
244338
234623
225308
216504
208029
199798
191951
184601
177480
170711
164284
158071
152108
146325
141009
135916
131015
126313
121881
117682
113567
109601
105857
102354
98910
95581
92444
89211
86257
83345
80450
77607
75029
72501
70132
67840
65733
63582
61463
59393
57435
55616
53867
52184
50550
49051
47591
46159
44762
43401
42124
40820
39551
38384
37180
36005
34911
33802
32699
31662
30688
29745
28851
27935
27031
26168
25370
24631
23911
23171
22494
21839
21209
20574
20008
19451
18939
18405
17852
17379
16922
16491
16089
15599
15222
14859
14444
14092
13733
13405
13090
12815
12562
12271
11993
11676
11433
11243
11004
10795
10555
10377
10180
9981
9798
9652
9495
9316
9140
9020
8876
8768
8624
8513
8367
8299
8200
8049
7979
7902
7780
7673
7560
7453
7385
7253
7147
7054
7006
6914
6861
6783
6731
6668
6579
6530
6472
6382
6304
6280
6274
6234
6208
6166
6145
6095
6094
6077
6046
6015
6019
6009
5986
5992
5965
5945
5933
5927
5888
5865
5870
5840
5810
5800
5803
5785
5788
5764
5731
5720
5743
5761
5770
5757
5742
5717
5728
5743
5696
5724
5748
5751
5724
5729
5747
5747
5737
5707
5711
5746
5742
5759
5781
5785
5756
5711
5738
5740
5761
5749
5740
5705
5709
5707
5704
5680
5696
5674
5698
5676
5630
5582
5627
5613
5594
5610
5622
5680
5724
5699
5685
5699
5747
5762
5761
5745
5750
5735
5707
5714
5687
5688
5684
5730
5737
5724
5718
5709
5728
5714
5685
5681
5670
5671
5675
5686
5695
5708
5700
5678
5690
5682
5707
5720
5697
5716
5729
5733
5762
5803
5797
5793
5815
5809
5814
5797
5803
5807
5766
5759
5778
5821
5856
5826
5787
5807
5798
5808
5802
5829
5799
5804
5836
5822
5806
5761
5750
5711
5700
5701
5702
5708
5728
5706
5660
5639
5619
5600
5610
5626
5624
5628
5616
5624
5623
5623
5614
5635
5625
5639
5651
5674
5691
5689
5681
5697
5695
5698
5673
5645
5671
5678
5679
5647
5661
5664
5662
5652
5638
5650
5643
5669
5716
5728
5751
5738
5747
5709
5703
5683
5702
5731
5736
5758
5759
5781
5792
5753
5696
5694
5718
5695
5704
5696
5677
5684
5684
5676
5685
5691
5695
5700
5704
5711
5707
5698
5688
5674
5677
5677
5667
5682
5711
5740
5736
5730
5741
5742
5742
5698
5704
5691
5696
5710
5708
5726
5736
5730
5688
5709
5727
5716
5695
5694
5702
5721
5666
5642
5615
5649
5626
5611
5602
5579
5540
5503
5514
5529
5529
5562
5550
5547
5584
5597
5625
5632
5600
5614
5603
5600
5594
5601
5608
5584
5639
5618
5634
5647
5652
5621
5634
5625
5616
5576
5589
5585
5586
5574
5566
5543
5540
5537
5569
5571
5604
5576
5565
5581
5532
5538
5556
5512
5526
5517
5521
5503
5536
5537
5554
5583
5588
5587
5610
5605
5592
5603
5586
5604
5580
5598
5602
5614
5615
5624
5622
5640
5661
5659
5695
5692
5724
5719
5715
5677
5686
5618
5606
5576
5575
5546
5517
5495
5459
5507
5524
5560
5548
5595
5577
5557
5588
5587
5586
5594
5607
5575
5585
5586
5600
5602
5618
5617
5598
5566
5596
5614
5563
5553
5573
5593
5625
5629
5651
5679
5700
5716
5736
5749
5738
5751
5757
5783
5766
5791
5810
5773
5774
5782
5741
5759
5748
5782
5748
5743
5761
5816
5802
5784
5762
5742
5757
5755
5736
5732
5713
5724
5749
5712
5727
5722
5712
5734
5764
5792
5767
5776
5794
5766
