1000000
958279
918003
879805
843243
808002
773912
741641
710368
680408
651301
623988
597541
572441
548488
525471
503097
481906
461622
442300
423802
405963
388970
372615
356732
341934
327673
314309
301278
288734
276774
265493
254532
244236
234304
224889
216041
207444
199295
191608
184012
176959
169963
163363
157219
151223
145491
139986
134771
129725
124970
120400
116065
111779
107741
103851
100221
96682
93379
90196
87166
84346
81496
78689
76094
73467
71001
68679
66459
64276
62260
60298
58368
56530
54814
53098
51465
49904
48398
46959
45560
44159
42742
41517
40198
38963
37807
36638
35466
34431
33332
32215
31194
30256
29286
28352
27455
26654
25769
25001
24262
23453
22800
22094
21485
20886
20293
19730
19144
18562
18018
17475
17043
16556
16116
15726
15240
14801
14453
14081
13695
13381
13051
12714
12435
12086
11813
11596
11338
11171
10884
10658
10443
10186
10027
9854
9723
9580
9394
9293
9133
8970
8823
8641
8494
8354
8207
8090
7998
7918
7792
7701
7601
7526
7433
7341
7297
7202
7137
7040
7007
6906
6869
6781
6759
6685
6674
6650
6628
6576
6501
6449
6382
6325
6284
6299
6248
6219
6201
6179
6140
6153
6145
6124
6104
6083
6091
6057
6086
6028
6047
6048
6013
5999
5940
5941
5919
5945
5925
5917
5901
5923
5915
5907
5878
5870
5862
5881
5900
5875
5849
5810
5817
5801
5801
5833
5819
5841
5821
5829
5813
5785
5765
5800
5851
5857
5795
5759
5750
5724
5718
5736
5763
5724
5699
5672
5659
5652
5639
5639
5649
5648
5655
5667
5625
5628
5635
5647
5624
5611
5588
5624
5649
5634
5644
5625
5591
5526
5525
5570
5577
5567
5586
5575
5537
5572
5569
5545
5536
5554
5527
5551
5553
5573
5554
5548
5555
5557
5503
5514
5511
5487
5456
5471
5467
5476
5493
5465
5466
5469
5475
5460
5480
5519
5508
5510
5456
5448
5432
5426
5432
5412
5421
5410
5410
5424
5420
5443
5477
5487
5463
5456
5465
5476
5500
5499
5486
5444
5455
5479
5447
5450
5433
5442
5417
5459
5471
5498
5503
5508
5500
5487
5533
5511
5489
5514
5553
5568
5573
5604
5592
5617
5625
5626
5616
5617
5600
5647
5647
5630
5638
5654
5651
5664
5691
5690
5672
5715
5676
5684
5701
5673
5681
5697
5718
5688
5686
5717
5681
5659
5617
5636
5672
5661
5658
5659
5669
5649
5662
5661
5669
5673
5646
5663
5663
5659
5684
5670
5647
5669
5687
5674
5661
5664
5705
5692
5721
5729
5720
5724
5708
5655
5666
5693
5715
5705
5714
5704
5718
5766
5791
5756
5778
5806
5771
5766
5750
5746
5704
5680
5671
5686
5681
5658
5664
5638
5654
5641
5633
5605
5622
5629
5624
5638
5651
5643
5652
5649
5645
5632
5663
5654
5667
5695
5693
5706
5680
5691
5662
5671
5674
5673
5669
5629
5638
5658
5662
5667
5655
5692
5668
5659
5643
5649
5668
5644
5634
5656
5672
5640
5609
5601
5603
5612
5611
5635
5655
5627
5653
5659
5683
5660
5673
5655
5675
5654
5644
5668
5666
5685
5677
5683
5706
5680
5685
5657
5659
5649
5699
5708
5687
5667
5664
5617
5639
5635
5644
5648
5611
5594
5590
5573
5564
5594
5582
5598
5579
5587
5614
5661
5650
5638
5625
5577
5604
5590
5618
5623
5639
5645
5657
5660
5682
5706
5698
5709
5699
5692
5699
5692
5659
5594
5579
5587
5598
5615
5594
5582
5649
5607
5591
5607
5580
5582
5586
5583
5613
5617
5643
5646
5642
5604
5612
5610
5593
5601
5603
5594
5605
5594
5620
5598
5594
5607
5610
5655
5665
5662
5680
5681
5701
5721
5701
5700
5708
5702
5714
5695
5705
5726
5719
5725
5726
5714
5701
5691
5676
5665
5670
5691
5707
