1000000
958365
918244
879592
842955
807636
773465
740892
709679
679851
650858
623302
596792
571462
547456
524511
502189
480867
460652
441494
422872
405045
387996
371715
356209
341503
327357
313718
300790
288350
276514
265092
254317
243840
233898
224286
215218
206509
198121
190230
182803
175550
168645
162079
155720
149585
143705
138116
132879
127842
123032
118336
113889
109578
105485
101690
97951
94349
90958
87695
84652
81592
78704
75911
73228
70608
68087
65795
63482
61336
59334
57295
55329
53458
51639
49906
48277
46676
45074
43565
42081
40609
39260
37977
36710
35477
34324
33226
32205
31181
30161
29132
28198
27290
26486
25644
24820
24010
23275
22528
21770
21150
20547
19951
19369
18800
18305
17788
17252
16694
16239
15833
15417
15057
14687
14316
13916
13575
13276
12890
12639
12341
12093
11799
11519
11295
11048
10832
10633
10433
10209
10026
9842
9657
9525
9332
9166
9006
8878
8757
8603
8479
8390
8269
8160
8059
7951
7868
7791
7660
7595
7534
7443
7380
7295
7251
7214
7118
7000
6930
6833
6800
6732
6684
6660
6629
6560
6496
6445
6410
6370
6321
6254
6251
6219
6223
6200
6162
6134
6138
6108
6098
6068
6081
6060
6044
6049
6057
6052
6030
6018
6008
5977
5955
5928
5940
5910
5889
5920
5950
5912
5902
5877
5880
5887
5933
5899
5889
5886
5862
5841
5840
5837
5859
5843
5839
5837
5835
5805
5779
5741
5723
5729
5776
5772
5788
5803
5801
5818
5803
5802
5770
5759
5741
5748
5761
5737
5722
5734
5732
5765
5758
5761
5755
5756
5758
5743
5755
5741
5725
5747
5744
5750
5751
5760
5783
5760
5737
5732
5747
5718
5721
5727
5693
5641
5670
5666
5666
5653
5627
5619
5617
5613
5612
5604
5613
5608
5580
5565
5566
5601
5602
5596
5596
5589
5560
5530
5560
5560
5548
5558
5621
5601
5597
5609
5630
5605
5630
5653
5648
5645
5638
5604
5594
5571
5587
5604
5592
5608
5623
5640
5607
5597
5603
5621
5636
5659
5680
5699
5657
5658
5649
5626
5609
5614
5604
5613
5611
5639
5619
5637
5667
5665
5674
5692
5700
5671
5724
5754
5781
5782
5797
5749
5763
5748
5746
5751
5773
5748
5748
5771
5770
5775
5820
5835
5822
5844
5803
5823
5832
5808
5762
5770
5785
5795
5773
5781
5785
5784
5751
5735
5730
5731
5779
5783
5754
5707
5687
5643
5627
5625
5665
5652
5640
5594
5589
5588
5627
5583
5580
5573
5578
5563
5597
5596
5625
5654
5660
5651
5669
5654
5653
5686
5649
5677
5671
5688
5672
5712
5715
5710
5702
5712
5697
5678
5630
5602
5629
5628
5658
5670
5682
5660
5629
5604
5638
5647
5643
5664
5643
5652
5680
5663
5664
5642
5656
5658
5643
5676
5669
5651
5627
5628
5628
5605
5586
5599
5596
5573
5604
5600
5605
5589
5556
5523
5541
5524
5515
5509
5523
5540
5560
5566
5583
5628
5631
5659
5654
5636
5656
5647
5629
5639
5626
5630
5631
5618
5638
5663
5654
5687
5706
5677
5699
5636
5621
5575
5583
5573
5604
5616
5606
5586
5581
5625
5647
5627
5633
5623
5599
5581
5574
5578
5561
5584
5576
5594
5608
5591
5578
5537
5516
5557
5572
5564
5552
5567
5598
5574
5539
5541
5557
5517
5537
5520
5567
5576
5597
5644
5647
5654
5687
5726
5748
5777
5803
5796
5796
5807
5793
5786
5781
5764
5762
5761
5741
5719
5731
5714
5712
5702
5704
5705
5714
5717
5725
5699
5695
5728
5745
5739
5744
5740
5784
5786
5795
5769
5762
5774
5762
5766
5768
5811
5779
5801
5793
5831
5836
5849
5830
5820
5811
5824
5840
5818
5811
5787
5780
5774
5744
5723
5709
5712
5693
5668
5679
5709
5737
5755
5780
5736
