1000000
958593
918779
880177
843040
807514
773298
740817
709491
679746
650866
623332
596838
571608
547688
524544
502335
481069
460392
440807
422366
404506
387711
371324
355765
340934
326788
313397
300343
287888
275905
264580
253758
243442
233514
224036
215052
206423
198108
190346
182748
175424
168494
161828
155577
149580
143932
138459
133142
128159
123324
118682
114265
109967
105927
102100
98399
94909
91478
88214
85023
81938
79072
76331
73705
71111
68645
66295
63985
61740
59683
57627
55640
53775
52017
50346
48691
47095
45528
44008
42574
41265
39954
38570
37344
36017
34843
33720
32615
31593
30563
29638
28688
27779
26958
26108
25348
24593
23863
23082
22341
21604
20936
20328
19712
19143
18629
18059
17584
17100
16631
16192
15779
15406
15030
14621
14233
13910
13573
13228
12883
12534
12281
12057
11774
11511
11257
11021
10752
10525
10323
10116
9915
9747
9581
9430
9237
9086
8915
8740
8595
8472
8362
8228
8092
7973
7883
7803
7696
7628
7543
7477
7383
7283
7183
7122
7058
6952
6901
6837
6745
6675
6647
6557
6523
6492
6448
6388
6354
6312
6301
6266
6235
6223
6203
6214
6202
6187
6182
6173
6183
6158
6127
6114
6129
6124
6118
6085
6101
6085
6062
6014
5970
5932
5914
5897
5874
5845
5806
5824
5819
5833
5823
5825
5853
5830
5831
5834
5830
5822
5830
5805
5769
5718
5703
5671
5687
5725
5683
5652
5646
5623
5679
5633
5639
5609
5590
5615
5640
5610
5580
5535
5530
5576
5587
5597
5609
5642
5630
5624
5683
5737
5766
5766
5738
5737
5764
5739
5779
5769
5780
5749
5792
5791
5765
5762
5765
5760
5773
5766
5762
5734
5747
5766
5774
5765
5761
5776
5756
5785
5784
5801
5819
5800
5781
5771
5746
5759
5770
5772
5751
5714
5713
5709
5730
5764
5716
5702
5686
5647
5648
5622
5670
5656
5661
5682
5682
5712
5721
5720
5725
5729
5751
5713
5731
5735
5708
5723
5724
5761
5756
5734
5695
5696
5663
5652
5622
5614
5633
5627
5637
5658
5705
5680
5676
5640
5653
5676
5691
5729
5718
5703
5702
5686
5665
5668
5624
5638
5664
5659
5684
5699
5696
5693
5713
5694
5702
5682
5704
5678
5671
5696
5739
5734
5714
5719
5705
5702
5659
5699
5664
5683
5699
5710
5717
5736
5712
5727
5709
5711
5666
5614
5624
5622
5667
5695
5697
5704
5667
5633
5630
5618
5684
5643
5646
5639
5616
5577
5561
5545
5549
5567
5567
5592
5559
5595
5612
5610
5575
5566
5588
5583
5629
5627
5570
5579
5596
5612
5599
5570
5582
5596
5604
5563
5600
5620
5673
5645
5653
5701
5700
5679
5697
5696
5666
5663
5651
5660
5668
5663
5655
5686
5707
5685
5681
5671
5675
5667
5637
5631
5602
5636
5638
5656
5706
5735
5745
5726
5750
5725
5736
5728
5723
5733
5701
5675
5666
5678
5669
5688
5717
5724
5744
5736
5769
5761
5736
5757
5761
5737
5747
5711
5747
5742
5750
5759
5734
5722
5715
5728
5736
5746
5751
5736
5727
5707
5696
5725
5719
5675
5664
5691
5705
5686
5675
5680
5640
5640
5668
5660
5661
5677
5652
5671
5675
5667
5653
5623
5646
5615
5623
5655
5689
5666
5649
5642
5656
5690
5681
5670
5679
5717
5742
5721
5722
5744
5735
5731
5735
5703
5720
5753
5766
5765
5751
5750
5746
5739
5741
5744
5732
5739
5702
5731
5737
5728
5707
5713
5678
5671
5639
5636
5634
5636
5668
5697
5692
5684
5704
5695
5710
5702
5743
5720
5742
5727
5746
5744
5776
5743
5777
5766
5755
5761
5766
5764
5734
5714
5683
5677
5674
5657
5636
5611
5654
5632
5603
5624
5659
5654
5607
5621
5625
5633
5672
5712
5723
5743
5743
5753
5761
