0
36559
63167
81983
95229
103781
109210
112287
113329
112917
111166
109267
106404
103459
100501
97148
93926
90435
87023
83361
79890
76940
73684
70643
67792
64772
61904
59333
56659
54322
51976
49560
47346
45341
43341
41530
39656
37999
36273
34738
33281
31891
30328
29059
27865
26695
25510
24430
23302
22326
21462
20617
19671
18837
18116
17361
16426
15708
15074
14432
14033
13481
13044
12729
12388
11862
11483
11055
10677
10226
9849
9647
9397
9083
8742
8406
8163
7842
7433
7193
7016
6781
6665
6407
6183
6058
5850
5727
5596
5441
5343
5308
5185
5030
4861
4697
4567
4478
4328
4204
4054
3937
3933
3768
3643
3553
3517
3372
3243
3113
3036
2992
2933
2868
2793
2712
2708
2624
2593
2540
2488
2431
2326
2289
2194
2129
2087
2041
2067
2003
1893
1904
1899
1861
1796
1744
1713
1719
1677
1638
1631
1619
1583
1534
1469
1485
1470
1469
1416
1396
1422
1393
1359
1349
1353
1344
1363
1346
1300
1291
1268
1247
1260
1242
1248
1230
1227
1240
1210
1174
1149
1146
1119
1079
1108
1096
1082
1070
1055
1031
1024
1025
1036
1005
1017
1005
995
981
1003
996
965
964
989
947
977
984
980
974
956
986
1005
1002
1008
986
996
974
949
966
982
966
990
980
993
979
988
976
981
934
949
939
960
942
922
905
920
886
896
872
918
938
892
930
958
940
938
926
932
955
966
929
948
918
922
950
948
932
960
961
958
908
867
844
854
878
889
879
899
920
912
931
927
949
940
929
932
914
895
880
926
920
934
923
944
958
967
927
942
944
940
940
930
948
954
959
941
921
883
900
892
880
881
851
852
859
887
865
917
951
963
936
928
903
903
900
922
927
958
948
955
925
913
929
940
974
936
924
909
922
955
965
1005
974
964
961
942
934
947
954
987
989
975
963
927
924
906
911
894
898
902
899
895
901
944
908
937
920
938
923
927
920
914
942
940
920
969
948
953
947
940
920
943
911
892
900
910
890
875
912
942
916
955
961
979
978
967
975
981
978
950
982
965
987
967
966
959
960
972
991
976
955
930
918
936
931
958
964
951
962
956
960
953
946
945
991
949
949
927
907
926
934
899
885
929
928
949
943
941
934
917
919
900
911
881
875
894
942
962
915
910
934
940
952
939
941
942
960
982
996
966
914
879
905
887
905
905
866
850
869
873
914
905
931
943
945
913
925
916
884
884
887
862
887
903
918
911
909
914
900
898
934
949
913
920
906
939
878
867
847
859
868
856
890
880
875
896
901
904
862
858
880
874
878
876
895
896
878
894
904
902
913
917
918
937
930
951
958
929
920
922
910
938
910
889
887
899
897
903
909
954
986
982
979
967
961
975
977
916
893
880
886
894
926
892
855
875
882
907
911
933
919
910
925
903
908
917
906
936
898
879
925
921
925
917
889
885
898
900
887
901
882
891
905
938
948
939
943
914
919
971
984
973
1024
1012
1000
952
966
942
906
932
957
1001
997
981
978
989
995
995
995
965
937
964
934
934
939
914
894
889
919
901
890
897
