0
36426
62823
81970
94947
103555
108931
111761
112746
112593
111214
109199
106703
103681
100341
96938
93643
90462
86824
83231
80049
76865
73911
70922
68095
64848
62287
59897
57087
54755
52398
50144
47960
45819
44009
42212
40406
38660
36878
35240
33787
32325
30944
29557
28336
27396
26246
25228
23915
22793
21779
20900
20090
19256
18497
17606
16985
16266
15640
15013
14276
13832
13388
12809
12335
12041
11611
11116
10730
10331
9909
9565
9279
8973
8656
8380
8004
7808
7664
7366
7118
6915
6702
6482
6289
6156
5925
5682
5480
5297
5173
5058
4901
4718
4539
4469
4324
4217
4115
4007
3941
3670
3600
3521
3448
3300
3128
3079
3010
3000
2884
2772
2679
2586
2516
2471
2464
2401
2329
2329
2238
2170
2100
2072
2045
1990
1967
1879
1808
1795
1741
1673
1657
1655
1581
1603
1579
1533
1486
1541
1545
1489
1435
1441
1414
1396
1360
1320
1284
1266
1274
1280
1276
1236
1250
1190
1154
1211
1250
1248
1249
1218
1218
1184
1109
1075
1073
1099
1080
1062
1071
1043
1062
1038
1013
1007
1034
1012
1024
1012
1008
995
999
971
971
982
979
978
1002
1021
1010
1002
1019
1019
1022
1004
1030
1011
988
967
1000
994
990
978
973
910
910
901
930
903
951
958
969
934
941
939
932
950
959
947
968
965
954
928
939
883
830
845
848
873
904
964
972
959
959
910
957
911
905
920
891
909
922
919
913
903
885
878
916
915
901
906
915
897
901
915
935
925
921
892
887
904
912
927
911
910
916
933
904
922
954
961
952
953
954
948
934
930
943
958
898
901
888
894
902
902
919
907
916
899
886
863
908
930
921
892
921
891
912
894
914
914
935
938
953
919
903
930
923
898
878
886
867
883
868
868
846
890
889
942
920
928
951
949
930
925
898
913
898
923
919
903
881
893
910
885
924
913
915
921
908
888
926
913
960
952
938
910
939
917
923
916
932
933
955
965
935
968
954
933
972
1003
969
952
947
961
964
993
987
990
975
952
964
904
896
914
958
956
972
965
969
938
964
977
965
965
953
934
962
966
954
965
936
931
940
912
904
898
917
906
901
924
914
939
908
867
885
917
905
884
903
894
911
919
897
919
955
921
928
919
897
878
879
887
897
894
896
893
887
928
929
901
905
894
895
926
936
940
932
921
936
945
944
931
937
932
907
943
946
915
934
952
937
931
938
946
946
948
943
935
954
913
894
900
874
900
885
888
874
873
860
893
911
936
905
931
941
917
909
903
890
896
914
937
968
991
965
944
941
938
943
966
985
965
943
928
945
914
946
937
918
920
913
925
929
909
861
886
881
880
902
937
882
887
889
905
896
903
917
893
900
876
882
909
912
913
928
934
903
936
921
894
881
893
904
867
886
903
908
912
915
932
956
952
948
957
968
964
987
970
989
972
980
943
936
993
1002
984
959
965
962
971
964
916
906
915
928
918
919
903
883
902
921
929
933
961
961
951
943
942
908
906
906
890
912
937
948
959
943
966
969
946
930
937
951
927
918
885
880
886
893
