0
36329
62666
81603
94978
103496
109168
112047
113223
112727
111650
109486
107109
104022
100610
97191
93606
90307
87198
83716
80117
76969
73734
70940
67966
65151
62315
59548
56932
54645
52323
50127
48017
45991
44234
42299
40306
38599
37012
35340
33735
32229
30942
29572
28235
27012
25918
24792
23838
22748
21697
20893
20051
19124
18277
17465
16797
16053
15560
14899
14422
13885
13404
12815
12266
11811
11408
10998
10537
10200
9840
9536
9292
8902
8529
8209
7893
7678
7529
7239
6991
6685
6417
6350
6137
6050
5816
5656
5402
5333
5173
4974
4800
4645
4403
4324
4168
4067
3919
3912
3839
3809
3678
3538
3424
3320
3270
3171
3052
2988
2902
2806
2704
2617
2572
2555
2497
2373
2318
2325
2299
2257
2144
2063
2018
2000
1931
1928
1937
1855
1831
1804
1760
1737
1658
1602
1633
1569
1538
1562
1550
1514
1469
1457
1438
1434
1401
1379
1369
1329
1323
1274
1274
1270
1244
1246
1241
1227
1247
1231
1223
1211
1184
1163
1129
1075
1086
1099
1080
1119
1112
1087
1113
1066
1066
1003
1033
1012
983
973
956
953
942
961
950
923
946
970
974
970
981
1013
1030
1017
1002
994
994
963
928
939
930
938
934
961
933
953
938
916
927
917
926
963
976
990
983
960
938
942
950
957
968
948
922
940
967
962
968
939
942
931
910
915
912
866
854
883
885
877
895
920
907
908
891
884
955
966
918
903
866
863
858
914
914
919
930
944
940
928
953
937
936
944
931
910
915
933
951
956
949
937
908
921
913
915
923
914
960
948
930
915
945
957
940
924
913
895
906
925
927
945
967
993
984
975
968
974
958
950
951
977
966
962
913
936
934
942
927
941
899
921
913
929
952
923
960
943
956
969
934
930
932
918
930
947
925
936
921
901
900
875
895
911
918
918
925
918
931
952
919
935
931
912
901
891
912
952
964
945
943
974
962
929
913
917
940
934
921
906
938
918
944
921
913
916
912
945
949
956
964
947
975
988
989
985
971
948
945
978
982
958
983
972
917
949
957
953
940
952
935
933
922
893
913
878
911
904
906
929
941
959
899
918
922
904
898
888
882
890
918
975
946
912
918
949
926
917
879
871
891
884
898
919
912
910
938
960
961
937
914
944
942
923
912
931
913
873
902
902
929
930
935
890
900
861
860
863
873
881
874
919
937
962
905
909
926
927
941
921
920
913
904
895
895
886
890
925
947
940
947
920
929
913
894
886
917
921
955
996
997
945
917
918
947
942
937
966
973
966
933
948
931
932
916
923
921
924
908
894
893
906
897
901
943
904
908
928
943
972
976
970
953
955
915
945
968
928
925
911
906
915
906
883
859
913
936
942
930
924
893
923
903
885
886
851
890
907
923
923
915
915
931
888
922
886
917
906
918
948
973
956
955
960
947
934
907
913
913
898
900
924
947
940
878
880
896
917
922
914
939
960
933
897
867
879
887
896
928
910
920
926
919
917
928
942
928
937
962
896
867
883
908
915
900
922
908
879
863
853
874
909
907
