0
36803
63214
81805
95162
103730
108990
111894
113087
112319
111273
109317
106560
103711
100444
96776
93709
90132
86579
83398
80206
77075
73846
70907
67763
65057
62485
59777
57284
54956
52551
50743
48220
45963
44119
41892
40011
38234
36505
34733
33177
31636
30231
28914
27634
26434
25287
24084
22982
21922
20967
20073
19390
18648
17796
17193
16571
15667
15044
14398
13964
13347
12954
12503
12040
11639
11158
10728
10411
10094
9879
9651
9426
9073
8854
8488
8134
7819
7607
7416
7198
6886
6716
6602
6326
6231
6133
5991
5855
5686
5471
5364
5254
5088
4891
4733
4631
4459
4370
4210
4118
4097
3995
3903
3818
3692
3683
3635
3523
3400
3275
3182
3102
2989
2901
2807
2684
2580
2473
2479
2334
2284
2290
2223
2206
2180
2127
2094
2054
2021
1970
1892
1869
1836
1791
1764
1730
1707
1692
1720
1654
1620
1570
1503
1512
1495
1497
1479
1397
1390
1383
1332
1345
1342
1296
1285
1275
1275
1253
1219
1195
1223
1160
1159
1125
1114
1178
1154
1130
1134
1112
1099
1099
1094
1084
1080
1038
1068
1042
1062
1016
999
985
975
987
993
1028
1005
1042
1026
997
1002
1012
966
973
941
938
928
935
923
963
972
972
980
954
922
941
932
938
888
933
895
962
927
953
957
976
965
969
980
954
967
960
946
925
927
921
889
902
901
917
934
937
942
956
938
925
952
959
953
931
969
933
935
914
935
910
881
879
891
916
914
934
926
905
917
918
933
876
907
895
884
944
916
905
921
950
965
910
938
918
937
943
943
963
944
941
925
959
964
980
980
968
957
939
922
901
913
909
938
938
938
946
988
981
968
958
989
974
947
950
967
953
957
931
932
904
930
946
916
915
936
925
883
899
876
899
929
910
917
912
907
898
898
911
893
884
887
895
913
910
939
922
894
883
903
940
933
942
959
932
904
885
903
921
934
927
936
938
921
959
952
965
940
943
958
943
944
939
918
898
918
911
887
905
922
907
918
922
926
891
881
892
882
885
916
943
915
879
861
883
891
913
882
871
865
847
836
867
872
888
924
918
924
910
916
933
891
897
920
924
940
957
916
910
904
929
985
962
938
957
950
954
935
937
952
944
925
931
906
903
903
877
880
858
849
879
851
881
859
859
846
871
873
879
838
859
899
890
901
915
895
923
939
934
930
923
918
920
940
937
918
926
929
952
940
967
981
978
960
928
905
904
936
933
930
962
976
984
968
962
956
979
982
988
952
988
968
962
977
952
989
973
952
923
926
933
899
918
922
914
895
895
904
896
932
922
926
925
935
914
887
865
878
909
895
887
898
922
913
930
924
914
926
921
915
925
963
976
977
966
1002
991
977
971
969
958
937
906
886
894
868
887
932
910
909
925
914
949
942
923
904
882
900
923
903
931
956
949
932
929
915
940
955
950
957
928
882
916
928
929
922
921
978
982
996
966
959
951
953
920
921
957
964
939
904
903
894
895
900
866
880
882
896
918
900
902
926
949
910
897
933
923
932
945
916
896
879
892
901
906
