0
36270
62676
81879
94938
103787
109305
112235
113064
112835
111476
109416
106976
104100
101031
97724
94282
90947
87416
83935
80569
77235
73584
70740
67848
64756
62393
59800
57173
54783
52386
50266
48081
45959
43970
42018
40151
38448
36558
35077
33246
31707
30404
29230
28011
26615
25472
24466
23469
22466
21683
20921
20104
19114
18275
17633
16868
16211
15611
15040
14400
13857
13295
12828
12455
11889
11403
11030
10581
10249
9676
9258
8961
8823
8538
8189
7874
7661
7448
7219
6965
6787
6631
6480
6334
6099
5951
5756
5589
5384
5227
5074
4990
4786
4591
4406
4328
4248
4139
4095
3956
3860
3757
3605
3519
3402
3268
3234
3125
3009
2916
2848
2844
2813
2709
2647
2577
2524
2428
2393
2320
2254
2220
2143
2096
2052
2049
1983
1949
1900
1873
1819
1780
1741
1683
1645
1624
1573
1538
1516
1526
1453
1402
1394
1374
1400
1319
1332
1317
1301
1276
1269
1261
1267
1253
1232
1210
1249
1211
1180
1180
1148
1152
1151
1137
1092
1076
1064
1097
1128
1070
1095
1109
1127
1068
1092
1062
1032
1028
1046
1076
1084
1072
1051
1041
1027
1014
1019
1019
984
946
966
947
935
959
953
954
980
943
946
948
947
989
1012
1015
1019
1006
990
979
945
921
924
913
935
955
993
968
955
979
969
959
934
906
904
927
958
959
948
940
910
973
952
971
928
922
956
970
974
959
969
976
986
990
975
946
930
936
911
890
875
916
919
916
900
876
899
911
951
912
919
893
908
942
944
933
929
937
950
949
938
931
940
974
956
965
981
956
953
979
970
955
949
930
921
957
938
946
918
898
950
929
928
905
894
911
904
912
932
943
982
993
963
950
967
963
975
939
959
917
936
927
920
892
898
917
909
934
903
896
906
935
952
953
983
973
978
925
908
932
955
945
949
962
954
915
912
918
929
885
855
874
904
917
948
935
958
1007
979
976
979
977
941
935
933
939
916
921
907
912
901
905
905
886
898
887
888
873
869
913
903
923
877
888
915
908
899
904
913
914
894
905
917
947
964
942
943
933
973
945
965
984
968
977
933
938
945
947
946
938
924
922
954
956
950
955
923
902
922
896
922
917
927
923
933
890
838
839
840
858
869
908
930
930
924
915
913
909
913
897
902
923
947
946
925
923
928
957
944
980
958
936
936
934
897
916
902
904
910
918
908
894
891
867
888
896
933
925
918
938
964
928
906
904
935
934
935
943
957
945
923
928
897
892
887
893
931
935
960
949
956
957
957
949
927
937
906
928
929
913
908
919
922
900
912
907
916
928
916
899
954
953
931
963
947
966
982
979
994
983
970
974
968
953
943
961
942
928
922
895
892
856
883
897
911
906
899
895
916
906
903
927
938
925
930
904
903
888
902
899
896
881
884
886
922
918
918
947
976
956
953
944
940
938
945
954
951
967
969
956
916
900
901
915
919
925
922
893
888
914
892
896
926
934
966
948
949
960
964
951
971
954
964
951
948
966
962
987
963
956
969
965
966
934
940
966
951
947
925
929
952
933
