0
36783
62959
82278
95121
103553
108860
111849
113066
112972
111608
109414
106821
103541
100298
97159
93624
90481
87225
83564
80321
77219
74108
71178
68432
65611
62786
59958
57677
55163
52550
50270
48015
46030
44007
42382
40596
38693
36972
35385
33849
32279
30695
29608
28310
27215
26208
25140
23958
22860
21991
20960
20160
19380
18379
17699
17074
16339
15713
14988
14544
14004
13375
13054
12622
12026
11541
11078
10624
10285
9867
9522
9292
9008
8798
8405
8072
7843
7574
7353
7146
6883
6625
6366
6159
5953
5713
5549
5370
5120
4867
4730
4600
4437
4245
4146
3987
3932
3797
3669
3579
3465
3438
3351
3254
3140
3051
3010
2978
2954
2803
2698
2604
2510
2450
2400
2332
2289
2253
2171
2123
2076
2023
1982
1930
1893
1867
1801
1771
1775
1763
1681
1685
1607
1564
1569
1563
1528
1499
1479
1432
1439
1419
1392
1416
1396
1385
1359
1328
1293
1321
1261
1282
1245
1210
1213
1164
1157
1138
1114
1106
1119
1079
1089
1093
1087
1070
1082
1092
1076
1103
1080
1035
1007
992
1002
1013
1012
1025
1002
1030
994
1027
1011
1049
1047
1038
1018
1013
971
963
978
950
929
977
975
981
988
985
1015
1005
961
981
990
995
979
982
967
949
950
969
941
930
950
970
975
967
921
918
897
910
910
930
891
892
897
916
913
914
925
943
1003
977
987
969
949
925
947
951
940
927
887
945
940
912
950
990
960
964
941
915
898
899
931
951
974
964
970
929
916
907
897
888
901
920
959
1000
1017
980
974
955
959
943
938
953
942
940
954
962
961
956
954
905
894
874
898
925
960
1000
962
959
939
955
965
923
925
933
924
957
957
975
933
934
908
945
932
916
921
911
874
872
878
926
892
925
908
908
881
882
886
915
894
892
870
832
877
878
900
853
859
841
812
874
893
891
934
937
971
948
991
975
980
933
919
930
919
893
899
924
938
914
903
920
908
922
949
898
867
887
911
909
910
903
894
932
910
899
904
912
895
890
893
905
932
945
917
972
925
904
903
912
908
903
898
950
941
963
959
944
935
931
904
909
888
884
861
866
904
900
907
919
926
911
925
928
904
874
901
884
882
882
912
932
935
945
921
905
896
932
935
906
943
969
941
974
967
957
951
960
948
909
888
914
913
909
886
929
921
925
924
918
927
932
951
943
958
951
982
968
962
986
965
943
956
919
907
910
933
886
932
877
899
922
932
900
902
919
908
935
918
913
925
935
919
917
931
960
946
964
969
968
987
983
984
979
948
951
932
939
918
953
931
924
948
932
967
971
984
991
952
913
905
904
910
933
916
934
937
946
953
955
938
949
959
955
977
919
889
863
890
915
889
919
932
889
885
887
896
902
882
935
960
987
966
935
943
922
938
948
932
923
916
902
900
887
890
882
894
891
925
927
921
922
902
910
905
929
902
901
893
880
881
922
915
899
903
928
940
903
877
901
919
937
933
919
914
921
919
942
927
946
945
955
942
937
956
954
940
932
951
916
930
923
905
887
849
839
855
888
907
917
