0
49492
20958
13089
10347
8799
8069
7810
7460
7641
7551
7723
7797
8060
8234
8715
8831
9179
9641
10193
10709
11139
11980
12626
13519
14082
14932
15920
16864
18046
19258
20489
22183
23415
25072
26769
28776
30820
33044
35234
36973
39244
40734
43272
45927
48018
50083
52596
55101
57897
60510
63123
66120
68384
71727
75741
78308
81041
82589
84494
87039
89367
91544
93354
95846
97833
100132
102784
104978
106705
108816
111860
113108
115227
117351
120225
122174
124742
127549
130383
131896
133486
135235
137545
141089
143173
144425
145992
147275
148821
149703
149613
150429
152114
153913
155701
157103
158481
159905
161938
163443
164932
166594
167802
169273
170489
170586
171906
173656
175597
176900
178259
178460
179699
180933
182206
182462
183128
182036
181981
182240
182954
184767
186219
187392
188618
189579
190741
189818
189533
190276
192211
192404
192203
191934
192370
193336
193276
193188
192721
193053
192714
192508
192549
193472
194074
193369
192785
192419
193195
193090
192276
192298
191893
191446
190509
189223
188789
188971
188768
188139
188287
187904
187453
187527
187178
187062
186682
186167
186854
187076
187618
188037
188789
189000
189149
189012
189052
189506
189659
190301
190467
190065
190498
190995
190587
190739
191118
191268
191269
191678
191713
191259
190864
191197
190797
190158
190493
190901
190081
189687
189459
188647
188718
188685
189125
190376
190267
190226
189546
189137
189208
189312
189030
188881
188791
188749
189372
189669
189568
190199
190656
191067
191796
191883
192187
192862
193229
192818
191973
191988
191903
190581
190654
190053
190516
190843
190614
189968
190037
190201
190905
190725
190933
190606
190546
190117
189624
189517
189901
191616
193378
194109
194020
193892
193529
192854
192231
191344
191240
191080
190827
190621
190311
190366
190763
191251
192116
191897
191651
191001
190575
190837
189715
189679
190265
190126
190411
190581
190148
190372
189913
189556
189727
189531
190154
191334
191940
191930
192317
192590
193036
193816
193869
193526
193343
192520
191174
189639
189684
190108
190878
191575
192036
191720
191487
191173
189891
190088
190537
191045
190705
190635
189804
189517
190265
190467
191153
190626
189533
188529
188195
188302
188621
188840
189365
189842
189300
188852
188455
188548
189097
189424
190521
190827
191744
191884
192357
192171
191847
192082
192461
191272
190701
190817
190494
190660
190771
191220
190876
191012
190954
190275
190422
190340
189869
189910
189775
190303
190368
189962
190390
190937
191783
191719
191971
192493
192359
191460
190964
190296
189876
190061
188616
188302
188661
188403
188298
188873
188079
188968
188584
188911
188901
189252
189178
188430
188415
188025
188890
190051
190930
190798
191295
190738
189901
189472
189676
189768
189528
189206
189573
189799
189243
189078
189812
190602
191001
191176
191319
191567
192586
192290
191779
190639
190762
191182
191101
190869
191019
191474
191879
192857
193116
193522
192885
191661
191162
191815
191944
191475
191337
190957
191503
191540
190904
190840
190312
189696
190703
192486
193562
193775
194378
194006
194623
195862
196312
195794
195408
194723
193445
192943
192730
193613
193692
193616
194180
195142
195545
196358
196136
196008
195461
195241
195635
195305
195185
195477
195735
195256
195312
195754
196335
196721
197303
198034
199246
199744
200206
200335
199673
199536
199626
199679
199830
199728
199976
200741
201116
201439
201983
201940
202014
201580
201652
202231
202095
202163
202354
202007
202182
202023
201789
201479
201568
201902
202807
203370
203626
203644
204065
204869
205013
205297
205447
206052
206356
206234
205482
204160
204069
204093
204040
204745
204565
205271
206249
207169
207842
208564
208294
207788
208441
208689
209002
208698
208924
209054
208775
208508
208752
209048
209156
209239
209363
209478
209312
209734
210128
209463
209703
209943
210675
210550
210678
210785
211217
211179
211222
211808
211349
211184
209901
209741
210050
209994
210519
210359
209799
209562
208442
208504
208003
208677
209569
210128
210600
210412
210353
210121
209346
209447
209349
208948
209149
209160
209021
209334
210196
210119
210396
210380
210977
210934
211483
212023
212110
212135
212482
212875
