0
50128
20727
13166
10477
8827
8089
7682
7681
7326
7508
7597
7835
7790
8043
8338
8752
9055
9553
9842
10431
10670
11549
12058
12443
13222
13948
14935
15830
16927
17737
18518
20005
21454
22914
24657
26280
28004
29750
31695
33427
35616
37497
39585
42123
44730
46625
48967
51090
53474
55830
57083
60637
63817
66744
69606
71981
74580
77279
79115
80914
84773
87545
90111
91339
94017
96975
100201
102664
104371
107037
110155
112600
114174
115729
118099
119583
121938
124068
126612
128684
131055
132831
133425
133954
135139
137230
139885
141921
143257
145008
147377
148171
149622
150552
152503
153657
155098
156272
156653
158436
160286
161820
163226
163541
164483
164596
165450
167575
169886
171960
173555
174374
174122
174487
174793
175099
176416
177417
178888
179179
180750
181169
182232
182930
183038
183308
183817
184531
184819
185065
185673
186220
186621
187598
188371
188772
188695
188941
189473
189399
189769
190680
191307
191662
191305
191351
191413
191644
191390
190644
190281
190644
190656
189908
189708
189991
189635
189315
189848
189950
189908
190585
190135
189896
190450
190548
191033
190808
189094
189097
189370
189059
187781
187679
187596
188022
188886
189382
188992
188548
187436
186931
186860
187844
187944
188592
188694
188758
189254
189981
190439
190772
191283
191610
191544
191451
190726
191067
191185
190930
190886
190532
189743
188993
188091
188050
188119
188546
189186
190463
190623
191391
191493
190587
189337
189215
190031
189192
189025
189136
189914
190555
191718
191820
190817
190296
190144
190141
190621
189709
189568
189475
189747
190398
190020
189858
188766
188681
188919
188886
188100
187691
188097
188437
189471
189668
190174
191679
192138
191943
191397
191185
191835
192681
192556
192121
191470
191233
191138
191285
191439
190897
190361
189941
190453
190427
190009
189675
189460
189678
189873
189359
189233
189239
189025
188684
189471
188792
188773
189313
189652
190277
190430
190600
190104
190642
190143
191237
190663
189982
190367
190915
191904
191450
191457
191488
191577
190748
189833
188757
188792
189358
189348
189178
188793
189456
189412
190097
190183
190293
190558
191030
191434
191620
190876
190915
190961
191803
191199
191690
190683
190080
189458
188464
188466
189183
190351
190201
189861
189762
189345
189266
188868
189739
190707
191030
191025
191407
192373
192992
192798
192331
191529
190837
190258
188820
187783
187897
187788
188318
188563
189196
190110
190438
191011
190773
190726
191063
191603
191678
191540
191459
191948
192102
192186
193033
193627
192970
192319
191761
191950
192650
192201
192150
192199
191941
191793
191720
192131
192033
190765
190716
189608
189937
189870
190504
189912
189734
189073
188554
188101
188924
189538
189708
189563
189889
190380
190184
190002
190220
190386
190066
189852
189929
190096
190953
191442
191926
191830
191636
191301
191529
191348
191645
193055
194355
194932
194901
194987
193915
192402
191694
192031
192092
191435
191674
191315
192320
192612
192627
191689
191023
191098
191385
191348
191093
190949
189787
189598
190238
191091
191105
191984
191995
193232
193584
192800
193013
192633
193175
193687
194199
194358
194181
193602
192933
193014
193257
192329
192133
193086
193766
194046
193621
193548
193016
192895
192622
193075
193288
194277
195486
196034
196013
195682
195148
193916
193776
194035
194057
193859
193745
194678
195359
195825
195996
196334
196493
196882
197385
197406
197641
198041
198387
197957
197988
198115
198646
198135
197712
197591
198167
197713
197475
196893
196880
197328
197606
198360
198288
198691
199211
200175
200745
201325
202217
202946
203839
204308
205140
205657
205532
205440
205313
205449
205266
205218
204977
205069
205187
204765
204753
204961
205254
205852
206386
207075
206999
207444
207583
207863
208517
208394
208044
207959
208011
207649
207165
207345
207431
207853
208015
208304
208535
208513
207899
207943
208155
208305
209018
209106
209412
210107
210503
211041
211699
212164
211853
211724
211839
211372
210785
210467
210171
209948
209847
209114
209023
208765
208614
208977
209192
208875
208613
208518
208591
208163
208883
209181
209374
209769
210014
210236
210268
210151
210411
210896
211197
211062
211183
