0
0
0
0
0
0
0
0
0
0
0
0
0
0
0
0
0
0
0
1
2
3
3
3
3
3
3
3
3
3
3
3
3
3
3
3
3
5
6
8
10
13
14
16
16
17
17
17
17
18
18
18
18
18
18
19
20
20
20
20
22
23
23
25
27
30
30
32
32
35
35
35
39
39
43
44
46
48
51
51
52
55
56
58
60
62
63
64
65
66
69
69
70
70
70
71
77
79
79
82
83
85
85
88
89
93
96
98
100
103
106
108
110
111
112
114
114
116
117
121
122
126
127
128
131
132
132
134
137
138
139
141
143
143
143
145
146
147
148
150
153
153
155
155
156
156
156
156
159
165
165
166
167
167
169
170
171
172
173
174
175
176
178
178
179
180
181
182
184
184
184
187
188
189
190
190
191
191
192
194
195
195
196
198
198
198
198
198
200
202
202
203
205
208
210
213
213
213
216
217
219
221
223
224
226
227
229
230
231
234
234
235
235
235
236
236
237
238
239
239
239
240
243
244
245
245
246
249
251
253
254
254
255
259
260
261
262
262
264
264
267
269
269
270
271
271
272
273
274
276
276
277
277
277
279
282
282
282
282
283
284
285
285
285
285
285
288
288
289
289
293
294
296
297
299
301
303
305
307
308
309
309
312
312
313
316
316
317
318
320
320
320
322
323
324
324
325
326
328
329
332
333
335
336
338
344
347
349
349
351
351
354
354
355
356
359
361
364
367
368
370
373
374
375
377
379
381
381
383
383
383
384
385
389
390
392
394
397
398
400
401
402
403
403
404
405
407
408
408
409
410
411
411
411
415
419
420
421
422
422
422
422
425
426
426
427
429
431
431
433
434
435
437
440
442
444
445
447
448
452
453
452
454
457
457
458
458
460
461
467
468
469
470
470
472
472
475
478
479
480
481
484
486
487
487
489
492
494
497
499
500
503
504
507
507
507
507
511
514
516
518
519
519
520
524
525
527
527
530
532
538
539
539
539
541
543
547
548
550
551
553
554
555
558
562
563
566
567
569
570
575
575
577
580
583
586
589
590
592
592
595
601
604
604
607
609
611
613
614
616
618
619
621
624
627
628
628
629
632
633
636
638
640
644
647
648
648
649
652
652
654
655
656
659
663
664
666
670
673
674
674
675
678
682
684
686
691
691
694
697
698
699
700
704
704
705
707
709
711
714
718
720
722
723
725
727
727
729
734
738
741
743
745
748
748
750
752
756
759
760
760
759
760
760
760
763
766
769
769
773
774
775
775
777
781
783
786
788
788
790
790
791
794
797
798
799
800
800
799
802
804
806
808
809
811
810
813
816
820
823
825
829
832
834
834
835
837
837
840
841
846
846
847
847
848
850
853
859
862
865
867
