0
0
0
0
0
0
0
0
0
0
0
0
0
0
0
0
0
0
0
0
0
0
0
0
0
1
1
1
1
1
1
1
1
1
2
3
3
4
4
5
5
6
6
7
8
8
8
11
12
13
13
15
16
18
19
20
21
24
26
28
29
30
32
33
35
38
39
41
44
47
48
51
52
53
54
55
57
59
61
62
63
66
68
71
76
77
80
82
82
82
84
86
86
87
89
91
92
93
93
96
98
100
104
108
109
109
111
111
112
116
116
117
118
119
122
127
127
128
133
136
136
139
141
141
142
143
144
144
147
148
151
153
154
153
154
156
158
159
162
164
165
167
169
171
176
176
178
180
181
183
183
185
186
189
193
195
197
197
198
200
201
206
207
209
210
213
214
214
217
218
220
220
223
224
224
224
225
226
226
226
228
228
230
230
231
231
231
233
233
235
239
240
241
241
242
246
246
247
247
250
250
250
250
252
253
254
255
256
256
257
260
263
263
265
267
268
268
271
273
274
276
278
280
281
282
283
284
288
288
290
293
294
294
295
296
299
300
300
302
302
304
307
310
313
313
315
315
317
321
323
328
329
329
332
335
336
336
338
338
339
343
345
347
348
351
352
352
355
356
357
357
357
359
359
359
361
361
363
366
366
366
367
368
372
374
376
376
377
378
381
382
384
390
389
391
392
393
395
395
395
395
395
397
399
400
403
404
404
404
404
405
407
409
410
410
413
416
416
418
418
419
423
425
427
428
430
432
432
434
436
440
440
444
445
448
450
451
454
456
459
461
462
464
466
468
472
472
475
476
478
479
481
482
482
483
484
488
490
490
491
492
496
496
497
499
499
502
502
503
504
508
509
515
519
520
522
525
527
528
530
531
533
537
538
540
541
543
543
548
549
550
551
552
553
556
558
562
562
565
566
566
568
570
571
571
571
572
572
572
573
573
573
574
576
577
577
579
582
587
590
590
592
595
597
598
598
598
600
601
603
605
607
607
607
608
608
610
612
613
616
618
622
623
624
627
628
629
630
632
634
636
638
640
643
644
646
647
648
649
651
652
655
660
660
663
665
668
668
669
671
673
675
675
678
681
683
684
687
688
690
691
692
694
699
701
701
701
701
704
712
712
713
713
716
719
719
723
724
725
728
730
730
730
730
735
737
740
740
742
744
746
749
752
753
756
758
761
764
765
766
765
768
770
771
771
772
774
775
780
784
784
786
786
789
789
791
792
792
793
798
801
803
804
807
809
810
812
819
825
832
832
835
838
840
841
843
845
847
848
852
852
853
857
860
861
864
867
870
871
874
875
878
880
882
885
887
889
890
893
894
896
897
900
901
905
906
907
907
909
913
913
916
916
916
921
922
924
928
931
933
938
