0
170
542
1031
1543
2021
2498
3015
3312
3577
3887
3980
4059
3982
3836
3825
3672
3488
3330
3113
2915
2718
2383
2127
1988
1766
1642
1508
1392
1205
1090
1001
897
770
704
608
535
483
424
379
352
323
326
284
251
236
230
206
181
182
157
135
127
131
94
85
83
90
102
99
87
94
91
89
65
83
78
61
67
81
75
67
67
60
72
63
62
65
56
55
60
61
54
54
39
45
46
48
47
50
55
62
65
61
57
60
67
66
74
68
69
69
59
66
74
78
88
85
81
90
102
95
111
102
112
106
132
134
180
181
197
169
166
181
189
191
195
217
242
269
245
235
277
304
326
327
310
370
379
412
441
494
523
601
562
606
661
691
742
753
830
935
991
1070
1177
1283
1371
1456
1584
1711
1927
2081
2306
2411
2468
2513
2677
2869
3132
3376
3660
3743
3872
4044
4164
4325
4572
4871
5195
5333
5532
5915
6245
6463
6942
7289
7739
8322
8680
9242
9797
10188
10876
11384
11834
12467
12882
13672
14135
14742
15468
15740
16674
17480
18492
19855
20700
21711
23080
24206
25685
27016
27440
27580
28160
28935
29299
30689
32142
34035
35547
36866
38705
40766
42473
43392
44925
47735
49742
53080
55840
58323
59693
60391
61720
63725
65973
69310
73464
77187
80280
83226
85442
88188
91060
92511
93837
96018
97151
99083
99519
102355
103186
103954
106956
112564
117997
124126
129900
132971
135503
137121
137703
138427
139034
142080
147163
153890
157909
165092
170492
176048
182090
186576
192003
194771
197407
198007
200817
202020
204998
209310
215996
221499
226360
228210
232353
234270
236086
235645
233739
232940
233103
237299
240258
245149
251476
256840
257084
256588
256116
254788
253755
254832
257698
259926
261306
264233
262422
257692
255737
257493
260366
265653
268267
268463
259689
254783
257037
259247
259866
260485
259387
260748
258416
255679
252911
250140
249099
245560
243211
241021
238896
242126
240382
240485
242107
243076
247767
248872
246048
244871
245552
248207
254277
257073
254769
249599
243185
238485
235508
234702
233846
233180
233939
234472
231411
229258
226738
225150
221868
218150
213745
211842
210501
209373
207821
208205
211089
211193
205577
200301
195008
191083
185168
178146
174851
171561
167382
163932
160098
156133
150746
145622
140187
134901
130109
125635
120979
116709
112696
107429
104273
102123
99456
96988
95842
93229
90678
87669
85392
83060
79746
75966
72048
68856
66116
63496
61033
58914
56484
53773
51490
50032
48153
45885
43442
41348
39405
37570
36205
34989
33770
32581
30834
29835
28534
27266
26493
25795
24899
23823
22696
21781
21068
20293
19484
18533
17898
17115
16426
15771
15279
14554
13616
12846
12259
11677
11310
10896
10372
10066
9710
9518
9291
9193
8805
8560
8376
8085
7663
7350
7034
7011
6830
6498
6319
6055
5820
5565
5404
5151
4841
4713
4410
4313
4171
4047
3822
3664
3620
3521
3476
3334
3184
3070
3106
3011
2808
2656
2576
2468
2454
2371
2422
2340
2181
2120
2032
1925
1858
1834
1805
1750
1682
1679
1596
1548
1433
1441
1389
1356
1400
1341
1267
1278
1222
1181
1163
1146
1155
1146
1118
1149
1070
1053
1091
1092
1012
1005
988
974
959
1024
1013
945
927
845
867
845
862
811
829
808
774
806
787
823
769
810
795
759
740
738
743
733
746
738
718
723
717
695
684
709
722
694
672
671
683
673
696
680
666
642
648
608
632
623
637
601
624
618
602
626
620
602
633
578
600
578
610
600
615
610
645
634
621
598
582
564
538
