0
164
559
1055
1490
2056
2556
3109
3427
3841
4157
4361
4451
4568
4586
4334
4182
4076
3918
3697
3398
3241
2974
2791
2489
2304
2041
1795
1565
1420
1284
1091
1037
977
876
811
792
679
592
556
512
470
386
339
331
275
264
251
237
219
226
187
182
184
152
168
159
134
122
112
102
90
87
84
81
85
90
85
93
91
90
79
69
75
66
68
59
52
53
49
60
57
53
68
45
48
58
69
77
64
77
67
75
82
77
84
75
90
93
101
104
112
134
128
131
120
130
135
142
139
158
148
171
185
194
225
235
221
231
256
260
264
284
299
303
318
335
342
368
399
433
480
465
465
525
513
571
600
657
738
812
885
879
914
1024
1101
1085
1149
1259
1324
1338
1375
1453
1499
1653
1760
1849
2028
2160
2323
2470
2623
2777
2989
3283
3427
3616
3945
4240
4494
4748
4948
5164
5491
5816
6166
6583
7100
7632
7949
8483
8963
9395
9847
10350
10987
11304
11662
12323
13147
13859
14871
15629
16344
17327
17665
18103
19186
20269
21091
22114
22811
23481
24414
25745
26652
27477
28126
29180
30936
32692
34138
35602
37102
38622
40149
41729
43097
44216
45477
47083
48700
51582
54377
57884
61593
63981
66085
68087
71327
73972
75519
76665
79178
80702
83015
84545
84565
85785
86823
88688
91315
93734
96339
99496
101473
104818
108693
112407
115814
118410
120476
123595
126894
127909
130181
135583
140647
147426
153521
161657
168521
172464
173292
173588
174126
174750
175627
178682
179922
180444
181708
182438
185704
189341
193516
198204
203333
205861
207279
208639
211745
215910
220306
222318
221540
223887
225175
228573
230332
231068
231874
231822
235841
238607
243188
246115
246671
242924
241718
241612
242053
242739
241933
241536
241457
241062
244705
246180
248722
254148
255168
255584
256360
257326
251349
248724
251290
254318
255245
254229
254089
252280
250354
246992
244398
237895
239886
241957
239936
239680
240577
245040
246218
242675
238788
239889
241653
240883
237094
235138
232751
227605
226372
223574
219013
213135
208227
202953
202162
199028
197748
194750
192344
188746
184396
186591
186286
184677
181953
179437
175059
170673
166805
167061
165363
164330
163911
162610
162419
161199
159644
156691
152133
149175
147064
143580
140901
138385
137155
136104
134430
132086
128395
122665
117944
114222
110396
107267
105855
103277
99694
96250
92740
90186
90506
90614
88935
86674
83885
80745
78060
75050
73183
72062
71312
69552
67517
65403
63473
61052
59710
58718
55935
54877
53989
52903
51740
50370
50065
49620
48731
46649
44786
42897
40858
39344
38461
37241
35721
34488
32871
31550
31111
30359
29634
28669
27697
26802
25472
24368
23422
22424
21714
21045
20405
19778
19573
18913
18138
17572
16759
15837
15192
14583
13703
13445
12819
12516
11901
11181
10828
10561
10350
10074
9948
9523
9128
9010
8518
8154
7778
7604
7127
6877
6404
6020
5620
5338
5171
4822
4684
4524
4205
4103
3868
3724
3589
3425
3314
3203
3078
3092
2904
2824
2793
2742
2621
2517
2320
2301
2182
2040
1992
1907
1868
1754
1664
1547
1505
1470
1458
1429
1465
1375
1322
1325
1284
1274
1288
1249
1211
1145
1152
1128
1197
1170
1178
1142
1116
1022
973
887
883
935
919
925
919
919
954
1008
953
938
947
932
861
865
889
869
860
878
876
887
894
867
881
860
850
872
860
837
867
855
901
923
874
832
849
840
816
839
848
839
835
837
899
910
882
871
914
865
915
872
891
880
871
899
955
969
964
925
928
962
937
933
923
945
893
845
879
869
