0
168
545
975
1506
2021
2582
3041
3447
3741
3950
4152
4315
4358
4298
4230
4120
3961
3776
3480
3296
2920
2681
2473
2220
2030
1908
1739
1638
1485
1301
1198
1064
931
836
764
693
637
573
507
454
404
398
339
301
257
235
194
196
203
197
161
149
141
139
131
101
99
96
87
98
90
91
86
96
88
83
72
86
72
71
75
66
62
54
76
70
64
67
73
57
72
67
59
57
78
77
82
69
72
73
80
107
106
104
110
95
101
108
127
121
120
119
125
159
153
152
133
155
142
152
165
169
183
182
193
199
210
208
206
244
258
240
232
256
274
281
326
334
359
367
428
486
472
487
503
574
594
632
637
691
760
818
853
881
915
1032
1085
1183
1239
1301
1337
1423
1480
1492
1642
1729
1815
1930
2003
2140
2198
2274
2345
2544
2648
2794
2993
3004
3195
3446
3561
3680
3827
3984
4179
4344
4640
4834
5142
5541
5903
6042
6077
6510
6741
7103
7539
7963
8434
9087
9667
10622
10962
11595
12121
12719
13601
14204
14895
15726
16593
17160
18235
18851
20209
20869
21587
22513
23466
24301
24823
25647
27203
28535
29635
30928
31575
32266
32532
33403
34535
36309
37936
39467
39863
40488
40654
41208
41678
42708
43985
45591
47106
48558
49803
50654
51909
52786
54410
55943
58403
60973
63174
64669
66104
67550
69467
70318
71290
72521
74149
76594
77926
79287
81620
83900
84965
86300
88765
90985
92728
93765
94172
96601
98787
100973
102077
104632
107048
108849
110082
110987
112192
113631
113958
115133
117843
121926
122911
123383
124616
127703
130873
132111
134557
134926
135612
136230
134452
134137
135226
137424
137505
138407
139247
141884
145534
146567
147210
149973
151774
155158
157398
158257
157108
156858
158541
160293
161369
160686
159591
160039
162755
165967
167675
167042
169403
175548
181670
184530
184890
184531
183355
180942
180705
180079
178088
174794
174113
174062
172777
170013
167741
167137
165498
164170
162305
160066
157968
153178
148644
145030
139316
134380
132048
129627
126133
121966
119176
116516
113956
110324
107566
104802
101864
100523
99694
98557
97097
95194
93370
91748
89921
87008
84185
81013
78778
76899
76343
75242
73840
72825
70909
69352
68099
65851
64148
62214
60126
58156
55927
54458
53007
51424
50426
49498
48436
46804
45103
44020
43788
42476
41357
40628
39172
37883
36177
35311
34309
33123
32347
31579
30240
29489
28347
27032
25823
24845
24249
23536
22818
22102
21691
21045
20689
20271
19714
19010
18255
17692
16979
16209
15657
15196
14816
14474
14180
13999
13657
13304
13051
12706
12254
12140
11800
11234
11033
10711
10713
10419
10279
10009
9618
9348
8975
8910
8496
8241
7914
7738
7596
7433
7213
6952
6794
6534
6340
6256
5966
5862
5643
5490
5315
5172
5007
4875
4672
4564
4413
4146
4043
3821
3747
3726
3646
3493
3385
3264
3219
3209
3117
3071
2991
2915
2838
2711
2721
2587
2493
2334
2248
2162
2103
2053
1944
1895
1812
1788
1709
1655
1648
1627
1546
1493
1401
1418
1440
1407
1378
1321
1280
1228
1231
1200
1163
1172
1113
1173
1145
1101
1106
1061
1022
962
1000
967
943
929
931
924
901
883
869
869
860
842
850
806
822
794
766
758
797
762
750
719
733
717
739
712
699
671
728
730
761
664
668
659
628
655
695
691
677
650
643
613
635
615
636
622
656
661
692
653
636
668
694
725
726
741
761
748
732
727
698
665
654
690
666
700
744
767
774
758
734
778
754
746
777
768
