0
173
531
1040
1546
1987
2475
2935
3276
3643
3852
4135
4204
4226
4312
4265
4107
3988
3823
3581
3396
3171
2987
2800
2585
2443
2257
2025
1828
1730
1507
1364
1302
1207
1095
1028
915
784
755
647
605
553
523
481
435
397
360
344
325
316
297
278
240
241
232
196
196
184
164
154
136
144
138
136
122
111
112
108
130
113
101
114
108
109
104
100
103
115
112
108
104
112
113
109
114
105
97
118
104
116
132
131
137
143
147
139
165
173
172
162
150
147
171
190
186
194
206
208
206
207
210
227
232
240
246
265
275
296
297
304
329
349
397
418
415
412
476
510
558
584
579
553
603
660
692
718
762
800
824
799
882
913
981
1032
1065
1141
1180
1221
1321
1396
1570
1603
1708
1868
2009
2086
2173
2303
2464
2483
2629
2882
2959
3154
3436
3649
3865
4110
4361
4579
4926
5320
5740
6161
6495
6871
7367
7915
8291
8938
9464
9855
10300
10892
11420
11794
12394
13212
14325
15240
16097
16618
17628
18465
19549
20367
21599
22451
23163
23914
25087
26534
27590
28435
29733
31457
32571
34484
36101
38376
40599
43537
45873
47993
48750
50668
52945
55561
58254
61301
64709
68022
70375
73175
74989
77092
78577
80589
84947
90150
94897
99914
105820
109548
112997
117364
121190
123865
125457
128983
130063
130641
132557
136490
141093
143825
146328
153109
161404
167445
172393
176518
181134
182607
186089
192384
198400
205499
212165
218183
223919
226048
231032
242167
251031
256870
260978
266521
275076
281292
283853
286243
293151
298751
305801
308518
316798
324404
331650
331375
332304
336052
337488
341184
351471
365447
378461
386759
393789
395894
399215
410348
420567
433435
437994
441668
445776
445943
451427
451119
448408
442649
437438
435952
438208
437902
432954
428062
430833
430908
430623
426597
423509
419733
411503
403200
399686
399635
402251
400444
400054
400341
404638
407214
406724
406369
402397
395280
386940
380963
380037
380031
373384
366814
362686
359603
363481
366494
368652
370634
373376
372596
375540
375327
372312
371195
373121
371146
369391
368939
366016
362730
357223
354778
351517
345911
337513
332886
329666
323837
318116
309605
300525
286368
271669
260268
251041
239881
233427
226292
224204
220928
216020
210174
202138
197546
196446
191986
186332
180420
176421
176484
172168
167743
163016
156522
152268
149776
146133
144368
142521
138518
136523
134335
132953
131271
127417
123467
118931
115327
111340
107720
104651
100864
97577
95483
94714
94228
92366
89770
86695
83216
81487
79231
76269
73256
70707
68132
65349
63089
60582
58407
56588
54740
53374
52247
50931
49105
47434
46435
45335
43932
42339
41866
40548
38990
37420
36440
35416
34556
33741
33158
32056
30950
29759
28700
27352
26257
25115
23926
22864
22214
21715
20962
20305
19572
18857
18162
17270
16306
15378
14592
13951
13394
12516
12376
11977
11791
11507
11071
10664
10243
10047
9802
9385
9074
8924
8709
8376
8182
8028
7509
7187
6841
6516
6330
6115
5933
5571
5388
5086
4902
4754
4575
4354
4229
4073
3875
3827
3703
3480
3291
3203
3050
2922
2800
2670
2718
2576
2561
2432
2322
2261
2187
2051
1959
1909
1826
1906
1819
1666
1643
1678
1625
1595
1488
1466
1460
1448
1445
1413
1354
1288
1283
1279
1211
1194
1151
1112
1063
1065
1049
1054
1020
1009
984
949
988
943
931
931
931
908
875
854
870
915
907
870
818
805
785
759
738
752
757
762
785
786
759
783
745
703
728
727
703
711
707
726
688
680
652
646
661
591
584
625
609
610
676
681
676
682
698
691
691
698
703
721
680
704
