0
149
543
1066
1557
2041
2609
3118
3510
3881
4145
4292
4415
4518
4527
4382
4286
4096
3953
3755
3522
3346
3212
3065
2870
2705
2411
2202
1967
1814
1620
1473
1360
1246
1120
970
850
773
704
613
557
531
456
432
384
344
334
303
257
265
255
237
228
212
186
162
167
148
134
144
139
130
129
134
128
117
99
99
98
93
89
85
104
87
95
94
85
96
98
94
109
100
100
92
92
103
104
106
89
89
82
85
92
101
102
98
103
105
123
106
132
134
124
124
144
137
156
155
181
184
168
167
195
202
204
212
233
246
243
275
299
264
260
306
341
361
399
416
454
498
494
541
534
547
546
569
615
623
731
754
831
835
917
965
989
1104
1143
1280
1366
1473
1493
1603
1808
1943
2111
2224
2438
2525
2592
2796
2990
3240
3538
3822
3925
4301
4563
4714
4968
5257
5502
5790
6088
6407
6741
7069
7482
7971
8470
8837
9241
9529
9881
10153
10819
11384
11898
12306
13155
13776
14561
15156
15902
16909
17574
18494
19000
19415
20078
21276
22881
24056
24676
25763
26409
27564
28812
29498
30452
31904
33107
33715
35086
36369
38230
39445
41035
43332
45833
48266
51061
53723
55903
57652
60539
63420
65899
68244
71433
74795
78964
82279
84270
87690
89860
92480
95275
98496
100946
104318
105934
108503
113916
120270
123666
124663
125987
125103
123359
121309
121553
122853
124446
129301
133629
138063
140631
144204
147552
150515
154696
154195
157786
161656
165644
166393
169057
177700
182091
187988
189656
191599
192176
192216
194666
198284
200377
202833
205791
207250
211652
220617
225809
231340
233738
235488
236069
236234
236353
238048
238349
240216
240101
240542
241202
244439
251719
255949
256299
259181
260519
258550
259857
260296
260286
262818
262751
260190
263193
266687
270095
269135
271136
271487
270517
267040
262713
257226
255705
254093
257984
260389
257737
255696
255502
256809
254611
250344
245619
239264
232916
228862
227779
228311
225881
220445
219289
219626
220009
218633
215634
214114
211932
207405
205294
202795
199753
196788
194224
189383
185726
179194
172559
167607
164151
162056
161591
160827
158666
153879
149226
144061
140000
136257
134155
131508
128054
127122
125923
125008
123666
120807
118444
117037
117128
116398
113866
111407
108441
106393
104717
101489
97553
94738
93604
89538
86816
84197
82031
80983
80020
77046
74357
71370
69565
67903
65912
63550
61765
59489
57777
56425
54449
52782
51349
50461
49486
48708
47550
45875
44158
42564
42012
41340
40355
38982
37873
36300
35157
34249
33633
32741
31940
31034
30084
29712
29236
28357
27248
26529
25381
24000
23537
22730
21742
20802
19844
19111
18303
17704
16969
16135
15245
14518
13910
13019
12406
11941
11418
11046
10833
10554
10276
9769
9427
9115
8854
8703
8261
7916
7715
7466
7178
6976
6807
6617
6546
6359
6117
6096
5829
5691
5532
5355
5110
4861
4757
4542
4427
4421
4275
4291
4144
4085
3960
3735
3569
3465
3466
3368
3362
3283
3186
3078
3079
2952
2893
2689
2580
2482
2369
2437
2317
2195
2173
2167
2097
1993
1891
1819
1727
1696
1628
1576
1458
1553
1573
1570
1487
1483
1484
1485
1429
1384
1304
1332
1253
1238
1157
1133
1158
1089
1045
1038
952
974
954
940
979
938
871
826
855
854
833
838
763
783
797
771
810
849
818
786
748
722
694
729
727
745
764
722
682
692
680
698
697
701
696
711
665
670
620
669
707
740
725
726
701
668
688
742
737
725
750
771
732
723
742
747
734
740
737
760
782
813
771
832
823
806
814
