0
170
537
974
1453
1982
2492
2926
3306
3716
3868
4093
4334
4399
4420
4365
4245
3907
3789
3494
3375
3218
2872
2693
2495
2218
2043
1853
1708
1487
1355
1193
997
931
861
761
727
627
509
465
411
386
328
266
248
231
214
213
203
167
147
154
134
120
109
120
119
106
107
87
68
74
75
68
72
71
77
80
62
56
63
62
71
65
60
70
67
66
62
64
82
81
60
59
69
81
71
72
65
72
60
64
78
81
78
75
69
58
62
74
80
91
88
87
86
94
122
140
141
147
158
178
165
179
197
212
213
218
238
260
254
280
283
305
301
317
325
347
333
404
428
418
431
494
525
571
551
559
573
647
683
740
800
842
912
958
976
999
1047
1104
1198
1299
1296
1340
1393
1474
1546
1600
1607
1722
1864
2004
2162
2272
2375
2455
2550
2830
2939
3160
3400
3441
3576
3866
4124
4353
4454
4884
5082
5542
5803
5871
6198
6373
6679
7043
7164
7327
7627
7603
7915
8468
8900
9147
9459
9551
9959
10334
10898
11258
11667
12375
12881
13350
13925
14845
15680
16842
17704
18451
19161
20497
21746
22828
24057
25050
26170
27839
29487
30725
31531
32723
32949
33135
34246
35168
35944
37180
38802
39575
41224
42542
43857
45053
45842
46374
47334
48886
51226
53515
54643
57461
59205
60816
61829
62938
63114
63109
64299
65940
67173
68341
70151
71713
72697
73573
73748
74634
74482
76057
76870
76911
77243
77007
76696
76464
78259
79495
80833
82395
82637
84130
86796
89480
90965
94235
99594
103554
106030
108675
111011
113411
112896
114490
116134
117453
119396
121684
122428
125546
128106
128505
128395
127304
128331
130665
133464
136886
139238
141186
142164
144025
146134
149924
151260
153393
151017
150903
149809
149560
149781
150116
148813
146689
145811
147199
148363
149763
151070
150147
149249
149161
148488
146903
144401
145359
147744
148468
150240
153379
153676
155895
158110
157888
157126
157205
158472
158357
155562
152963
150125
148574
149811
149883
148906
148171
149350
149741
149990
151374
149989
145409
141375
140067
139632
140080
138450
136013
132391
129627
127458
124222
122417
121460
120045
117905
114809
113072
111116
109006
107504
104688
102139
97607
94098
91977
90475
88861
87122
85498
82210
80081
79532
79652
78933
77767
76630
75408
74530
73518
72423
70062
67946
66464
64910
63085
62486
61655
61322
60057
58420
56687
54693
52942
51386
50070
47917
45918
43589
41923
40617
38998
37589
35660
34088
32415
31019
30098
29193
28934
27752
26668
25419
24552
23950
23126
22480
21706
21331
20814
20574
20365
20038
19428
18930
18300
17820
17374
16900
16491
16181
15463
14957
14455
14207
13839
13450
13236
12809
12524
12240
12023
11316
10933
10807
10654
10317
9963
9716
9333
8879
8562
8345
8112
7921
7444
7262
7106
6718
6612
6554
6192
6083
5799
5593
5412
5289
5090
4932
4771
4700
4559
4363
4169
3975
3966
3777
3769
3568
3438
3342
3301
3154
3013
2950
2925
2783
2706
2596
2491
2448
2386
2249
2243
2011
1927
1892
1840
1816
1735
1702
1679
1712
1591
1567
1479
1421
1362
1363
1306
1308
1266
1271
1232
1167
1169
1091
1116
1134
1100
1055
1013
1008
1008
965
962
979
964
936
920
908
872
915
942
875
871
898
897
862
879
906
900
927
919
911
946
891
925
910
944
883
897
910
957
983
942
870
880
921
897
924
917
881
883
838
844
844
856
885
859
832
851
892
879
916
942
988
942
934
872
925
953
958
992
996
1021
979
886
907
983
972
