0
0
0
0
0
0
0
0
0
0
0
0
0
0
0
0
0
0
0
0
0
0
0
0
0
0
0
0
0
0
0
0
0
0
0
0
0
0
0
0
0
0
0
0
0
0
0
0
0
0
0
0
0
0
0
0
1
1
1
1
1
1
1
1
1
1
1
1
1
1
1
1
1
1
1
1
1
1
1
1
1
1
1
1
1
1
1
1
1
1
1
1
1
1
2
2
2
2
3
4
4
4
4
4
4
4
4
4
5
6
6
6
6
6
6
7
7
7
6
6
6
6
6
6
7
8
8
7
7
7
7
7
8
8
8
8
8
8
8
8
8
8
9
9
9
9
9
9
9
9
9
9
9
9
9
9
10
10
10
11
11
11
11
11
10
11
11
11
11
11
11
11
11
11
12
12
11
11
11
11
11
12
13
13
13
13
13
13
13
14
14
12
12
13
15
16
15
15
17
19
21
21
21
20
20
23
23
23
23
23
24
25
25
25
26
25
26
25
25
26
28
29
30
30
30
30
30
29
29
27
27
27
27
28
28
29
29
31
33
33
33
33
35
36
36
36
38
39
40
40
40
40
41
41
42
40
42
39
40
40
41
43
44
44
46
46
45
45
45
44
43
44
45
44
43
44
44
46
45
45
46
46
48
47
47
47
48
47
46
46
46
46
46
46
46
46
47
47
46
45
44
44
44
42
41
40
40
39
40
41
42
43
42
42
42
42
44
44
44
45
47
48
48
48
48
48
48
47
47
46
48
49
50
50
55
56
58
60
61
62
63
64
66
67
67
67
67
67
68
68
68
71
70
75
76
76
76
77
78
76
75
76
76
76
77
79
78
78
77
78
81
80
81
80
79
79
79
80
79
79
79
80
81
80
79
78
80
81
82
81
81
81
81
82
81
82
80
82
83
83
86
86
87
88
88
92
93
94
94
95
96
95
95
96
99
99
99
100
101
103
105
107
105
103
101
97
97
97
96
97
98
101
100
102
102
101
102
103
104
104
106
106
106
109
109
109
110
110
111
113
113
118
118
122
122
122
122
121
121
118
118
117
115
116
118
117
114
115
115
118
120
119
121
126
127
127
125
125
125
128
128
131
133
133
136
135
134
134
137
136
139
139
139
140
139
139
139
139
137
139
140
138
139
138
140
140
137
136
138
135
134
135
137
135
135
133
132
129
131
132
131
130
129
129
128
131
130
129
130
129
128
128
127
126
124
125
125
126
126
127
125
122
121
123
124
125
127
128
127
130
130
130
127
128
128
130
131
132
126
128
129
129
129
127
129
126
127
128
127
124
126
124
122
120
120
118
119
121
122
123
125
124
126
125
126
126
127
128
128
127
127
127
129
130
132
130
131
131
131
133
136
