0
0
0
0
0
0
0
0
0
0
0
0
0
0
0
0
0
0
0
0
0
0
0
0
0
0
0
0
0
0
0
0
0
0
0
0
0
0
0
0
0
0
0
0
0
0
0
0
1
1
1
1
1
1
1
1
1
1
1
1
1
1
1
1
1
1
1
1
1
1
1
1
1
1
1
1
1
1
1
1
1
1
1
1
1
1
1
1
1
1
1
1
1
1
1
1
1
1
2
2
2
2
2
2
2
2
2
2
2
2
2
2
2
2
2
2
2
2
2
2
2
2
2
1
1
1
1
1
1
2
2
2
2
2
2
3
3
3
4
4
4
4
5
5
5
5
5
5
6
6
6
6
6
6
6
6
5
5
7
7
7
7
7
7
7
7
7
8
7
7
6
6
6
6
6
6
6
6
6
6
6
5
5
5
5
5
6
8
8
9
8
8
9
9
9
10
10
11
11
12
11
12
12
12
12
12
12
11
11
11
13
13
14
14
14
15
15
15
17
18
18
18
18
19
19
20
22
23
25
25
25
25
25
25
24
25
26
26
27
26
26
25
27
27
27
27
27
28
28
28
28
30
32
33
32
32
32
33
33
33
33
33
34
32
33
33
34
34
34
35
34
34
34
33
34
34
35
37
38
37
37
37
34
34
35
37
37
40
41
41
40
40
40
43
43
42
42
41
43
45
45
46
47
47
47
47
45
45
45
46
49
49
51
50
50
50
53
53
52
53
54
53
53
52
51
50
48
48
48
48
49
49
48
49
51
50
50
51
50
49
52
52
53
54
54
54
53
55
57
58
58
59
60
60
60
59
60
60
61
59
60
63
65
64
64
66
66
68
69
69
69
70
73
74
74
76
76
75
76
79
79
77
76
74
76
75
76
75
79
79
82
83
85
84
83
83
84
83
88
87
88
87
90
90
92
93
93
95
94
98
98
101
101
102
104
102
104
105
105
105
102
104
105
103
104
106
108
108
110
113
114
113
112
114
116
115
118
118
119
119
119
119
118
118
118
119
122
120
121
119
121
122
120
118
120
120
121
124
123
124
124
124
126
125
128
127
127
127
127
126
126
128
127
127
126
127
125
124
125
124
124
124
124
126
126
126
128
126
127
126
126
126
126
127
128
128
127
127
129
130
131
133
134
134
135
136
138
138
136
136
137
137
139
139
139
137
136
138
138
137
137
138
137
136
136
135
135
134
134
132
134
133
132
133
133
132
132
133
134
131
135
135
135
134
131
132
132
129
128
128
126
124
125
125
124
123
123
123
124
125
128
128
129
130
131
129
129
128
130
129
131
131
129
129
125
125
125
124
127
126
125
126
127
127
125
126
125
125
127
127
129
129
129
126
126
125
127
126
125
124
126
