0
0
0
0
0
0
0
0
0
0
0
0
0
0
0
0
0
0
0
0
0
0
0
0
0
0
0
0
0
0
0
0
0
0
0
0
0
0
0
0
0
0
0
0
0
0
0
0
0
0
0
0
0
0
0
0
0
0
0
0
0
0
0
0
0
0
0
0
0
0
0
0
0
0
0
0
0
0
0
0
0
0
0
0
0
0
0
0
0
0
0
0
0
0
0
0
0
0
0
0
0
0
1
1
1
1
1
1
1
1
2
2
2
2
2
2
2
2
2
2
2
2
2
2
2
2
2
2
2
2
2
2
2
2
2
2
2
2
2
2
2
2
2
2
2
2
2
2
2
3
3
4
5
5
5
5
6
6
6
7
7
6
6
6
7
7
7
7
7
7
7
7
8
9
10
11
12
12
12
13
13
13
13
14
14
15
17
16
16
16
16
16
16
16
17
18
18
18
17
17
17
17
17
17
18
17
18
18
17
17
17
18
18
19
19
19
19
19
19
19
18
18
18
18
20
20
21
22
21
22
22
22
22
22
22
22
22
22
22
22
22
22
21
21
21
21
21
21
21
23
23
23
23
24
24
25
25
25
25
25
26
25
24
26
26
26
27
28
29
29
29
30
30
31
31
32
32
32
32
31
31
31
31
31
31
31
30
29
30
32
32
32
28
29
30
31
33
33
32
31
31
33
33
33
34
33
34
34
33
33
32
33
34
35
36
37
37
38
38
37
37
36
37
37
37
37
38
38
40
40
41
40
38
39
40
41
40
42
41
41
42
42
45
46
48
48
48
49
48
46
49
49
50
53
54
53
55
57
59
60
58
58
60
61
61
62
61
60
60
63
65
66
68
66
66
67
66
67
66
67
65
63
62
62
62
62
62
63
64
67
69
68
70
73
77
78
81
83
85
88
86
86
88
88
86
87
86
88
91
90
90
89
91
90
92
92
93
94
96
96
95
97
100
100
100
101
102
103
103
102
98
102
102
100
103
102
104
105
103
103
104
104
101
102
101
102
105
105
103
98
97
96
95
96
97
97
96
96
94
93
94
95
96
96
95
96
99
101
100
100
101
101
101
102
103
104
105
104
104
105
105
105
105
106
106
105
105
104
106
106
105
105
107
106
109
108
109
108
109
109
109
108
106
106
106
106
108
110
111
110
109
108
110
114
112
113
111
112
112
113
111
110
111
111
109
108
107
104
109
109
112
112
112
110
112
115
118
116
116
117
116
117
118
119
118
119
121
121
122
122
123
124
125
127
127
124
127
126
127
126
125
127
130
132
129
130
133
135
134
136
135
134
133
133
133
136
134
133
133
132
133
133
133
133
132
132
132
128
130
132
131
132
133
132
133
133
135
135
132
131
133
