0
0
0
0
0
0
0
0
0
0
0
0
0
0
0
0
0
0
0
0
0
0
0
0
0
0
0
0
0
0
0
0
0
0
0
0
0
0
0
0
0
0
0
0
0
0
0
0
1
1
1
1
1
1
1
1
1
1
1
1
2
2
2
2
2
2
2
2
2
2
2
2
2
2
2
2
2
2
2
2
2
2
2
2
2
2
2
2
2
2
2
2
2
2
2
2
3
3
3
3
3
3
3
3
3
3
3
3
4
4
4
4
4
4
4
4
5
5
7
7
7
7
8
8
8
8
8
8
8
8
8
9
9
10
10
11
11
11
11
11
11
12
13
13
13
13
14
13
13
14
13
13
13
13
13
15
15
15
16
16
16
16
17
18
18
18
18
18
18
18
17
17
17
17
18
18
19
19
19
19
19
19
19
18
17
17
16
16
16
17
18
18
20
20
20
20
20
18
18
18
18
18
17
18
18
18
18
19
19
19
20
20
20
20
19
19
18
19
20
22
23
23
24
24
25
26
26
26
27
28
28
27
27
29
30
31
29
29
30
30
30
31
32
33
33
33
36
38
38
39
40
39
39
40
39
40
40
38
38
39
40
39
39
39
39
40
40
40
39
39
39
39
39
40
41
41
44
46
45
46
48
48
48
48
47
49
49
51
53
53
54
54
53
53
55
56
57
58
59
59
57
58
59
58
58
61
62
62
63
64
65
66
68
67
68
66
66
66
65
64
65
65
67
68
67
67
66
67
69
69
70
72
74
73
75
75
79
79
80
81
81
80
81
83
84
84
83
85
87
85
88
87
87
89
90
91
91
93
94
95
95
94
94
92
91
89
89
88
89
89
91
93
89
89
90
90
89
91
91
91
89
88
86
82
81
82
82
83
85
85
83
86
88
87
88
89
88
87
85
84
83
84
84
83
88
87
88
88
87
89
90
88
89
90
89
89
89
88
88
87
86
86
85
85
86
87
87
90
91
96
97
97
98
98
96
95
94
94
93
94
95
99
101
101
102
101
102
104
104
104
103
103
105
105
104
103
101
102
103
106
106
106
110
113
116
117
120
122
120
119
122
123
123
122
120
121
120
119
122
122
124
125
126
125
125
126
126
124
126
122
122
121
119
119
117
116
115
112
115
115
118
117
116
122
122
121
119
118
120
122
124
123
127
127
130
133
131
130
130
130
129
130
129
125
125
122
119
119
124
125
126
127
123
122
120
123
125
127
128
127
128
131
134
132
134
135
137
138
137
135
134
134
134
134
133
132
133
135
133
133
134
133
131
130
131
128
129
131
132
132
133
132
132
132
133
134
133
133
134
134
135
135
137
138
138
139
138
139
138
137
137
139
141
143
141
144
146
148
147
149
148
