0
0
0
0
0
0
0
0
0
0
0
0
0
0
0
0
0
0
0
0
0
0
0
0
0
0
0
0
0
0
0
0
0
0
0
0
0
0
0
0
0
0
0
0
0
0
0
0
0
0
1
1
1
1
1
1
1
1
1
1
1
1
1
1
1
1
1
1
1
1
1
1
1
1
1
1
1
1
1
1
1
1
1
1
1
1
1
1
1
2
2
2
2
2
2
2
2
2
2
4
5
6
6
6
7
7
7
7
7
7
7
6
6
6
7
7
7
7
7
7
7
7
7
7
6
6
6
6
6
6
6
5
6
6
6
6
6
6
6
6
6
6
5
5
5
5
5
6
6
6
7
7
7
7
7
7
8
8
8
9
9
8
7
7
7
7
7
7
7
7
7
7
7
7
6
7
7
7
8
9
9
11
11
12
12
12
13
13
13
14
14
14
14
14
14
14
14
14
14
16
16
16
16
17
18
18
19
19
19
20
21
20
21
21
21
20
21
20
21
20
21
21
21
22
23
23
23
25
24
25
23
22
23
24
23
23
23
24
25
25
26
26
24
25
25
25
25
25
25
25
25
25
25
28
28
28
29
29
30
32
33
34
33
31
32
31
31
33
34
34
34
35
33
33
33
35
38
38
39
39
38
38
38
38
37
38
38
39
38
37
39
39
39
39
38
38
39
41
41
40
39
38
39
38
39
40
40
41
41
43
44
44
44
47
54
52
51
51
51
51
51
52
54
54
53
54
59
60
61
60
59
60
62
63
65
65
65
67
68
68
66
68
68
67
68
69
72
71
72
72
71
70
70
72
72
71
73
74
74
75
75
76
76
75
77
78
77
79
81
82
82
83
86
86
87
86
88
86
86
87
88
88
86
87
86
89
90
89
90
91
92
92
95
95
95
96
97
98
96
95
94
96
98
100
99
100
99
100
100
99
100
100
100
100
99
101
100
96
96
95
96
96
96
95
95
94
92
93
94
96
94
96
97
96
97
98
98
99
99
100
101
102
102
103
105
106
106
108
112
111
108
107
100
101
102
102
100
101
101
100
102
103
103
105
104
106
110
111
110
114
116
119
120
120
122
122
118
116
115
114
119
121
123
122
121
120
121
119
121
121
119
125
126
127
127
128
133
134
135
136
137
139
139
139
140
141
141
141
144
148
150
150
148
146
143
140
142
140
140
140
142
143
143
146
148
145
144
143
143
143
143
145
145
146
146
144
142
142
143
143
143
143
142
142
142
143
146
145
144
147
151
154
152
151
151
151
150
150
149
151
151
152
154
154
155
154
154
154
152
150
153
153
156
157
156
155
156
154
154
155
156
157
159
159
159
160
160
162
159
158
161
163
165
168
168
169
168
168
165
167
167
