0
0
0
0
0
0
0
0
0
0
0
0
0
0
0
0
0
0
0
0
0
0
0
0
0
0
0
0
0
0
0
0
0
0
0
0
0
0
0
0
0
0
0
0
0
0
0
0
0
0
0
0
0
0
0
0
0
0
0
0
0
0
0
0
0
1
1
1
1
1
1
1
1
1
1
1
1
0
0
0
0
0
0
0
0
0
0
0
0
0
0
0
0
0
0
1
1
1
1
1
1
1
1
1
1
1
1
1
1
1
1
1
1
1
1
1
2
2
2
2
2
2
2
2
2
2
2
2
4
4
4
6
6
6
6
6
7
7
7
7
7
7
8
9
9
9
9
9
8
9
7
7
8
8
8
8
8
8
8
7
7
8
9
9
9
9
9
10
10
10
11
10
10
10
10
11
12
14
14
14
14
14
15
15
15
15
15
17
17
17
18
18
18
18
17
18
18
19
19
20
20
20
22
22
22
22
22
22
21
21
21
21
23
25
26
26
26
27
28
28
28
29
29
31
32
33
34
33
34
34
36
36
37
36
36
36
35
37
38
38
39
38
38
37
38
39
39
40
40
40
41
42
44
44
44
42
42
40
41
41
44
43
45
46
46
46
46
47
48
49
49
51
51
51
50
51
51
51
50
50
50
51
53
50
50
48
49
50
50
52
52
52
54
55
55
54
55
54
55
55
54
57
60
59
59
59
57
57
58
58
59
59
59
60
59
60
61
60
61
60
58
57
57
57
58
59
61
62
61
62
63
67
68
71
71
70
70
71
72
72
73
75
73
75
75
76
75
75
76
76
77
78
78
80
81
82
82
81
80
82
81
82
82
80
80
80
81
81
82
81
81
80
82
80
78
79
79
79
83
82
81
81
82
80
80
80
83
83
85
86
84
84
85
88
89
89
90
91
94
92
91
91
92
95
94
95
96
97
95
96
96
96
96
97
98
102
104
103
103
107
108
110
109
108
110
110
110
110
106
108
107
109
110
111
113
115
116
115
113
112
112
112
113
113
113
111
110
111
114
115
115
114
116
119
119
122
119
119
122
124
126
126
122
123
125
127
128
129
130
131
130
127
129
130
131
134
137
137
140
137
136
139
141
144
145
142
141
141
143
146
145
144
145
146
149
150
152
153
153
153
154
153
152
150
148
148
147
150
152
150
149
148
146
144
145
149
155
155
158
158
160
162
161
158
160
160
161
162
160
160
160
160
157
159
159
160
161
161
159
160
157
159
155
155
154
154
154
155
157
158
157
159
160
157
155
154
157
160
162
162
163
159
159
157
161
159
158
155
153
151
151
153
156
158
159
162
165
169
167
164
164
165
166
165
164
164
163
163
164
165
163
163
163
162
165
167
167
166
165
165
163
