0
11
47
153
289
464
651
877
1108
1336
1606
1813
2068
2302
2514
2739
2986
3191
3395
3594
3753
3922
4047
4185
4309
4414
4501
4620
4707
4722
4765
4787
4806
4836
4868
4832
4834
4794
4755
4714
4680
4631
4598
4557
4536
4454
4364
4307
4240
4203
4128
4065
3964
3882
3822
3803
3744
3661
3653
3613
3539
3487
3410
3371
3311
3229
3182
3122
3075
3036
2992
2929
2858
2797
2755
2732
2668
2627
2600
2591
2526
2495
2478
2427
2415
2379
2314
2270
2237
2199
2144
2106
2089
2051
2011
1975
1942
1927
1882
1866
1829
1804
1751
1728
1696
1668
1657
1635
1632
1599
1585
1565
1561
1549
1524
1497
1497
1467
1441
1421
1397
1407
1384
1357
1344
1338
1323
1311
1293
1275
1243
1234
1222
1233
1243
1214
1185
1178
1168
1155
1142
1125
1134
1134
1136
1141
1142
1134
1137
1136
1150
1152
1163
1169
1174
1187
1176
1193
1206
1241
1267
1278
1280
1309
1328
1359
1358
1392
1427
1449
1469
1486
1513
1503
1555
1580
1608
1606
1592
1611
1637
1643
1675
1705
1712
1721
1707
1723
1735
1740
1749
1738
1751
1746
1776
1779
1795
1788
1800
1816
1842
1858
1879
1871
1868
1901
1923
1911
1921
1929
1931
1957
2005
2031
2044
2058
2046
2031
2022
2026
2051
2055
2065
2065
2076
2086
2095
2082
2091
2091
2101
2093
2097
2090
2107
2121
2130
2109
2102
2096
2099
2104
2108
2092
2080
2072
2106
2125
2134
2152
2132
2106
2105
2101
2140
2143
2134
2133
2132
2126
2128
2116
2097
2103
2130
2121
2142
2136
2127
2110
2114
2119
2120
2133
2119
2133
2121
2122
2127
2124
2130
2130
2139
2131
2115
2101
2088
2086
2114
2125
2145
2168
2152
2153
2144
2125
2112
2090
2116
2117
2135
2132
2123
2111
2106
2072
2088
2097
2104
2101
2088
2077
2079
2096
2104
2137
2137
2126
2118
2116
2123
2124
2137
2132
2148
2118
2136
2114
2114
2126
2133
2161
2151
2143
2157
2160
2162
2171
2164
2151
2145
2154
2153
2153
2161
2134
2119
2131
2108
2102
2091
2099
2133
2119
2106
2105
2108
2100
2111
2133
2145
2137
2141
2145
2142
2131
2126
2131
2129
2138
2144
2149
2145
2131
2127
2125
2135
2141
2117
2155
2203
2200
2203
2191
2185
2180
2200
2221
2231
2229
2208
2181
2183
2207
2216
2229
2247
2266
2245
2247
2206
2192
2223
2226
2221
2195
2202
2223
2228
2213
2204
2185
2169
2157
2134
2152
2134
2132
2117
2092
2089
2099
2109
2111
2126
2107
2100
2088
2086
2100
2104
2090
2106
2100
2097
2090
2062
2060
2085
2098
2100
2097
2101
2084
2077
2083
2071
2059
2061
2050
2041
2020
2000
1998
1989
1974
1975
1988
1992
1990
1992
1998
1988
1961
1963
1953
1935
1949
1946
1933
1909
1925
1918
1887
1887
1881
1879
1876
1855
1850
1841
1821
1814
1819
1789
1769
1759
1730
1721
1712
1699
1677
1650
1656
1642
1659
1635
1612
1613
1598
1582
1560
1550
1549
1545
1534
1525
1520
1497
1490
1478
1450
1418
1400
1382
1381
1383
1369
1351
1353
1362
1342
1332
1315
1326
1335
1334
1304
1287
1276
1260
1237
1232
1238
1218
1195
1182
1180
1167
1172
1148
1140
1129
1125
1119
1100
1108
1089
1080
1082
1065
1051
1042
1037
1027
1015
1010
1009
985
959
953
942
948
939
913
901
913
910
914
902
892
899
929
936
934
919
931
927
935
927
918
914
918
908
912
903
901
904
915
929
930
925
914
904
897
910
921
916
919
919
919
