0
3
48
129
277
464
645
847
1113
1340
1573
1816
2025
2261
2527
2758
2970
3188
3376
3596
3818
3982
4106
4287
4436
4572
4680
4809
4904
5004
5030
5076
5083
5102
5136
5148
5166
5153
5102
5049
5007
4968
4963
4951
4880
4832
4806
4738
4662
4601
4517
4470
4391
4322
4282
4223
4165
4136
4087
3994
3934
3831
3742
3648
3569
3518
3446
3379
3303
3241
3182
3116
3073
3013
2926
2911
2857
2806
2764
2687
2645
2586
2521
2481
2444
2394
2358
2314
2264
2213
2182
2160
2118
2075
2049
2020
1989
1970
1941
1896
1873
1829
1790
1762
1732
1713
1680
1659
1657
1649
1616
1610
1612
1575
1540
1514
1475
1450
1460
1449
1431
1420
1411
1404
1378
1392
1363
1353
1364
1364
1372
1359
1354
1337
1336
1338
1334
1325
1313
1311
1322
1340
1346
1353
1369
1398
1399
1403
1412
1413
1419
1448
1460
1441
1460
1473
1493
1509
1524
1524
1560
1565
1563
1584
1609
1612
1638
1647
1672
1704
1725
1753
1755
1749
1782
1774
1799
1799
1815
1835
1826
1836
1851
1884
1916
1914
1918
1917
1919
1939
1936
1952
1945
1936
1935
1937
1954
1948
1938
1937
1956
1959
1988
2010
2035
2041
2032
2033
2050
2070
2068
2067
2041
2045
2038
2035
2034
2052
2053
2075
2113
2113
2108
2119
2138
2144
2145
2136
2138
2153
2148
2145
2187
2190
2203
2185
2173
2166
2187
2193
2182
2183
2190
2162
2163
2165
2173
2199
2183
2184
2185
2199
2206
2195
2200
2214
2208
2188
2192
2175
2218
2213
2225
2230
2230
2234
2222
2229
2242
2226
2222
2219
2223
2209
2221
2221
2188
2184
2182
2161
2145
2162
2154
2161
2153
2132
2151
2125
2117
2117
2108
2114
2111
2108
2112
2107
2135
2139
2114
2132
2114
2122
2122
2096
2109
2109
2107
2118
2138
2129
2141
2129
2148
2139
2170
2145
2137
2140
2132
2138
2154
2133
2144
2143
2164
2175
2160
2133
2122
2125
2139
2119
2122
2095
2072
2083
2094
2110
2113
2104
2130
2123
2152
2136
2111
2132
2135
2147
2137
2121
2119
2111
2100
2100
2109
2117
2101
2067
2062
2060
2073
2075
2123
2111
2084
2095
2092
2105
2114
2116
2092
2098
2111
2101
2109
2110
2142
2146
2142
2137
2129
2127
2111
2110
2115
2147
2128
2104
2127
2153
2143
2154
2135
2157
2147
2142
2133
2126
2123
2130
2118
2157
2144
2143
2148
2125
2112
2114
2107
2107
2094
2056
2046
2061
2057
2068
2060
2065
2064
2059
2037
2040
2036
2044
2046
2035
2040
2056
2044
2044
2053
2036
2030
2039
2077
2096
2083
2092
2092
2094
2104
2088
2076
2047
2016
2013
1998
1994
1991
1958
1952
1964
1953
1932
1966
1980
1956
1969
1973
1965
1971
1959
1984
1976
1992
2015
2012
2012
2026
2008
1993
1992
1983
1978
1977
1969
1954
1948
1953
1943
1922
1923
1904
1895
1874
1864
1834
1825
1821
1810
1790
1785
1798
1749
1738
1714
1691
1681
1660
1632
1616
1585
1588
1564
1560
1538
1534
1527
1520
1499
1483
1474
1468
1450
1458
1448
1420
1400
1390
1394
1379
1364
1347
1322
1298
1300
1303
1283
1262
1257
1247
1239
1226
1221
1201
1187
1166
1165
1149
1140
1126
1099
1092
1091
1096
1098
1098
1103
1089
1078
1088
1079
1084
1081
1071
1060
1062
1051
1037
1044
1053
1031
1030
1000
1003
986
999
991
977
965
960
974
964
969
952
942
941
944
934
942
915
914
905
908
922
936
929
940
933
930
917
927
931
918
912
904
905
907
906
896
890
