0
7
48
168
303
481
654
859
1087
1334
1589
1835
2116
2368
2625
2868
3072
3289
3471
3645
3852
4015
4168
4305
4417
4503
4635
4696
4823
4923
4992
4991
5022
5070
5094
5125
5120
5167
5155
5183
5187
5153
5091
5039
4997
4972
4930
4876
4826
4766
4689
4600
4538
4512
4455
4399
4333
4269
4244
4166
4102
4049
3980
3924
3885
3796
3708
3645
3567
3469
3398
3347
3281
3202
3155
3084
3020
2948
2897
2845
2801
2764
2728
2698
2672
2609
2565
2529
2493
2434
2394
2339
2320
2265
2231
2196
2154
2123
2079
2044
2024
1965
1915
1883
1861
1833
1820
1779
1761
1742
1713
1698
1673
1647
1614
1606
1572
1560
1527
1523
1499
1479
1471
1449
1436
1417
1402
1399
1394
1413
1399
1376
1371
1373
1364
1364
1355
1363
1359
1377
1372
1371
1372
1378
1394
1384
1393
1401
1405
1421
1448
1485
1483
1481
1489
1510
1525
1553
1567
1569
1594
1599
1607
1627
1628
1645
1673
1691
1691
1707
1739
1746
1743
1771
1791
1800
1801
1803
1815
1841
1856
1887
1867
1849
1880
1902
1889
1901
1906
1907
1917
1928
1912
1938
1961
1973
2005
1980
1990
1977
1981
1987
2015
2010
2003
2005
2012
2016
2007
1991
1994
2005
2002
2022
2053
2058
2062
2057
2092
2107
2096
2092
2116
2122
2121
2144
2146
2147
2154
2159
2164
2164
2171
2170
2167
2171
2156
2148
2130
2131
2129
2137
2150
2157
2156
2148
2140
2164
2150
2152
2151
2141
2163
2161
2176
2191
2211
2179
2185
2193
2174
2168
2184
2200
2179
2189
2182
2171
2192
2194
2194
2183
2163
2147
2147
2153
2153
2151
2167
2191
2190
2171
2160
2155
2173
2179
2172
2190
2199
2199
2182
2156
2171
2155
2160
2163
2160
2149
2128
2115
2094
2104
2112
2103
2100
2094
2123
2122
2107
2107
2083
2092
2101
2100
2091
2082
2078
2089
2085
2084
2096
2097
2110
2089
2097
2092
2107
2092
2121
2094
2091
2091
2080
2056
2052
2039
2046
2071
2089
2078
2095
2096
2113
2130
2107
2092
2101
2088
2124
2111
2105
2098
2079
2093
2104
2111
2117
2107
2094
2113
2106
2112
2121
2104
2091
2100
2111
2121
2126
2120
2115
2113
2091
2092
2071
2110
2097
2103
2097
2081
2072
2075
2089
2105
2094
2092
2118
2110
2100
2086
2074
2087
2081
2078
2060
2077
2080
2085
2090
2098
2089
2093
2085
2071
2105
2093
2107
2111
2105
2091
2096
2103
2113
2118
2099
2123
2126
2107
2085
2086
2090
2090
2094
2109
2123
2121
2133
2126
2108
2094
2089
2063
2051
2040
2053
2033
2035
2035
2053
2034
2051
2061
2058
2088
2056
2052
2038
2033
2035
2021
2007
2000
1995
1964
1968
1962
1944
1944
1931
1914
1924
1930
1921
1926
1944
1898
1882
1879
1893
1895
1888
1850
1858
1849
1834
1832
1819
1808
1814
1807
1784
1789
1778
1764
1753
1736
1748
1745
1775
1758
1730
1722
1733
1733
1735
1705
1696
1686
1700
1681
1697
1677
1645
1619
1607
1608
1612
1606
1601
1591
1559
1558
1533
1519
1503
1511
1468
1475
1476
1469
1471
1440
1422
1417
1402
1391
1369
1349
1350
1358
1330
1339
1317
1305
1304
1317
1287
1274
1254
1252
1248
1225
1193
1188
1175
1164
1140
1110
1115
1098
1105
1099
1099
1101
1107
1084
1084
1068
1065
1048
1040
1041
1031
1031
1032
1032
1027
1031
1003
994
985
987
974
982
982
965
955
961
971
957
956
959
938
939
942
949
943
936
928
923
917
905
905
879
872
879
884
867
880
890
907
