0
9
54
132
282
445
639
869
1107
1328
1529
1783
2035
2253
2513
2747
2972
3232
3441
3598
3833
4028
4182
4301
4409
4530
4669
4776
4846
4895
4975
5015
5097
5094
5095
5079
5110
5118
5105
5106
5098
5075
5027
4991
4961
4928
4883
4818
4757
4719
4644
4550
4473
4388
4326
4228
4162
4120
4084
4012
3924
3884
3822
3752
3684
3606
3542
3471
3403
3343
3295
3245
3185
3146
3090
3040
2991
2947
2867
2800
2777
2726
2664
2618
2581
2522
2482
2450
2393
2347
2299
2255
2221
2207
2166
2134
2112
2078
2061
2050
2028
1985
1937
1918
1886
1863
1832
1809
1780
1774
1753
1731
1709
1700
1670
1657
1633
1621
1603
1567
1538
1542
1500
1494
1501
1509
1490
1473
1474
1460
1457
1452
1460
1497
1483
1473
1460
1462
1481
1478
1488
1471
1468
1462
1469
1488
1492
1501
1524
1511
1527
1521
1534
1544
1542
1544
1590
1581
1594
1587
1610
1622
1629
1604
1583
1590
1599
1631
1644
1643
1659
1632
1639
1661
1669
1691
1710
1740
1743
1762
1796
1798
1806
1807
1811
1807
1830
1846
1838
1837
1861
1884
1898
1897
1911
1923
1912
1913
1929
1947
1966
1956
1962
1967
1976
1980
1988
1981
1959
1965
1997
1998
1975
1974
1940
1959
1988
1955
1941
1953
1967
1949
1960
1980
1960
1967
1964
1964
1975
2009
2032
2062
2084
2106
2099
2098
2105
2103
2117
2114
2116
2137
2123
2131
2112
2121
2111
2115
2113
2097
2099
2120
2108
2100
2090
2116
2122
2107
2108
2087
2094
2117
2114
2095
2113
2114
2098
2087
2090
2102
2094
2106
2081
2070
2079
2092
2090
2107
2133
2135
2102
2106
2125
2143
2147
2138
2130
2139
2154
2184
2173
2184
2181
2162
2167
2169
2181
2178
2169
2133
2142
2137
2177
2183
2153
2165
2196
2198
2149
2142
2151
2140
2128
2113
2124
2118
2132
2130
2123
2142
2132
2126
2119
2115
2088
2064
2076
2091
2088
2082
2088
2084
2085
2056
2057
2065
2070
2055
2072
2068
2060
2063
2055
2044
2056
2069
2062
2056
2059
2078
2100
2115
2115
2115
2134
2126
2120
2135
2138
2144
2168
2168
2178
2176
2181
2199
2178
2141
2145
2127
2115
2079
2077
2061
2034
2025
2026
2040
2034
2045
2036
2026
2064
2066
2057
2068
2073
2075
2080
2096
2085
2089
2115
2121
2119
2123
2160
2130
2133
2126
2124
2143
2153
2165
2171
2156
2180
2175
2171
2190
2171
2174
2169
2165
2150
2127
2142
2152
2132
2112
2114
2111
2108
2105
2065
2068
2072
2077
2064
2062
2052
2072
2094
2089
2097
2096
2085
2097
2090
2092
2112
2110
2096
2109
2129
2110
2091
2097
2122
2107
2085
2091
2095
2097
2080
2096
2096
2097
2094
2081
2070
2058
2033
2001
1995
1995
1981
1999
1983
1974
1971
1941
1960
1974
1949
1948
1943
1932
1920
1917
1912
1925
1922
1912
1922
1918
1915
1897
1911
1906
1903
1901
1884
1864
1850
1846
1815
1804
1789
1773
1761
1763
1758
1742
1732
1720
1706
1698
1722
1713
1696
1697
1666
1626
1632
1641
1631
1595
1609
1596
1580
1545
1525
1506
1485
1497
1469
1483
1460
1453
1440
1434
1424
1399
1388
1377
1377
1373
1349
1335
1325
1301
1287
1278
1276
1262
1244
1217
1207
1205
1204
1207
1205
1194
1175
1177
1155
1139
1140
1125
1110
1094
1075
1057
1053
1046
1024
1017
1000
989
997
975
970
956
946
947
939
926
906
906
907
903
907
890
872
871
869
877
875
868
871
857
864
863
860
871
858
858
854
845
836
