0
6
58
153
287
472
655
882
1090
1348
1584
1819
2078
2315
2589
2805
3021
3228
3431
3648
3835
3983
4119
4275
4423
4526
4613
4718
4801
4930
5014
5109
5194
5257
5302
5340
5380
5393
5387
5358
5314
5301
5292
5272
5218
5187
5134
5102
5088
4993
4940
4859
4747
4665
4590
4538
4472
4417
4361
4305
4262
4197
4097
4040
3976
3906
3874
3817
3763
3687
3618
3550
3502
3424
3362
3305
3267
3232
3181
3095
3057
3009
2954
2918
2902
2846
2779
2725
2682
2638
2619
2553
2525
2464
2423
2397
2367
2314
2276
2261
2241
2187
2133
2116
2086
2053
2025
2004
1962
1929
1897
1868
1848
1830
1801
1781
1735
1726
1727
1700
1677
1681
1639
1607
1619
1615
1589
1574
1572
1586
1584
1560
1562
1560
1549
1545
1540
1562
1559
1570
1557
1551
1547
1533
1521
1541
1550
1554
1574
1572
1592
1603
1619
1632
1652
1641
1657
1667
1659
1688
1681
1700
1704
1710
1720
1747
1763
1753
1737
1749
1765
1790
1799
1816
1812
1828
1863
1856
1879
1896
1889
1900
1900
1921
1924
1907
1921
1949
1946
1969
1985
1992
1994
2011
2010
2024
2050
2054
2044
2047
2043
2055
2046
2068
2061
2068
2060
2064
2044
2054
2057
2055
2049
2047
2052
2051
2055
2081
2098
2081
2084
2100
2130
2133
2122
2106
2101
2103
2101
2110
2099
2100
2097
2116
2097
2100
2095
2112
2111
2105
2123
2144
2140
2120
2129
2123
2122
2126
2109
2103
2113
2103
2104
2099
2090
2081
2069
2069
2071
2080
2108
2115
2109
2131
2140
2128
2140
2135
2117
2102
2098
2073
2068
2072
2055
2039
2045
2049
2046
2051
2031
2030
2028
2033
2041
2065
2051
2052
2062
2071
2057
2080
2095
2080
2099
2104
2128
2129
2115
2104
2107
2104
2108
2105
2093
2066
2038
2035
2027
2016
2006
2004
2015
2037
2029
2054
2062
2060
2058
2045
2038
2026
2024
2013
1989
1989
1985
1983
1996
2006
2003
2025
2046
2036
2029
2036
2043
2073
2090
2108
2119
2128
2103
2132
2147
2143
2136
2146
2155
2146
2152
2163
2142
2142
2163
2150
2126
2127
2126
2140
2131
2115
2121
2139
2131
2137
2134
2113
2113
2135
2111
2082
2092
2084
2088
2087
2066
2081
2096
2098
2087
2112
2113
2137
2132
2148
2147
2131
2144
2134
2126
2131
2114
2107
2125
2153
2158
2174
2161
2177
2231
2240
2219
2208
2215
2226
2218
2191
2198
2190
2203
2216
2217
2212
2209
2210
2198
2154
2158
2131
2133
2151
2154
2171
2165
2152
2146
2122
2126
2112
2124
2114
2130
2097
2113
2122
2132
2126
2109
2108
2105
2111
2099
2090
2110
2092
2083
2098
2080
2068
2075
2101
2125
2143
2155
2159
2156
2142
2157
2148
2160
2136
2168
2159
2154
2132
2134
2106
2107
2108
2110
2116
2104
2104
2092
2110
2103
2081
2086
2088
2066
2058
2069
2034
2035
2023
2033
2024
2011
2013
2008
1982
1962
1931
1918
1909
1895
1891
1869
1880
1871
1869
1871
1876
1900
1886
1878
1877
1858
1861
1846
1813
1797
1789
1772
1752
1737
1734
1718
1697
1709
1692
1684
1651
1626
1615
1596
1590
1606
1577
1547
1534
1538
1541
1551
1534
1525
1517
1511
1510
1490
1487
1469
1450
1438
1417
1383
1379
1362
1334
1335
1321
1326
1298
1301
1283
1276
1266
1269
1258
1256
1269
1264
1256
1251
1242
1216
1220
1208
1201
1204
1206
1212
1203
1188
1188
1177
1188
1186
1184
1172
1151
1147
1163
1147
1147
1137
1138
1132
1133
1129
1124
1129
1123
1136
1147
1147
1137
1112
1103
1096
