0
0
0
0
0
0
0
0
0
1
1
2
3
4
4
4
6
6
7
8
12
14
15
19
20
26
27
27
27
30
33
34
37
39
44
46
46
51
56
61
66
66
72
79
84
87
95
101
108
111
117
123
131
138
143
150
154
165
174
184
192
197
203
210
216
231
240
246
253
261
265
274
281
290
295
303
309
317
327
335
343
353
365
376
381
390
396
403
415
419
429
438
444
450
461
472
484
500
509
523
529
540
549
560
566
579
588
601
612
622
629
639
649
660
666
673
679
691
701
707
716
725
731
736
743
754
764
771
784
794
800
805
812
819
828
833
843
853
860
868
879
890
902
914
926
941
951
957
967
976
985
995
1002
1012
1033
1048
1058
1065
1079
1090
1101
1119
1130
1143
1155
1169
1175
1191
1199
1214
1231
1251
1265
1277
1291
1301
1319
1331
1347
1365
1384
1397
1417
1430
1451
1462
1486
1512
1528
1544
1563
1578
1595
1610
1627
1648
1667
1696
1711
1721
1729
1741
1754
1766
1792
1811
1832
1849
1863
1878
1895
1911
1930
1941
1963
1979
1986
2001
2015
2033
2044
2060
2081
2104
2124
2145
2163
2186
2205
2219
2240
2257
2283
2296
2320
2337
2357
2373
2395
2417
2434
2454
2484
2505
2521
2543
2561
2581
2595
2614
2631
2641
2666
2683
2705
2721
2733
2752
2774
2793
2812
2827
2845
2859
2876
2898
2919
2945
2962
2976
3000
3017
3033
3053
3078
3100
3127
3145
3168
3182
3198
3214
3234
3254
3274
3301
3324
3345
3373
3396
3412
3431
3453
3469
3489
3506
3526
3542
3558
3579
3601
3616
3635
3656
3681
3699
3720
3739
3755
3773
3789
3808
3828
3853
3874
3898
3915
3943
3968
3988
4012
4037
4048
4074
4094
4113
4137
4162
4192
4214
4235
4255
4286
4315
4344
4387
4415
4444
4467
4494
4518
4550
4572
4598
4623
4653
4676
4696
4730
4754
4788
4820
4851
4880
4914
4937
4968
4998
5028
5058
5082
5117
5148
5176
5206
5239
5267
5293
5323
5366
5400
5432
5456
5483
5510
5532
5566
5589
5607
5628
5669
5699
5725
5749
5780
5808
5835
5866
5906
5929
5962
5989
6013
6032
6068
6103
6130
6161
6192
6218
6256
6292
6326
6361
6389
6426
6452
6484
6519
6548
6585
6622
6651
6683
6715
6747
6791
6823
6854
6887
6909
6946
6962
6992
7021
7055
7088
7123
7148
7182
7209
7253
7301
7334
7365
7406
7440
7466
7500
7527
7557
7587
7633
7671
7703
7732
7764
7795
7824
7845
7879
7904
7937
7980
8008
8047
8082
8109
8132
8165
8189
8229
8261
8292
8323
8352
8379
8406
8436
8464
8490
8509
8538
8560
8578
8611
8634
8661
8697
8722
8752
8793
8818
8839
8867
8897
8929
8947
8975
9005
9021
9048
9070
9095
9120
9150
9178
9215
9242
9275
9303
9324
9352
9379
9397
9418
9441
9466
9489
9508
9523
9550
9562
9597
9614
9633
9654
9683
9707
9738
9753
9779
9802
9820
9849
9876
9892
9914
9939
9959
9984
10009
10040
10067
10091
10114
10138
10162
10186
10215
10238
10258
10280
10295
10313
10345
10366
10398
10421
10444
10481
10514
10545
10575
10608
10642
10670
10685
10711
10742
10761
10790
10802
10822
10848
10868
10886
10913
10935
10960
10974
10991
11004
11027
11049
11066
11083
11099
11117
11136
11161
11179
11201
11225
11252
11277
11293
11316
11343
11358
11382
11399
11426
11449
11471
11497
11507
11526
11549
11571
11583
