0
0
0
0
0
0
0
0
0
0
1
1
1
3
3
3
3
4
6
6
6
6
7
9
10
12
15
18
19
21
27
32
36
37
39
43
48
56
62
65
73
77
83
89
95
102
110
117
124
132
138
148
159
164
171
183
188
198
205
217
225
233
239
247
269
280
294
301
310
320
332
345
354
369
376
383
401
410
419
427
434
443
453
465
475
484
493
510
521
528
538
548
561
571
583
594
605
612
625
643
656
672
684
702
712
724
745
762
776
792
806
818
835
846
861
875
887
898
912
928
939
953
964
977
988
1002
1015
1031
1043
1051
1070
1083
1096
1110
1127
1145
1158
1176
1187
1204
1221
1232
1244
1261
1281
1290
1310
1326
1337
1350
1363
1379
1390
1411
1429
1440
1458
1468
1477
1489
1496
1508
1525
1541
1557
1578
1588
1599
1604
1615
1639
1656
1666
1679
1692
1708
1721
1736
1752
1770
1788
1808
1824
1842
1857
1877
1892
1907
1924
1934
1949
1963
1975
1987
2003
2017
2031
2048
2058
2076
2096
2110
2126
2145
2158
2169
2188
2201
2217
2235
2246
2256
2272
2284
2304
2311
2319
2337
2351
2370
2382
2399
2414
2431
2446
2464
2485
2500
2521
2540
2559
2581
2592
2608
2625
2641
2657
2673
2688
2699
2714
2729
2749
2769
2790
2809
2825
2842
2866
2880
2895
2911
2923
2939
2959
2974
2993
3010
3023
3033
3046
3064
3080
3102
3114
3135
3155
3174
3195
3219
3242
3259
3271
3291
3309
3324
3345
3364
3395
3408
3418
3431
3447
3466
3490
3513
3540
3559
3589
3605
3619
3646
3667
3692
3716
3733
3757
3773
3794
3817
3844
3860
3876
3894
3914
3938
3957
3974
3996
4016
4042
4069
4084
4106
4124
4142
4169
4184
4201
4216
4235
4259
4277
4301
4315
4331
4347
4371
4384
4402
4423
4450
4472
4493
4522
4538
4553
4572
4603
4626
4651
4666
4686
4708
4731
4756
4779
4808
4834
4859
4888
4916
4948
4975
4997
5022
5042
5065
5096
5133
5158
5182
5207
5227
5250
5276
5287
5314
5332
5354
5372
5396
5428
5452
5480
5504
5522
5544
5567
5583
5607
5625
5652
5681
5703
5725
5755
5768
5794
5822
5838
5865
5897
5921
5944
5968
5993
6027
6051
6076
6100
6123
6147
6177
6209
6241
6272
6305
6335
6368
6395
6435
6465
6489
6516
6546
6569
6597
6626
6655
6679
6711
6735
6747
6774
6803
6829
6853
6876
6912
6946
6968
6986
7015
7034
7057
7081
7116
7147
7174
7206
7237
7261
7298
7327
7360
7391
7419
7454
7475
7511
7541
7561
7586
7617
7653
7680
7718
7742
7779
7805
7841
7870
7906
7936
7963
8003
8025
8054
8076
8103
8131
8157
8191
8230
8254
8280
8310
8345
8378
8408
8435
8468
8503
8521
8543
8570
8603
8632
8653
8676
8696
8722
8749
8775
8797
8821
8853
8872
8897
8916
8938
8955
8979
9003
9023
9052
9083
9111
9143
9176
9206
9220
9256
9281
9298
9324
9345
9369
9395
9412
9431
9451
9482
9504
9530
9549
9563
9583
9603
9618
9641
9656
9682
9700
9724
9745
9770
9790
9814
9837
9856
9870
9888
9915
9932
9958
9968
9992
10011
10027
10041
10056
10070
10087
10107
10117
10137
10160
10175
10194
10215
10234
10248
10274
10294
10319
10346
10367
10380
10398
10415
10429
10452
10468
10484
10501
10529
10550
10565
10578
10593
10617
10632
10649
10667
10692
10720
10739
10754
10776
10793
10821
10839
10855
10869
10900
10919
10938
10959
10978
