0
0
0
0
0
0
1
1
1
1
3
3
3
3
3
3
4
6
6
6
8
8
9
11
14
16
18
23
25
29
33
36
39
44
48
53
56
62
65
74
81
89
93
98
108
115
126
137
142
149
154
162
169
179
187
195
196
202
207
218
231
241
252
257
262
273
288
303
312
319
328
339
348
359
367
380
394
406
417
427
438
454
459
472
487
494
502
515
529
544
560
572
581
588
597
610
619
633
645
659
671
684
694
704
710
722
736
746
752
762
773
782
790
798
809
817
826
830
841
854
860
865
873
883
892
896
910
924
937
947
960
969
985
997
1012
1021
1034
1047
1059
1071
1082
1098
1111
1122
1138
1153
1164
1181
1193
1206
1220
1235
1257
1268
1286
1304
1316
1331
1346
1359
1376
1391
1410
1425
1443
1463
1480
1496
1509
1520
1540
1552
1569
1581
1595
1613
1627
1650
1670
1680
1699
1715
1733
1739
1749
1764
1775
1791
1815
1830
1853
1869
1884
1896
1916
1932
1950
1962
1977
1989
2010
2026
2041
2059
2075
2090
2101
2112
2129
2151
2171
2189
2205
2226
2237
2248
2266
2287
2296
2310
2324
2342
2357
2372
2386
2400
2421
2436
2451
2462
2479
2499
2512
2525
2545
2564
2575
2595
2620
2646
2661
2668
2687
2706
2725
2741
2760
2778
2798
2809
2827
2838
2849
2865
2887
2903
2924
2940
2960
2975
2996
3006
3025
3036
3052
3063
3076
3105
3116
3135
3143
3157
3173
3188
3197
3213
3229
3242
3253
3265
3283
3295
3303
3317
3333
3355
3376
3387
3407
3426
3440
3458
3477
3488
3503
3518
3535
3557
3576
3591
3608
3621
3637
3649
3665
3684
3693
3711
3727
3749
3763
3777
3798
3820
3838
3864
3887
3910
3931
3949
3969
3986
4001
4019
4038
4062
4080
4101
4119
4146
4166
4190
4213
4244
4261
4278
4292
4318
4339
4359
4378
4391
4411
4434
4457
4475
4488
4516
4533
4560
4583
4599
4623
4643
4658
4683
4701
4726
4750
4765
4783
4808
4827
4846
4863
4885
4904
4923
4954
4984
5012
5037
5063
5084
5103
5133
5157
5184
5218
5245
5271
5297
5317
5352
5372
5396
5418
5441
5469
5498
5522
5551
5567
5596
5634
5652
5683
5702
5736
5762
5785
5816
5858
5880
5911
5942
5977
6010
6047
6069
6092
6118
6141
6176
6195
6221
6250
6269
6294
6324
6348
6376
6403
6434
6464
6497
6530
6567
6592
6619
6652
6682
6714
6733
6755
6783
6812
6838
6875
6900
6926
6942
6971
7004
7031
7052
7089
7124
7149
7182
7208
7244
7279
7301
7333
7359
7385
7414
7452
7479
7509
7535
7562
7599
7630
7665
7697
7723
7743
7771
7803
7832
7867
7907
7939
7975
8006
8031
8051
8080
8117
8158
8187
8223
8255
8297
8317
8348
8384
8411
8446
8472
8512
8537
8562
8587
8636
8667
8701
8734
8765
8810
8841
8871
8902
8932
8965
8987
9013
9042
9066
9100
9133
9166
9205
9229
9259
9287
9319
9357
9392
9425
9450
9476
9508
9541
9564
9595
9625
9655
9686
9706
9724
9750
9771
9800
9829
9853
9876
9900
9922
9940
9961
9987
10017
10033
10060
10080
10105
10131
10147
10173
10197
10218
10232
10255
10276
10299
10316
10337
10357
10385
10405
10423
10436
10458
10473
10500
10514
10536
10553
10565
10579
10592
10611
10625
10642
10656
10672
10694
10722
10738
10755
10771
10791
10812
10824
10841
10864
10884
10904
10917
10933
10950
10970
10988
11015
11025
11040
11059
11083
