0
0
0
0
0
0
0
0
0
0
0
0
1
1
1
2
3
5
5
6
7
9
12
12
17
18
19
21
23
25
29
35
40
44
49
51
59
66
73
77
80
85
93
101
106
109
118
133
142
148
154
161
172
179
187
197
208
218
229
242
249
262
270
280
296
310
324
335
342
360
380
393
409
421
434
444
452
470
478
492
503
516
527
539
555
570
581
591
604
619
631
653
657
671
687
701
707
716
727
734
748
756
768
784
802
815
831
845
854
862
874
887
903
917
928
938
951
968
973
990
1002
1023
1034
1050
1073
1088
1111
1122
1138
1157
1173
1189
1203
1219
1230
1245
1260
1282
1304
1320
1333
1352
1363
1375
1389
1405
1418
1443
1456
1472
1487
1502
1513
1530
1551
1565
1580
1597
1611
1625
1636
1647
1668
1683
1693
1710
1724
1738
1762
1781
1799
1816
1835
1854
1870
1881
1896
1918
1936
1953
1964
1984
1998
2015
2029
2045
2065
2084
2109
2128
2152
2176
2196
2215
2233
2248
2266
2287
2306
2331
2353
2375
2390
2415
2426
2451
2476
2493
2511
2530
2544
2563
2582
2603
2624
2639
2649
2671
2686
2713
2732
2751
2774
2798
2819
2851
2870
2895
2908
2931
2952
2972
2991
3010
3031
3062
3077
3097
3124
3153
3175
3198
3214
3232
3245
3257
3273
3295
3309
3329
3346
3368
3387
3408
3425
3451
3473
3492
3509
3524
3541
3560
3582
3602
3626
3656
3677
3700
3717
3742
3755
3773
3800
3819
3843
3867
3885
3909
3929
3947
3972
4000
4022
4047
4059
4085
4103
4120
4149
4167
4186
4201
4228
4257
4278
4303
4319
4347
4369
4392
4418
4441
4465
4488
4516
4543
4563
4587
4622
4654
4677
4699
4721
4756
4774
4807
4832
4856
4898
4930
4956
4981
5008
5034
5053
5073
5095
5123
5143
5168
5190
5217
5243
5272
5295
5317
5337
5359
5390
5414
5432
5457
5481
5505
5536
5565
5593
5626
5648
5675
5701
5724
5753
5774
5796
5827
5850
5880
5909
5946
5968
5995
6026
6065
6092
6130
6157
6192
6220
6247
6276
6309
6348
6374
6400
6427
6460
6491
6531
6554
6582
6607
6647
6680
6717
6746
6781
6813
6847
6891
6931
6963
7010
7040
7084
7117
7152
7170
7211
7246
7284
7322
7368
7408
7447
7481
7512
7561
7598
7636
7674
7702
7739
7778
7811
7860
7906
7945
7985
8024
8056
8099
8139
8173
8211
8248
8290
8330
8373
8419
8471
8494
8533
8568
8594
8639
8675
8716
8753
8778
8821
8862
8893
8928
8967
8989
9027
9062
9091
9125
9160
9188
9228
9254
9271
9305
9329
9360
9393
9414
9440
9475
9513
9543
9587
9609
9639
9674
9709
9739
9768
9801
9831
9864
9903
9936
9956
9986
10023
10054
10078
10117
10159
10195
10227
10253
10288
10323
10359
10391
10418
10446
10470
10508
10537
10564
10590
10621
10641
10671
10712
10753
10780
10813
10848
10875
10907
10936
10973
10999
11045
11085
11105
11135
11160
11192
11232
11265
11293
11307
11333
11363
11389
11415
11441
11471
11491
11527
11560
11601
11637
11669
11690
11716
11744
11766
11790
11816
11835
11861
11883
11907
11929
11939
11964
11983
12010
12043
12061
12091
12119
12142
12168
12193
12223
12256
12277
12306
12330
12359
12384
12408
12438
12461
12487
12517
12546
12573
12612
12632
12663
12687
12715
12740
12764
12792
12822
12856
12878
12906
12931
12945
12965
12991
13011
13036
13061
13092
13114
13141
13157
13172
13194
13214
13237
13249
13277
13306
13333
13363
13386
