0
70145
201571
299993
378132
441551
493921
536687
570850
599610
623029
642677
658020
670383
681010
688545
694446
699255
703516
706498
708804
709987
710225
710880
711208
708868
708638
707643
706972
705778
703627
701553
698077
694993
692149
689035
684960
681129
677363
672652
667868
662627
656553
650413
644807
638036
631925
625345
617736
611018
604313
597809
591090
584178
575835
568028
560812
552895
544368
536563
529550
522261
515285
508207
500677
492673
483552
475750
467555
459935
452449
444316
438242
431214
424254
417160
410133
403162
397418
391847
385724
379934
373049
366622
360492
354600
350072
345075
339312
333256
328007
321588
315918
309911
303714
297568
291578
286499
281224
276972
273094
271436
268416
264054
260046
256436
252934
249665
245817
242407
239167
234816
230911
227252
223675
220559
218311
215628
212603
210051
209135
207291
204358
201424
199303
197603
195939
195246
194445
194557
193628
193405
193047
192227
190771
188714
187241
185350
183939
183359
183855
184163
184709
184510
183896
184254
183779
184043
184395
184576
184839
184103
183426
183977
184594
184872
185816
186487
186953
187725
188817
189237
189908
189564
188390
187281
185729
185469
185179
185308
186192
186214
186744
186867
186549
185419
183760
183187
182508
180905
179511
178621
177592
176813
176840
176798
175549
176052
176763
177400
177732
178614
180650
181872
182575
182776
182408
182250
181256
179752
179215
178078
178362
177577
177749
178301
178029
177829
177103
177034
176012
176914
178139
179266
180624
181061
180982
180431
180066
180365
180430
180850
180459
180128
180948
181168
181962
181090
181017
180470
179409
178983
178091
176571
174739
174129
173678
173054
172701
172986
173268
173373
173114
172244
173337
175095
176193
176040
175160
173826
172793
172723
173504
173815
175036
176345
176983
177281
178072
178613
178717
178779
179110
178806
178076
177353
177975
178492
178922
179020
178474
178114
177497
176989
177032
176963
177416
177597
177854
177280
177588
178317
178527
178126
177620
176837
176794
176356
176953
177933
178749
180565
181928
182082
182668
183083
182928
182512
181650
182371
182431
182652
181963
180804
180154
179899
179526
179564
178830
177885
177804
177494
177883
178504
179368
179802
180201
180409
179823
179635
179266
178894
178642
179214
179099
179251
179443
178766
177474
176625
175915
175443
176062
176180
176392
176593
177325
177580
177360
177448
177250
177620
177347
176613
176384
176198
177602
178293
178549
179173
179951
179802
179458
178394
178474
178484
178288
177240
177020
178004
178476
178303
178188
177653
177140
177447
178327
179500
180101
179678
180860
181778
182204
182927
182764
182768
182248
181931
182140
182219
181773
182292
181387
180379
180354
180021
180152
180162
180145
179655
178932
177827
176757
175440
174883
174800
174753
175648
176610
177620
177528
176770
177097
176536
176000
174881
173764
173216
172685
173512
175129
175349
175026
175620
176572
176554
175200
173736
172275
172053
172018
171986
172219
172310
173293
175099
176058
176650
176158
175666
175475
175941
175284
175010
174137
173130
171962
171819
171701
172627
172766
172303
171716
170332
168802
167358
166205
166492
165897
165644
166141
167788
168500
167679
167334
167982
168325
168144
168068
167706
166781
165666
165235
164388
163582
163753
164606
164981
165636
165798
165324
165400
164403
163179
162421
162032
162860
163913
165054
165767
164807
163820
163566
163382
163515
163070
163658
163510
162393
161954
161337
160275
159436
158841
158095
157489
156500
155371
154272
153414
152295
151064
150953
150438
149655
149089
148874
149009
149162
149783
149230
148374
147667
146390
145678
145055
143653
142853
141572
141258
140443
139143
137787
136928
136763
136795
136768
136294
135017
134025
133584
132816
132123
130314
128917
128322
127885
128089
127764
127589
127496
126260
125609
125209
124651
124341
123951
123691
124713
125107
124991
125679
125661
125587
124229
122903
121717
120832
119851
120071
120501
120526
120194
119050
118412
118373
118723
118281
118702
119478
119959
119619
117924
116213
115518
115888
116776
117263
117613
117359
117437
117501
118084
118466
119118
119790
120214
119983
119772
118969
118363
118470
118545
118654
119139
119341
118482
117850
117540
118100
118479
