0
71730
202548
299012
377023
440079
492466
535433
570900
598597
621053
640539
656063
668621
678840
686676
692486
697017
701022
704201
706818
708624
710561
710357
710224
709926
708381
707619
705841
704198
702135
701036
697005
692985
689821
686027
682073
677201
672412
666374
660707
655217
648710
641179
633356
626543
620368
614668
607098
598775
590645
583353
575009
567365
558881
551737
545471
537644
529802
521582
512664
503431
496346
488316
481962
474869
467920
461390
453586
446173
439278
434144
429744
423838
417452
412119
405308
398983
392881
387209
381714
376921
369884
363688
357634
352532
347985
344083
339057
334711
329914
324251
319100
315492
310101
305219
299740
294282
288596
283759
278781
275838
272626
269021
264950
261710
259671
258366
256243
253457
250576
247922
244967
241757
238759
235328
232706
229070
225159
222392
219160
215607
212904
210961
209354
207796
205871
204632
202952
201878
200741
198923
196373
194390
193672
193138
192391
191001
190261
190543
190758
190104
189608
188818
187466
187704
187827
187082
185721
184983
184385
184227
183877
183753
183302
182381
181563
181525
181432
180337
179579
179696
179463
179346
178183
177662
177796
178498
178964
179312
179137
178822
179342
179934
180061
180210
179940
179733
179776
180387
180402
179375
178085
176634
175796
175934
176464
177179
177726
178832
178883
178458
178799
178623
177243
176460
175314
174209
173229
172768
173396
174093
174972
175904
176062
175637
175243
175025
175132
174437
173500
173764
173494
174154
174748
175188
176343
177639
177896
178603
179214
178950
179362
179516
179006
177857
177437
176514
175275
174033
173663
174531
175511
176104
176808
177371
177742
177839
178509
178972
178694
179125
178651
178850
178435
178646
178286
176593
175022
174481
174672
174467
175115
175513
175241
175429
175647
175957
176052
175610
175075
174286
174216
174736
174094
174643
174958
176229
176987
176770
176719
177184
177215
177412
179050
179461
179385
178975
179185
179778
181269
182189
182548
182797
182053
181050
180022
178893
177831
178056
178464
178610
178814
179744
180765
181537
182102
182757
183332
183012
183014
182647
182799
182556
181786
180808
179799
179333
179293
178918
178682
178644
178893
177306
176376
175366
174406
174552
174813
174549
174875
174844
174180
174061
174188
173699
174185
173542
173103
173491
174134
174204
175572
175493
174865
174144
174670
175651
176651
177565
177692
177194
175943
175204
175173
175736
176515
177356
177782
177935
178198
179090
179718
180134
179454
179709
180034
180086
180047
179330
179019
177781
177498
176672
175704
175811
175825
176124
175924
175710
175589
174519
173239
173136
172599
173044
174085
174082
174080
172775
172121
172479
172618
172679
172061
170685
169778
169087
168307
168022
168665
169260
170275
171404
172380
172750
172766
173565
172989
173458
173624
174318
175693
176544
176636
175987
175857
176826
178486
178468
178751
179571
179802
179115
178478
178005
177552
176941
176342
175463
174651
173974
173670
172786
171578
170099
169376
169039
168409
168232
167094
166181
165487
165732
166074
165126
164262
164874
165658
166095
166993
167725
167878
168375
169511
170020
170598
170849
170821
170714
171290
171296
171205
171666
171586
171606
172139
173610
174465
174632
174011
172461
171237
170443
170213
169532
169853
170565
170925
171192
171373
171531
171360
171312
171248
170427
169697
169417
169055
169265
169100
168854
168973
168113
166593
165289
163739
162055
160801
160349
159328
157843
157072
155897
154960
155294
155043
154263
153691
153607
153469
151943
149872
147945
147527
146531
145460
144282
143690
143266
143160
143011
142918
142464
141538
140950
140941
140789
141364
141844
141895
141784
142293
141955
141531
140495
139643
138689
137152
135861
133973
131864
130298
129708
129329
128473
128407
128195
128259
128443
128059
127006
125792
125344
125242
125046
125418
125750
126644
126901
127205
126503
126695
127107
127940
128439
128036
127185
126076
126455
126293
125887
125677
126640
127999
129212
129985
130162
129822
129601
129367
128804
128155
128425
127965
127337
125671
125076
124767
124266
123197
122229
121691
121800
122189
122724
123157
123666
124339
125027
124742
125202
125427
125944
126965
127531
127229
126426
125047
125157
125246
