0
71161
201607
299077
376982
440737
492376
534451
569074
597736
622048
640590
656197
669073
678692
686984
693966
699712
702379
705630
707831
709694
710401
710303
710367
709814
708588
707275
705211
703711
700931
698328
696010
692848
689655
687073
683425
679508
675384
671635
667539
661890
656960
653016
648304
642018
635135
629940
623793
618431
613842
609239
603083
595255
587705
580936
572848
564928
556980
549645
543751
536690
528988
521196
512078
503971
494260
486581
478775
471005
463015
456109
449723
443070
436288
429740
421148
414057
406947
399789
393807
387788
381069
375466
368943
362250
356090
349417
342872
337031
332232
326411
321939
317049
312905
307996
303124
297805
292332
288913
284974
280868
276083
271566
268117
263210
259348
256086
251291
248074
244805
241467
238383
234945
231983
230056
227775
224708
221999
220487
218005
216393
215244
213418
210651
208392
206390
204442
202174
200755
199980
199678
198498
197066
196095
195422
194341
194054
193351
191769
190124
189807
188844
188028
188556
188740
188524
188156
188699
188953
188796
188959
188268
187583
188109
188995
189390
188848
188196
187636
188105
187571
186099
185316
184446
183524
182282
182700
183285
183661
183858
184179
184990
185536
185590
186470
186671
185330
184343
183185
182208
181660
181546
181111
181293
181909
181939
181004
179733
178601
178581
177737
178306
179028
179995
180954
181458
182376
182209
182419
182279
182463
181785
180796
180307
180317
180457
180810
181516
182118
182838
183862
185227
185872
185948
184866
183573
183432
183090
183000
182698
182361
181496
181065
180825
180501
179785
179465
178547
178648
179389
179383
177843
177186
177077
176654
176018
175445
175772
175677
175696
175983
176180
175544
175850
175772
175864
174482
173497
172578
172607
172952
172332
171464
170799
170923
170658
170760
171883
172097
172066
172632
172707
172432
172832
173046
173757
174039
173684
174714
176163
177453
177689
177558
177464
177616
176389
175652
174685
172722
171270
169871
168940
167521
167421
168947
170247
170728
170709
170601
169596
169556
169903
168952
168875
169953
171296
172987
173951
174781
176293
177044
177905
178805
179688
180745
180767
179508
178573
178068
177756
176952
176173
176093
175703
174646
174699
175761
176893
176552
177184
178336
178461
177080
175941
174863
174491
175000
175097
175284
175286
174629
173576
172889
173166
173081
173282
174015
173755
172779
172806
173751
175057
176056
176354
176568
177760
178455
178978
179568
180076
179804
179335
179610
179384
178137
176428
175514
174780
174661
174697
175957
176729
177246
177745
177605
178337
177577
176512
176688
175976
176139
176751
176918
176907
175772
174643
174248
173766
173486
173297
173334
172890
173179
173377
174035
174430
175251
175838
176074
176851
177834
178697
178949
179097
179158
178136
177694
177556
178703
179803
180508
181588
182194
182536
182707
183141
182344
181959
181906
182502
182649
182581
182594
182071
181377
180826
180563
180764
181283
181656
181475
180180
178764
177628
176811
175855
175681
176134
177180
178268
179924
180464
180430
179896
179200
179603
179792
179891
179715
179250
179161
179508
180581
181674
182223
181809
181851
181748
181276
181474
181282
180192
179393
179130
177896
177483
176810
176295
175323
174822
174811
174884
175526
175731
175012
174787
174172
173961
173467
173508
173548
173009
172562
172338
173375
174462
174178
173620
172601
172297
171507
170423
169015
167821
167355
166848
165397
164553
164540
164259
163238
163277
163262
163301
162737
162076
162134
161304
160894
160038
158928
158954
159063
158333
158761
159456
158950
157891
157537
156352
155896
154800
153307
152388
151480
149698
147977
146507
145120
144339
143354
142468
142118
142447
142088
141597
141927
141409
139929
138732
136812
134831
133553
133567
133480
133452
133506
133848
134219
134760
135430
135192
135407
135514
135644
135665
135442
135130
135013
135199
134172
133351
132282
131964
130978
129614
129456
129367
129137
129396
129573
129221
129733
129378
129409
128763
128760
129020
129655
129827
129787
129886
129797
128470
128667
128881
128744
128395
127798
127458
128180
128612
128931
128233
127866
125971
125052
125189
124830
123907
123583
123303
123474
123960
124633
125181
124839
124501
124365
124505
