0
72056
202150
299598
378608
441594
493722
536025
570672
599562
622340
641183
656883
669204
678857
687154
693214
699375
702353
705503
708212
709272
710509
711071
711257
710165
709248
709262
708396
707111
704912
702762
700112
696890
695025
691420
687952
683763
679275
675035
671398
667405
662670
657168
651893
647372
642318
635887
629242
623284
617280
610088
602415
594094
585878
579201
572616
566363
557889
551102
544823
537428
529466
522672
515742
508102
501574
494745
485713
477938
469966
462472
453955
447080
440685
433663
425242
417772
411270
403684
395371
388675
382379
376760
370355
364325
359123
355149
350470
343997
338055
331955
326039
320114
315247
310692
305403
301178
296244
290685
286795
282811
278496
274718
269981
267571
263823
260889
256228
251543
247332
243061
240182
238117
235525
233172
230369
228301
225020
221983
219830
218123
215729
214581
213258
211880
209990
208834
206569
205303
205800
205219
204114
202989
201830
200852
199579
198845
197289
196506
195652
194801
194175
194078
193873
193572
192950
192199
191746
191647
192546
193303
193629
193698
193861
193914
194023
193249
192094
190767
190082
188820
187836
186839
185514
184375
182997
182245
181256
180666
179631
179420
179177
179206
179551
180467
180735
180813
181417
181380
180808
180426
180596
180619
180362
180258
179767
179946
180988
180801
182312
183571
184914
186279
185932
186481
186395
185933
185549
185492
185227
184913
184054
183970
183541
184350
183639
182294
181465
180129
179438
178210
177791
177928
177522
178297
178242
178028
177883
177879
179148
179819
179663
179471
179634
179694
180094
179791
178969
178270
178305
178091
177363
176938
177109
176487
176019
176101
176261
176465
176551
176909
176679
175814
175007
174891
176043
177542
179441
181200
181602
181507
181693
180961
180305
180032
180231
180332
180302
179886
180325
181452
182977
183124
182892
183460
182720
182168
180607
179560
179508
180014
179485
179226
179378
178628
178365
177119
176826
177469
178556
179789
179292
179013
178339
178244
178568
178605
178507
178430
178495
178850
180357
181555
181603
180843
180522
179375
177997
176729
174980
174706
174852
175533
176154
175846
175899
174554
173987
174112
173976
173687
173801
173415
173708
173533
173320
172798
172837
172869
172837
172936
172300
171425
170881
171392
172949
174589
175083
174777
175327
176440
177777
179354
180543
180872
181354
181766
182024
180878
178995
178382
178700
178742
179027
179849
179288
179485
179299
178599
178031
177710
178127
177883
177744
177689
176954
176371
176402
177028
176782
176816
176842
177195
178269
179685
180898
181281
181586
182010
181773
181109
180157
179084
177657
177656
177735
177853
177765
178119
177882
176954
176432
176656
176298
176751
176580
176380
176869
178337
179794
180134
180123
180237
180416
180763
181517
183198
183022
183738
183506
183894
185032
184927
185256
184122
183794
182573
180597
178832
177095
175576
175262
174820
174488
173727
173192
172925
173210
173051
172800
172544
172187
171476
170704
169972
169302
168756
168900
169460
170256
170505
170112
169061
169239
170589
171463
172188
173142
173509
174491
174923
175603
176662
177899
179565
180080
180792
180045
180012
180722
180393
180179
179621
179024
178657
177356
176617
176685
177059
178267
178483
178830
179122
178895
178700
177717
176679
175977
176272
177353
177215
176994
176895
175950
174816
173513
173553
172806
172141
172005
171292
171230
170515
169747
168262
167893
166590
165435
165384
165943
165778
166051
165489
166090
165806
165929
165354
165821
166761
166010
164603
164348
163404
163020
163310
162724
161858
160866
160001
158325
157260
156475
155201
154080
153524
153313
153208
152740
152400
151780
151438
151540
152308
153190
152902
153183
152271
151308
150867
149773
148928
147790
145978
145195
143789
143262
142753
142857
142257
141928
141734
140153
138687
137643
137636
137784
137130
136633
135689
134030
132779
132728
132010
132100
133171
133468
133480
133669
133322
132831
132383
132069
132148
132266
132219
131557
131714
132046
132207
132277
132386
132142
132017
131397
130478
130353
131173
131811
131817
131244
130741
130571
130401
129592
128952
129416
130375
131006
131186
131143
130436
129478
128643
127223
125586
124784
124460
124018
124578
125347
