0
0
0
1
3
5
8
12
15
20
23
29
38
43
51
57
65
69
70
77
87
94
97
105
109
115
121
123
128
131
140
144
142
144
148
152
152
154
157
157
157
156
156
158
156
157
157
157
157
156
157
153
148
148
148
146
146
143
141
137
134
134
128
127
124
122
120
120
119
118
117
114
111
109
107
109
110
110
106
107
109
107
104
102
104
103
102
101
101
99
97
96
97
97
96
95
94
92
91
89
92
91
89
86
83
79
77
76
75
75
74
73
77
77
76
75
76
75
75
73
68
66
67
64
62
63
64
64
65
63
61
61
62
62
59
59
58
57
58
60
58
59
56
52
51
52
53
52
52
51
54
54
53
54
55
54
56
55
56
58
58
56
57
55
53
53
53
52
54
55
54
53
50
51
49
51
50
50
51
50
51
52
50
50
51
52
54
55
55
57
56
55
56
55
54
55
56
54
54
55
54
52
55
55
56
57
56
57
57
58
58
57
53
51
51
49
50
52
53
55
53
54
55
56
55
53
57
57
60
62
62
61
58
55
57
58
60
61
64
64
64
64
63
63
62
60
61
58
58
57
56
56
52
54
54
57
58
59
60
59
56
56
54
53
52
54
57
58
58
61
61
63
63
63
65
64
64
63
62
62
63
65
67
66
68
68
68
68
66
65
63
61
63
64
65
65
67
65
63
62
62
61
62
62
63
63
62
62
61
60
61
62
64
65
65
63
61
63
67
66
68
67
70
70
69
68
69
69
70
69
70
70
72
75
74
76
77
80
83
81
81
82
86
88
94
93
89
88
86
85
88
89
89
90
93
92
90
92
94
94
93
92
93
92
93
95
96
99
105
99
96
96
95
94
90
91
92
90
90
91
91
89
89
86
85
85
85
83
83
83
82
82
84
85
85
89
91
91
91
92
95
98
96
92
92
95
95
96
96
95
96
96
100
98
100
97
97
98
97
99
102
100
104
102
102
104
104
104
107
109
109
105
109
106
105
107
104
105
103
105
107
107
107
102
98
99
99
98
99
99
99
99
100
101
102
104
103
106
104
106
102
104
103
105
104
101
104
99
100
99
97
95
96
98
98
95
96
95
97
98
101
103
105
103
102
102
103
102
96
99
101
103
103
104
106
105
104
100
100
101
101
100
101
99
99
101
102
97
99
98
97
99
99
98
100
94
98
97
98
98
99
101
101
102
101
102
104
104
105
107
108
114
114
112
111
112
116
112
113
113
114
112
113
114
116
117
118
119
119
121
121
121
122
121
120
121
124
121
121
120
121
120
119
117
114
112
109
107
104
104
102
101
98
98
99
99
98
99
97
98
99
102
102
101
101
99
98
97
96
93
92
96
98
95
96
95
93
93
95
91
90
