0
0
1
3
4
6
11
12
12
19
23
28
31
38
45
54
64
71
77
89
94
94
103
112
116
122
130
139
141
142
154
156
160
166
170
171
174
177
180
181
180
187
189
191
189
188
182
188
181
182
179
183
184
183
184
179
180
178
180
175
173
175
171
169
173
171
168
166
162
161
159
158
157
155
152
154
150
147
144
140
136
135
133
133
130
127
124
121
120
121
120
119
119
118
116
114
113
110
110
109
107
108
108
110
108
107
103
103
99
99
99
100
99
99
98
96
93
90
89
89
88
90
88
85
84
83
83
82
82
81
80
79
80
80
79
80
80
79
79
75
73
71
68
71
70
69
67
70
71
70
68
66
67
65
64
65
63
62
62
63
64
62
61
59
58
57
58
60
59
59
59
59
58
56
53
53
53
52
51
52
50
49
49
49
49
50
48
49
48
48
48
48
50
51
52
51
52
53
52
53
54
52
51
50
52
51
50
49
48
51
52
52
53
53
51
49
50
51
54
55
55
53
51
52
52
54
52
49
49
47
49
49
50
50
51
53
55
55
54
54
55
56
55
55
53
53
54
55
53
53
53
54
55
57
57
58
58
55
58
60
63
65
65
64
64
63
60
63
62
64
63
63
62
62
62
61
65
65
67
68
65
65
66
65
64
64
65
68
66
66
64
66
66
63
64
65
68
66
64
63
63
65
65
65
66
67
68
70
69
70
72
69
69
70
70
69
68
72
70
68
69
68
70
69
67
66
65
66
63
62
65
64
65
71
72
73
73
76
75
74
74
79
79
84
82
84
84
87
88
89
88
87
88
88
86
84
85
85
83
81
80
81
80
79
78
79
80
81
81
80
82
81
82
86
88
89
88
89
90
91
92
91
90
88
92
92
94
93
91
96
94
94
93
92
87
87
87
91
89
90
91
91
93
92
94
93
91
93
93
95
100
101
106
102
102
103
103
105
105
106
105
104
106
104
102
103
108
107
107
108
107
106
107
105
107
108
108
109
115
114
113
116
114
116
117
114
113
118
119
117
116
117
113
113
114
113
116
118
121
121
122
124
126
125
127
130
128
130
129
126
126
124
121
124
121
121
123
123
123
123
125
126
128
128
126
130
129
124
122
118
116
113
114
114
111
113
113
112
113
112
114
112
113
112
113
115
114
117
120
124
124
119
120
124
125
124
124
128
131
130
126
130
128
130
134
134
132
133
133
134
132
130
132
132
131
133
137
136
137
137
138
138
134
132
133
134
135
133
135
137
133
132
130
128
127
126
125
125
125
121
121
123
124
124
126
126
124
120
122
123
121
126
123
126
125
123
122
122
122
121
122
122
122
121
122
122
123
120
121
121
120
121
122
118
124
120
120
119
121
123
120
