0
208
440
672
893
1116
1357
1560
1780
1987
2208
2405
2604
2814
3011
3224
3434
3617
3809
4015
4217
4455
4659
4870
5087
5310
5538
5750
5944
6126
6315
6555
6775
6976
7174
7384
7585
7804
8018
8246
8438
8647
8854
9066
9268
9467
9691
9905
10119
10337
10525
10742
10950
11167
11386
11604
11826
12056
12282
12468
12698
12902
13130
13369
13581
13787
14013
14232
14428
14634
14840
15039
15233
15457
15659
15877
16098
16312
16520
16740
16954
17158
17373
17584
17778
18018
18231
18423
18627
18847
19062
19280
19491
19673
19895
20094
20300
20508
20707
20929
21144
21357
21577
21774
21965
22190
22403
22624
22824
23019
23211
23424
23638
23858
24052
24260
24470
24669
24861
25061
25294
25512
25723
25935
26133
26340
26534
26735
26941
27171
27374
27581
27773
27977
28174
28354
28559
28775
29011
29234
29439
29660
29863
30060
30248
30472
30686
30889
31108
31322
31522
31739
31952
32151
32375
32573
32808
33011
33249
33474
33694
33909
34135
34341
34543
34739
34916
35132
35322
35547
35735
35956
36173
36386
36615
36830
37040
37233
37411
37604
37799
38009
38235
38441
38667
38874
39102
39314
39508
39712
39907
40124
40326
40546
40767
40976
41170
41390
41590
41797
41988
42200
42396
42585
42807
43006
43209
43419
43628
43828
44049
44261
44484
44698
44895
45091
45274
45480
45713
45918
46141
46343
46534
46740
46918
47128
47362
47551
47781
47974
48182
48386
48567
48768
48981
49196
49408
49607
49815
50011
50216
50441
50660
50866
51079
51287
51478
51695
51882
52090
52294
52513
52704
52921
53112
53326
53543
53752
53957
54138
54362
54564
54765
54954
55174
55355
55559
55765
55977
56207
56397
56588
56775
56972
57172
57381
57587
57775
57972
58158
58355
58563
58760
58934
59140
59346
59556
59758
59975
60177
60383
60613
60783
60983
61175
61349
61548
61748
61944
62145
62333
62555
62759
62975
63167
63358
63566
63774
63959
64143
64340
64531
64731
64929
65127
65350
65544
65767
65974
66158
66351
66546
66769
66968
67176
67381
67581
67773
67972
68165
68389
68595
68756
68964
69171
69369
69581
69800
69989
70161
70346
70563
70739
70932
71143
71340
71558
71738
71944
72134
72327
72537
72740
72926
73116
73321
73499
73735
73934
74125
74338
74536
74719
74913
75108
75303
75496
75700
75896
76081
76267
76439
76631
76855
77043
77240
77445
77644
77836
78002
78177
78392
78574
78770
78982
79177
79366
79558
79758
79944
80129
80353
80545
80762
80969
81159
81361
81579
81775
81986
82186
82402
82606
82805
83002
83194
83373
83581
83770
83957
84160
84340
84523
84748
84937
85124
85308
85497
85677
85889
86085
86284
86479
86659
86855
87071
87243
87420
87614
87830
88003
88233
88456
88652
88871
89057
89281
89476
89666
89857
90056
90241
90449
90653
90845
91042
91250
91452
91632
91821
92019
92218
92412
92582
92808
93021
93208
93393
93580
93757
93958
94131
94317
94518
94708
94897
95113
95326
95527
95717
95913
96116
96311
96492
96696
96880
97072
97282
97451
97644
97846
98044
98245
98451
98656
98833
99026
99230
99420
99620
99823
99981
100191
100384
100597
100789
100980
101158
101371
101561
101766
101960
102155
102353
102552
102771
102947
103129
103329
103525
103717
103909
104117
104333
104535
104721
104913
105098
105283
105464
105679
105873
106081
106254
106434
106617
106840
107016
107185
107357
107532
107731
107902
108109
108303
108506
108682
108905
109096
109301
109509
109721
109927
110127
110344
110519
110725
110911
111114
111304
111496
111667
111872
112051
112213
112388
112588
112779
112979
113172
113359
113544
113749
113934
114114
114286
114486
114686
114880
115062
115258
115434
115628
115819
116004
116212
116372
116551
116744
116938
117109
117271
117470
117663
117838
118010
118228
118407
118584
118776
118976
119154
119331
119513
119726
119905
120111
120289
120482
120650
120840
