0
194
419
603
800
1005
1204
1384
1604
1820
2042
2234
2443
2657
2857
3072
3255
3459
3663
3862
4077
4281
4495
4677
4905
5122
5330
5535
5759
5972
6185
6385
6618
6842
7065
7292
7509
7730
7966
8188
8388
8589
8804
9022
9219
9421
9632
9833
10063
10276
10507
10738
10945
11194
11411
11626
11853
12088
12302
12525
12750
12973
13178
13402
13614
13796
14013
14221
14410
14622
14845
15036
15249
15432
15636
15834
16022
16249
16431
16641
16843
17047
17244
17449
17673
17896
18102
18296
18485
18687
18899
19090
19319
19562
19739
19937
20158
20368
20580
20808
21008
21244
21458
21675
21872
22105
22318
22513
22721
22934
23150
23372
23584
23822
24029
24242
24454
24673
24876
25091
25275
25483
25686
25914
26138
26362
26571
26763
26980
27213
27428
27663
27891
28090
28289
28499
28696
28910
29130
29356
29567
29776
29999
30228
30432
30636
30852
31077
31305
31493
31715
31919
32132
32359
32570
32764
32972
33162
33373
33578
33768
33971
34170
34414
34646
34864
35097
35306
35489
35697
35939
36159
36364
36560
36759
36969
37197
37389
37591
37795
37988
38209
38420
38630
38844
39040
39240
39458
39672
39895
40112
40337
40545
40744
40947
41169
41379
41568
41798
42010
42231
42436
42644
42874
43086
43292
43492
43687
43902
44119
44307
44517
44709
44898
45105
45328
45549
45749
45962
46159
46351
46548
46764
46951
47153
47358
47552
47766
47965
48181
48383
48607
48832
49036
49244
49433
49645
49851
50076
50269
50441
50640
50824
51048
51261
51480
51700
51883
52096
52284
52480
52662
52862
53064
53250
53444
53639
53847
54052
54257
54460
54649
54860
55060
55273
55494
55686
55891
56093
56293
56486
56698
56903
57103
57296
57509
57710
57922
58128
58334
58533
58745
58954
59175
59388
59593
59783
59968
60196
60387
60572
60756
60948
61164
61357
61554
61772
61961
62129
62328
62524
62734
62942
63145
63355
63548
63765
63980
64194
64385
64574
64822
65004
65197
65398
65574
65787
65990
66190
66372
66563
66781
66976
67197
67401
67559
67770
67993
68203
68397
68593
68804
69014
69199
69416
69600
69807
70004
70194
70425
70628
70828
71021
71237
71427
71642
71853
72040
72239
72458
72652
72852
73060
73262
73469
73670
73885
74085
74288
74521
74735
74955
75144
75353
75577
75799
76012
76202
76399
76574
76784
76994
77190
77398
77585
77791
77994
78190
78386
78597
78807
79003
79205
79405
79591
79772
79974
80165
80369
80554
80774
80964
81138
81338
81537
81727
81898
82087
82305
82484
82683
82882
83097
83292
83477
83676
83871
84062
84276
84477
84669
84855
85039
85236
85441
85638
85830
86042
86247
86425
86615
86817
87001
87186
87398
87593
87781
88001
88167
88343
88539
88729
88929
89128
89327
89531
89723
89920
90117
90301
90462
90648
90851
91031
91225
91424
91629
91811
92025
92233
92403
92583
92763
92975
93165
93349
93531
93729
93934
94127
94320
94507
94694
94907
95143
95334
95536
95738
95927
96138
96325
96528
96711
96914
97116
97309
97521
97711
97912
98088
98266
98459
98650
98842
99022
99227
99431
99623
99802
100015
100201
100406
100618
100825
101046
101244
101438
101645
101833
101994
102167
102354
102554
102766
102965
103153
103337
103518
103705
103893
104082
104267
104494
104695
104880
105051
105232
105414
105607
105780
105964
106137
106322
106504
106676
106853
107059
107270
107470
107655
107857
108030
108237
108405
108607
108795
108970
109180
109376
109577
109793
110005
110190
110381
110575
110762
110958
111169
111357
111547
111715
111893
112071
112251
112429
112627
112821
112977
113197
113383
113573
113754
113974
114151
114345
114556
114763
114945
115170
115353
115530
115705
115883
116079
116265
116481
116651
116857
117027
117220
117404
117599
117794
117991
118169
118349
118543
118732
118906
119084
119253
119449
119630
119810
120025
120240
120433
120619
120816
121022
121211
