0
234
459
683
893
1109
1337
1573
1775
2011
2216
2414
2620
2831
3077
3294
3503
3703
3899
4079
4298
4526
4748
4949
5153
5352
5567
5787
6007
6214
6409
6620
6811
7029
7245
7456
7658
7863
8051
8263
8464
8666
8861
9089
9304
9519
9726
9957
10158
10355
10548
10741
10951
11185
11400
11640
11818
12002
12211
12441
12644
12846
13042
13246
13461
13670
13909
14108
14313
14525
14737
14950
15162
15409
15621
15811
16026
16230
16428
16654
16871
17056
17269
17492
17674
17884
18103
18334
18551
18756
18991
19198
19393
19633
19837
20041
20243
20459
20666
20872
21077
21303
21486
21716
21935
22167
22402
22620
22820
23022
23228
23445
23661
23870
24101
24292
24516
24730
24903
25107
25296
25514
25744
25956
26185
26381
26611
26823
27014
27245
27456
27668
27867
28074
28288
28479
28678
28884
29135
29339
29551
29777
29987
30180
30373
30573
30793
31015
31245
31472
31685
31899
32103
32313
32522
32754
33007
33260
33497
33716
33958
34184
34409
34604
34835
35047
35231
35417
35618
35825
36034
36248
36447
36646
36844
37053
37280
37481
37710
37902
38109
38367
38572
38775
38998
39196
39409
39606
39834
40022
40219
40432
40637
40831
41052
41255
41451
41655
41852
42063
42282
42481
42675
42891
43102
43316
43517
43728
43922
44143
44343
44556
44742
44957
45143
45338
45543
45759
45973
46188
46392
46599
46828
47027
47208
47413
47606
47807
48021
48219
48463
48652
48853
49033
49230
49415
49636
49846
50069
50290
50518
50718
50933
51134
51324
51539
51753
51981
52169
52367
52581
52772
52973
53167
53353
53543
53759
53963
54180
54373
54591
54819
55029
55232
55408
55587
55807
56023
56229
56437
56639
56839
57051
57252
57467
57676
57863
58073
58262
58453
58666
58859
59072
59279
59478
59688
59874
60070
60298
60497
60713
60905
61087
61287
61522
61715
61911
62123
62337
62548
62727
62944
63137
63333
63527
63748
63955
64178
64359
64547
64739
64943
65161
65355
65560
65754
65985
66187
66402
66602
66795
66996
67202
67386
67619
67806
67999
68202
68426
68599
68803
69015
69230
69428
69613
69819
70020
70215
70430
70629
70838
71037
71254
71443
71642
71847
72029
72217
72452
72661
72884
73105
73300
73512
73719
73943
74120
74328
74501
74680
74901
75100
75298
75513
75716
75926
76106
76306
76494
76675
76877
77094
77287
77511
77709
77914
78098
78255
78469
78646
78846
79030
79234
79448
79637
79839
80041
80236
80430
80607
80798
80996
81196
81389
81639
81851
82020
82217
82420
82623
82807
82987
83183
83383
83583
83752
83945
84149
84351
84541
84737
84922
85133
85340
85532
85746
85939
86145
86352
86527
86713
86887
87096
87303
87482
87677
87855
88044
88242
88472
88686
88863
89067
89260
89450
89668
89871
90081
90268
90441
90607
90798
90997
91208
91404
91607
91830
92036
92219
92430
92630
92845
93030
93226
93434
93630
93839
94008
94193
94385
94574
94745
94961
95141
95334
95522
95707
95908
96109
96325
96529
96713
96923
97126
97310
97508
97698
97907
98084
98277
98460
98656
98868
99067
99274
99463
99677
99858
100077
100257
100452
100633
100843
101016
101202
101367
101529
101715
101930
102111
102286
102468
102668
102847
103021
103203
103411
103614
103782
103955
104152
104332
104537
104736
104887
105063
105249
105416
105588
105769
105949
106127
106340
106536
106727
106924
107113
107306
107489
107674
107859
108053
108272
108465
108613
108813
108980
109208
109382
109564
109753
109947
110150
110324
110500
110687
110888
111082
111255
111446
111645
111830
112011
112210
112395
112568
112766
112954
113155
113348
113555
113752
113931
114108
114290
114485
114676
114833
115001
115195
115369
115574
115756
115939
116121
116316
116475
116655
116844
117024
117222
117409
117601
117794
117968
118154
118325
118521
118724
118906
119078
119275
119473
119654
119826
120028
120197
120372
120535
120753
120953
