0
233
437
646
843
1074
1298
1504
1719
1928
2106
2329
2554
2773
2961
3158
3358
3572
3786
4002
4214
4424
4634
4836
5040
5264
5468
5693
5899
6142
6333
6566
6755
6949
7138
7363
7555
7765
7975
8182
8367
8596
8828
9015
9225
9478
9699
9902
10145
10352
10582
10809
11047
11250
11487
11720
11925
12144
12335
12545
12762
12967
13163
13388
13612
13795
14022
14239
14473
14692
14892
15103
15308
15524
15749
15953
16194
16384
16590
16806
17034
17230
17448
17634
17855
18069
18272
18491
18686
18920
19101
19305
19507
19708
19931
20135
20339
20537
20749
20963
21167
21396
21636
21863
22062
22253
22491
22722
22925
23117
23348
23581
23816
24008
24229
24431
24627
24840
25078
25310
25534
25743
25965
26169
26375
26573
26764
26986
27199
27401
27609
27809
28037
28232
28442
28652
28890
29099
29300
29500
29702
29908
30125
30328
30535
30740
30941
31163
31354
31529
31731
31946
32164
32357
32584
32782
33006
33202
33427
33632
33849
34064
34270
34472
34681
34887
35117
35325
35505
35731
35923
36107
36303
36507
36726
36923
37147
37368
37573
37797
38002
38193
38419
38642
38835
39030
39241
39451
39657
39866
40088
40293
40501
40708
40953
41157
41359
41552
41774
41989
42199
42409
42616
42845
43043
43254
43453
43654
43861
44054
44271
44484
44701
44906
45099
45301
45496
45696
45919
46121
46335
46535
46744
46928
47124
47311
47526
47750
47970
48180
48354
48576
48775
48991
49205
49413
49607
49800
50002
50199
50432
50658
50888
51095
51307
51525
51723
51927
52156
52367
52586
52782
52997
53192
53403
53599
53789
53983
54184
54413
54637
54865
55052
55237
55468
55690
55914
56122
56340
56581
56769
56967
57196
57402
57606
57798
58011
58220
58432
58636
58842
59036
59253
59475
59684
59869
60073
60260
60451
60664
60842
61017
61227
61420
61599
61818
62036
62201
62401
62609
62822
63066
63260
63468
63662
63850
64045
64253
64441
64638
64835
65043
65235
65431
65615
65822
66005
66197
66382
66568
66771
66982
67181
67377
67577
67773
68009
68224
68430
68633
68856
69053
69244
69429
69638
69865
70064
70246
70447
70623
70805
71018
71227
71417
71616
71815
72030
72244
72447
72662
72837
73033
73237
73424
73608
73803
74015
74222
74420
74625
74819
75017
75186
75410
75584
75780
75952
76185
76410
76604
76833
77051
77227
77423
77616
77822
78020
78209
78407
78620
78821
79041
79255
79455
79662
79868
80051
80245
80433
80627
80828
81006
81210
81427
81633
81824
82073
82269
82453
82636
82821
83016
83221
83420
83618
83812
84010
84198
84382
84568
84776
84977
85197
85391
85565
85754
85941
86133
86334
86528
86712
86902
87092
87306
87520
87724
87919
88112
88305
88504
88700
88904
89083
89276
89478
89651
89838
90009
90196
90410
90604
90782
90969
91142
91341
91528
91732
91926
92119
92331
92538
92743
92955
93157
93329
93536
93731
93950
94124
94299
94464
94671
94894
95060
95262
95476
95671
95865
96066
96258
96450
96647
96848
97052
97256
97453
97660
97878
98048
98232
98418
98636
98828
99039
99229
99412
99607
99802
100000
100199
100402
100599
100773
100958
101133
101306
101504
101702
101917
102108
102263
102458
102656
102846
103040
103220
103420
103599
103771
103966
104154
104358
104545
104744
104933
105143
105335
105522
105742
105944
106140
106329
106491
106654
106855
107039
107229
107424
107603
107794
108020
108209
108389
108567
108759
108940
109143
109343
109527
109732
109897
110101
110296
110519
110698
110877
111052
111229
111401
111580
111768
111986
112175
112394
112575
112748
112951
113152
113346
113545
113749
113957
114148
114335
114519
114729
114927
115114
115300
115491
115671
115882
116089
116285
116472
116633
116813
117013
117193
117435
117640
117806
118003
118173
118353
118567
118714
118892
119082
119242
119463
119668
119866
120064
120258
120448
120601
120777
120968
121169
121354
