0
1
11
38
95
166
255
333
437
528
601
684
750
824
892
937
995
1029
1067
1063
1115
1151
1176
1196
1218
1225
1246
1276
1292
1292
1302
1309
1318
1316
1307
1323
1330
1320
1302
1295
1285
1264
1265
1255
1246
1239
1212
1186
1198
1196
1173
1166
1117
1114
1105
1095
1076
1056
1041
1009
986
953
942
927
901
901
890
878
862
854
829
799
783
782
771
757
739
734
721
734
729
707
700
703
707
702
683
664
670
683
667
659
645
645
640
617
609
617
609
597
584
586
575
579
576
561
548
538
520
513
512
498
491
479
465
455
446
437
443
441
444
445
455
444
449
443
446
447
456
451
453
454
462
454
442
436
432
432
432
432
434
432
441
437
429
433
425
426
422
419
421
411
423
430
424
422
422
424
431
441
458
460
448
452
440
462
454
457
453
449
450
446
448
454
462
454
466
462
466
457
463
463
488
491
485
492
494
496
513
518
532
519
507
507
495
521
523
532
542
546
543
557
553
558
561
581
579
599
600
601
577
575
575
585
580
566
566
570
579
586
588
602
593
591
607
616
611
611
619
638
639
633
641
666
663
672
666
690
704
692
691
686
700
704
703
715
713
713
717
719
729
714
719
709
700
702
703
726
719
733
737
735
749
746
746
736
731
747
746
742
735
739
748
753
758
754
763
751
757
765
767
772
784
791
808
813
801
810
820
809
808
788
783
790
806
795
794
787
787
827
845
847
850
858
867
873
886
884
876
896
887
885
900
910
907
905
874
863
873
866
885
902
921
926
938
947
945
948
952
962
951
965
959
959
949
935
920
917
939
923
923
921
957
956
967
980
1018
1011
1015
1019
1023
1004
995
1003
1001
985
990
997
1000
1007
988
988
1008
1005
995
993
989
1003
1015
1009
1021
1032
1044
1036
1050
1058
1040
1041
1036
1017
1003
1007
1014
1008
1013
992
997
1023
1029
1039
1066
1060
1059
1068
1067
1071
1074
1082
1072
1070
1076
1076
1075
1092
1090
1072
1077
1082
1068
1060
1057
1063
1056
1065
1074
1096
1092
1086
1078
1076
1069
1062
1064
1081
1076
1088
1087
1090
1088
1081
1076
1083
1058
1076
1067
1075
1083
1084
1093
1102
1099
1106
1135
1140
1130
1129
1144
1149
1150
1153
1150
1135
1131
1129
1157
1166
1169
1164
1156
1132
1131
1137
1135
1128
1132
1126
1116
1116
1119
1129
1095
1103
1093
1094
1087
1089
1102
1119
1127
1144
1135
1127
1145
1161
1152
1144
1131
1119
1122
1113
1104
1102
1100
1104
1115
1103
1113
1096
1107
1113
1120
1128
1126
1138
1129
1138
1139
1137
1113
1097
1101
1080
1083
1051
1052
1035
1021
1037
1039
1030
1027
1010
1000
1005
992
998
993
994
987
1004
993
983
976
974
952
949
953
945
949
947
943
952
964
949
944
933
940
941
939
939
956
961
954
950
940
926
946
951
953
950
960
961
961
958
962
973
953
940
962
963
978
966
952
927
916
936
932
944
944
938
933
933
911
905
903
899
881
896
896
893
898
893
904
906
912
908
897
902
906
914
913
