0
5
14
58
110
195
276
377
466
567
646
733
790
829
872
942
987
1031
1077
1118
1150
1165
1187
1238
1270
1288
1318
1349
1359
1347
1363
1366
1341
1337
1331
1316
1297
1298
1301
1299
1283
1277
1256
1224
1233
1192
1179
1180
1154
1144
1117
1095
1088
1068
1036
1015
996
965
951
950
944
938
902
883
863
849
841
818
808
794
784
762
772
771
760
746
746
714
722
698
686
687
673
673
674
666
645
636
622
613
599
603
595
593
576
556
551
545
539
547
532
531
528
516
500
490
488
492
482
478
467
462
455
454
443
439
442
441
435
438
430
413
415
412
409
410
400
402
394
396
408
403
403
392
392
394
397
404
411
419
421
413
415
423
417
414
411
411
409
403
397
394
413
423
418
418
427
431
432
437
438
444
451
460
453
468
450
464
473
469
467
470
464
483
492
502
513
529
534
524
540
528
518
529
533
535
534
533
540
537
536
540
561
556
574
582
601
596
585
587
590
588
588
596
588
576
580
587
590
583
579
590
590
583
570
589
594
609
603
604
612
605
612
613
624
633
630
646
648
650
656
665
664
660
671
681
682
681
690
684
687
684
692
702
708
704
705
689
684
677
690
677
694
696
714
723
721
730
719
730
743
747
745
755
759
771
767
773
776
784
794
811
823
808
815
822
811
809
811
820
799
818
810
818
811
794
792
794
788
789
804
819
841
861
869
880
875
874
873
863
866
873
876
873
874
879
881
892
890
878
877
876
883
889
895
915
913
923
922
927
927
945
950
943
947
975
968
981
962
941
933
931
929
937
926
910
916
932
937
947
952
964
987
981
989
995
1007
1010
1015
1011
1036
1045
1048
1051
1055
1053
1060
1045
1032
1004
999
990
980
977
986
996
1003
1017
1008
1027
999
1006
1021
1035
1042
1064
1074
1084
1089
1088
1083
1078
1074
1056
1070
1057
1042
1061
1058
1065
1066
1080
1074
1062
1083
1071
1074
1064
1078
1070
1075
1048
1058
1054
1051
1051
1062
1057
1043
1039
1053
1060
1057
1061
1045
1045
1064
1045
1036
1052
1054
1069
1077
1083
1085
1100
1110
1105
1121
1121
1123
1120
1133
1124
1131
1142
1149
1151
1141
1147
1147
1147
1152
1147
1138
1138
1142
1135
1125
1111
1113
1118
1089
1080
1078
1084
1069
1075
1097
1092
1101
1099
1107
1113
1115
1113
1110
1122
1133
1132
1133
1133
1107
1099
1123
1118
1086
1095
1086
1073
1083
1086
1081
1070
1051
1043
1051
1043
1039
1049
1044
1055
1074
1082
1093
1086
1068
1046
1053
1065
1057
1058
1052
1044
1045
1046
1058
1058
1058
1046
1047
1030
1019
994
979
985
991
990
989
1002
1010
994
990
996
1002
1015
1020
992
989
982
970
960
964
958
937
939
929
936
911
908
904
897
895
901
900
903
900
897
882
879
891
884
887
872
874
865
853
864
852
859
850
842
855
854
855
858
847
833
839
851
839
839
825
819
815
817
796
810
811
809
810
817
827
841
840
863
863
859
864
867
867
865
865
882
878
888
890
903
878
878
870
