0
4
16
56
111
185
265
361
445
539
622
684
734
806
875
933
996
1037
1079
1117
1141
1171
1182
1199
1210
1236
1250
1271
1298
1323
1346
1354
1360
1339
1327
1329
1322
1313
1307
1298
1285
1263
1246
1232
1198
1210
1195
1172
1169
1157
1136
1130
1111
1096
1068
1060
1046
1049
1027
1000
975
942
929
904
896
882
874
866
845
842
829
809
803
784
781
780
765
774
742
732
722
688
677
672
662
639
632
616
606
619
599
590
596
581
573
568
557
563
549
541
537
527
523
519
523
510
512
505
502
502
499
491
487
489
475
468
455
461
453
455
451
451
447
443
434
432
432
426
423
416
412
412
403
411
411
401
395
397
405
402
412
420
417
406
401
404
405
402
404
408
399
407
404
408
422
421
415
420
427
431
421
423
424
420
408
411
417
430
429
427
423
432
443
460
466
475
481
487
496
503
516
526
533
534
532
540
541
540
543
535
554
554
555
549
551
543
542
549
549
540
541
549
528
542
554
568
570
562
575
562
572
567
572
583
595
612
608
611
603
603
617
621
617
614
635
641
650
659
658
679
689
695
682
676
669
668
659
660
664
656
664
674
688
693
695
707
704
713
740
728
717
713
718
718
715
724
710
707
710
710
723
725
737
744
749
758
759
758
760
756
738
749
754
759
762
760
768
769
761
767
783
769
779
777
772
797
799
801
801
811
809
828
823
811
806
806
820
814
818
821
812
830
817
799
798
806
817
839
840
866
873
875
885
884
907
908
911
923
925
925
932
936
931
938
926
946
950
946
951
975
965
978
973
976
972
968
969
958
964
978
965
975
969
963
951
952
971
980
977
980
977
983
983
981
995
1000
1009
1002
1003
994
979
996
1005
985
1001
993
996
993
984
988
994
981
987
983
975
960
973
978
970
972
957
971
992
1005
1021
1032
1036
1049
1061
1053
1042
1055
1065
1048
1034
1054
1058
1060
1058
1082
1101
1104
1109
1113
1128
1134
1120
1118
1125
1123
1133
1124
1129
1156
1167
1180
1156
1140
1127
1098
1084
1091
1081
1071
1074
1076
1104
1108
1118
1116
1116
1118
1115
1122
1127
1128
1132
1125
1132
1137
1133
1128
1127
1134
1153
1141
1133
1130
1127
1115
1106
1118
1132
1142
1148
1168
1170
1176
1164
1180
1174
1178
1179
1190
1186
1200
1186
1181
1174
1153
1159
1127
1115
1105
1114
1088
1100
1128
1130
1125
1129
1131
1114
1129
1121
1108
1103
1097
1112
1091
1087
1089
1084
1071
1058
1051
1037
1022
1058
1049
1061
1062
1062
1056
1070
1100
1106
1109
1107
1115
1117
1118
1120
1105
1090
1103
1086
1079
1061
1065
1051
1047
1035
1030
1023
1006
992
1007
1002
992
1000
1003
1000
986
987
987
1003
980
967
965
947
961
969
942
927
915
900
907
904
909
882
883
880
863
870
872
860
859
862
861
856
862
870
886
875
863
842
845
840
837
843
849
856
872
880
886
884
881
888
890
873
878
897
900
892
900
920
931
921
905
898
886
898
898
905
902
910
909
916
921
918
