0
0
7
39
98
163
248
331
424
507
596
690
768
845
917
981
1030
1083
1137
1182
1210
1233
1236
1252
1274
1280
1280
1299
1290
1288
1288
1296
1310
1305
1282
1276
1246
1234
1237
1227
1242
1230
1223
1219
1194
1197
1185
1167
1179
1143
1141
1127
1106
1096
1089
1074
1049
1039
1025
1007
980
980
978
967
943
924
921
904
895
893
878
842
831
810
791
785
782
764
759
752
739
725
706
697
688
691
681
667
660
637
629
614
606
585
566
557
547
529
525
524
514
500
496
487
491
489
484
482
475
466
463
458
462
462
443
448
462
464
460
448
452
435
424
425
427
415
409
425
434
435
428
423
418
431
432
443
442
422
431
424
425
422
421
419
416
423
443
437
432
433
434
436
452
455
463
473
458
452
465
465
481
471
477
485
477
481
488
492
489
496
496
501
496
505
487
496
500
497
497
504
494
510
502
504
491
503
517
539
539
540
543
539
538
530
523
522
529
538
545
552
545
558
555
548
539
537
535
539
548
567
576
593
610
614
616
633
639
620
618
627
641
663
668
644
651
663
679
680
677
688
683
687
688
712
729
725
719
735
734
733
725
726
720
720
729
731
741
739
732
716
707
702
712
722
724
734
725
742
749
738
737
750
757
755
757
752
749
746
759
775
781
773
782
772
779
774
787
798
800
801
808
814
805
798
797
801
800
824
839
839
824
831
829
829
846
842
852
863
873
866
873
858
862
874
863
868
871
873
865
849
860
852
862
880
890
890
878
884
907
904
929
920
919
926
925
922
924
938
941
958
962
975
975
988
976
962
965
952
973
977
980
979
969
968
985
973
982
974
971
974
976
973
969
962
958
960
965
956
962
972
969
963
974
966
975
981
975
969
955
946
959
963
983
992
1001
1004
1005
1003
992
976
976
971
963
956
966
965
957
976
978
977
984
980
991
981
993
978
963
979
975
981
998
996
992
1016
1029
1012
1013
1014
1010
1027
1023
1015
1025
1036
1030
1046
1046
1059
1105
1117
1121
1113
1131
1127
1119
1115
1097
1093
1067
1064
1075
1073
1082
1080
1086
1099
1116
1149
1157
1160
1150
1163
1158
1155
1148
1164
1178
1174
1210
1222
1201
1194
1180
1178
1174
1169
1166
1153
1148
1144
1144
1161
1138
1140
1139
1152
1155
1148
1144
1128
1144
1130
1126
1111
1131
1126
1146
1151
1132
1122
1120
1130
1141
1154
1134
1123
1116
1095
1109
1124
1113
1102
1115
1127
1126
1131
1139
1143
1133
1129
1137
1132
1129
1111
1106
1093
1105
1090
1099
1113
1108
1102
1080
1065
1072
1073
1066
1060
1063
1048
1042
1018
1009
999
992
989
977
969
955
962
959
958
952
944
952
950
945
934
919
930
913
916
921
905
900
900
900
893
907
914
934
922
926
934
935
931
940
960
946
936
941
938
929
906
900
902
895
900
907
912
921
919
922
917
912
904
899
900
900
897
911
926
920
920
901
924
913
905
894
882
872
874
881
888
886
897
902
909
903
908
925
