0
1
13
60
110
169
267
376
470
573
646
708
768
828
885
917
965
991
1039
1075
1106
1114
1135
1173
1201
1220
1228
1263
1276
1279
1273
1281
1292
1283
1291
1273
1273
1275
1236
1225
1204
1193
1176
1154
1160
1147
1145
1111
1115
1092
1061
1044
1022
1005
981
974
971
951
927
922
906
905
880
867
865
848
839
838
825
815
808
798
794
789
789
770
740
720
715
698
688
673
671
662
654
632
622
623
601
592
583
567
564
562
557
544
531
535
533
544
538
533
523
514
504
494
483
478
487
485
484
477
483
473
487
485
490
483
479
470
464
459
469
462
453
452
448
449
445
439
434
436
442
444
445
453
445
446
444
443
430
436
435
425
422
443
447
440
446
445
450
454
458
455
449
461
467
453
454
459
461
469
472
474
471
480
491
494
494
489
495
493
487
483
476
476
471
471
483
484
472
477
490
500
510
516
532
547
545
532
531
528
532
534
534
538
545
553
547
555
538
550
550
562
565
566
577
568
574
578
591
595
583
586
584
592
594
595
604
593
605
610
629
637
635
633
653
642
648
658
662
672
674
676
663
676
670
674
658
667
659
664
660
663
681
685
700
705
719
715
700
698
699
699
706
716
698
690
690
696
695
700
701
702
708
713
725
736
742
732
747
751
747
760
783
793
788
805
805
794
785
777
765
760
758
758
775
795
805
818
822
814
801
828
825
816
822
827
834
838
856
867
870
878
885
887
867
876
868
889
897
901
906
898
911
914
906
910
899
905
891
890
873
878
867
858
858
863
873
895
894
894
889
883
868
879
864
873
893
904
925
919
926
927
927
925
930
917
912
914
933
930
921
928
934
948
956
953
958
943
945
937
929
928
944
942
956
948
969
979
984
973
975
973
987
994
982
975
971
981
990
994
1006
1008
996
1019
1021
1043
1050
1067
1054
1049
1063
1070
1071
1066
1045
1047
1050
1062
1065
1053
1032
1035
1054
1060
1045
1055
1050
1046
1040
1035
1043
1039
1053
1069
1059
1069
1060
1055
1055
1070
1078
1079
1100
1109
1105
1106
1110
1123
1118
1119
1112
1090
1089
1088
1082
1077
1049
1035
1048
1056
1064
1061
1041
1047
1041
1051
1051
1054
1062
1063
1070
1080
1066
1068
1064
1075
1062
1049
1055
1055
1033
1043
1047
1069
1070
1094
1100
1116
1113
1104
1098
1098
1113
1114
1122
1119
1126
1120
1110
1114
1116
1105
1116
1132
1112
1119
1119
1128
1112
1121
1134
1147
1143
1141
1153
1156
1139
1142
1153
1152
1146
1128
1138
1138
1136
1130
1121
1145
1149
1136
1150
1149
1156
1145
1145
1144
1140
1128
1138
1119
1097
1106
1112
1116
1116
1106
1124
1126
1122
1100
1101
1116
1113
1116
1114
1109
1089
1096
1096
1101
1092
1091
1068
1067
1056
1047
1020
1019
1039
1041
1016
1010
1003
1010
1003
1003
998
990
971
969
973
978
974
965
948
938
944
957
955
947
961
964
962
969
959
963
964
964
967
984
985
959
969
973
976
973
960
978
993
988
972
957
954
932
907
885
879
885
876
