0
2
12
41
100
155
248
343
439
529
604
670
726
784
844
891
928
995
1038
1050
1098
1112
1120
1178
1197
1210
1223
1264
1293
1295
1302
1319
1321
1336
1339
1340
1324
1306
1290
1279
1274
1258
1242
1231
1225
1221
1212
1195
1151
1135
1105
1091
1071
1069
1066
1053
1023
1004
1002
970
960
946
942
938
927
910
894
887
878
862
858
841
816
795
787
781
768
755
733
706
692
676
665
651
661
659
644
655
640
632
628
625
603
598
602
603
587
576
560
553
554
539
521
517
498
492
497
489
483
480
476
477
476
470
471
468
465
470
459
454
455
456
457
458
438
438
434
438
439
433
436
448
437
429
434
426
422
425
429
430
423
428
433
437
452
454
449
440
451
436
437
452
450
454
448
456
455
460
472
474
493
499
509
509
509
509
497
499
506
514
510
499
493
504
505
509
510
505
505
503
506
492
485
481
480
485
490
500
510
515
520
538
544
561
563
572
580
581
573
568
568
562
562
554
563
578
573
573
581
597
607
593
597
601
606
609
616
629
646
665
661
655
645
649
646
630
630
611
624
633
640
658
659
656
650
662
668
686
692
695
698
695
715
705
698
701
705
701
714
730
735
730
716
719
713
711
714
732
734
720
720
721
724
727
728
733
746
754
756
758
761
777
772
794
784
777
779
789
789
811
792
796
787
787
789
790
785
778
791
788
775
803
806
799
808
790
790
791
802
804
810
804
809
802
813
828
825
830
836
846
839
838
839
858
847
853
871
886
890
897
882
879
871
880
877
862
861
846
847
834
839
859
864
890
899
897
910
908
916
933
918
914
906
903
894
894
910
908
925
924
931
927
915
923
923
924
917
914
935
942
952
923
921
958
950
945
960
968
964
961
962
989
986
983
980
991
994
996
988
989
999
1006
997
1007
1011
1013
1000
1020
1009
1027
1018
1012
1018
1016
1020
1010
1015
1016
1025
1036
1039
1032
1068
1072
1083
1077
1094
1107
1106
1093
1093
1088
1081
1081
1095
1100
1086
1062
1035
1049
1042
1056
1042
1052
1052
1060
1051
1044
1021
1027
1034
1048
1049
1055
1049
1072
1072
1070
1080
1074
1080
1079
1087
1090
1101
1110
1113
1117
1099
1105
1132
1130
1154
1144
1154
1155
1156
1169
1192
1180
1201
1190
1200
1207
1206
1230
1218
1205
1207
1214
1209
1211
1203
1211
1222
1226
1218
1214
1208
1229
1230
1223
1212
1214
1194
1207
1180
1161
1141
1123
1125
1107
1108
1097
1096
1096
1109
1094
1098
1115
1116
1102
1126
1132
1138
1139
1137
1137
1126
1134
1145
1137
1121
1125
1105
1091
1076
1083
1065
1067
1069
1059
1047
1038
1041
1037
1057
1040
1044
1037
1051
1042
1043
1015
993
992
977
978
952
960
960
973
964
938
930
925
915
899
895
905
902
895
887
900
915
919
920
916
910
895
912
920
922
918
929
915
913
907
908
889
896
896
897
881
891
889
871
855
873
876
897
889
890
879
874
875
883
898
901
900
917
913
909
918
909
913
931
914
921
940
935
