0
87
195
265
320
343
363
380
398
403
402
410
406
405
405
430
414
428
434
436
441
467
484
518
551
553
573
591
629
629
680
704
733
764
795
828
867
908
945
984
1046
1098
1163
1225
1264
1325
1389
1460
1510
1571
1627
1683
1777
1843
1912
1964
2026
2100
2165
2235
2318
2367
2454
2524
2589
2657
2734
2790
2873
2929
3002
3085
3153
3240
3309
3404
3465
3545
3622
3700
3794
3872
3964
4039
4120
4203
4297
4385
4484
4567
4637
4726
4793
4872
4941
5035
5123
5209
5298
5375
5450
5547
5611
5680
5753
5837
5918
6018
6131
6217
6301
6359
6449
6532
6594
6680
6773
6848
6931
7012
7079
7162
7253
7357
7440
7510
7604
7683
7780
7870
7973
8047
8114
8209
8287
8363
8429
8504
8600
8686
8755
8841
8922
8995
9068
9143
9221
9313
9415
9495
9564
9626
9725
9808
9894
9968
10039
10098
10174
10260
10355
10423
10496
10583
10661
10732
10806
10861
10905
10961
11023
11108
11165
11224
11304
11381
11470
11534
11606
11679
11743
11810
11877
11952
12045
12108
12195
12282
12340
12410
12490
12550
12622
12702
12756
12814
12895
12952
13034
13082
13153
13215
13287
13384
13442
13525
13587
13668
13727
13791
13864
13918
13993
14054
14099
14190
14261
14330
14406
14469
14551
14611
14667
14717
14808
14887
14947
15020
15106
15186
15239
15309
15373
15438
15500
15553
15611
15678
15732
15808
15857
15917
15978
16045
16092
16178
16232
16295
16366
16438
16518
16596
16652
16707
16769
16806
16860
16904
16952
17012
17072
17153
17206
17264
17326
17378
17449
17506
17573
17636
17706
17766
17820
17888
17945
18023
18078
18140
18215
18273
18331
18387
18444
18488
18543
18603
18659
18724
18771
18849
18918
18964
19021
19099
19140
19191
19240
19301
19360
19419
19456
19505
19569
19626
19673
19738
19795
19845
19890
19942
19999
20042
20096
20150
20223
20286
20334
20383
20425
20456
20495
20569
20601
20648
20716
20753
20786
20837
20878
20948
20987
21019
21084
21121
21146
21203
21237
21289
21353
21402
21473
21506
21559
21614
21662
21715
21770
21824
21867
21912
21959
22018
22055
22079
22123
22168
22230
22268
22319
22391
22459
22494
22534
22566
22599
22639
22655
22694
22732
22759
22818
22855
22893
22933
22992
23029
23085
23119
23146
23179
23204
23237
23291
23328
23365
23392
23426
23459
23509
23550
23594
23646
23676
23727
23760
23803
23853
23901
23929
23952
23999
24028
24048
24079
24111
24141
24179
24217
24265
24314
24351
24394
24417
24450
24486
24543
24570
24594
24627
24661
24687
24716
24744
24775
24811
24827
24851
24890
24914
24951
24983
25015
25043
25062
25082
25101
25129
25165
25201
25236
25277
25302
25339
25365
25379
25413
25446
25477
25514
25534
25545
25571
25598
25647
25692
25738
25786
25821
25855
25908
25937
25970
25989
26011
26041
26076
26088
26127
26167
26195
26223
26284
26306
26353
26416
26443
26465
26505
26544
26578
26650
26696
26745
26786
26823
26867
26905
26941
26967
27012
27076
27100
27129
27179
27221
27275
27311
27337
27378
27397
27443
27479
27517
27561
27602
27655
27696
27755
27823
27872
27905
27965
28021
28096
28156
28234
28302
28368
28392
28442
28483
28531
28579
28618
28654
28699
28758
28792
28834
28873
28931
28982
29032
29078
29119
29200
29253
29311
29376
29420
29450
29494
29541
29577
29618
29665
29709
29751
29805
29859
29920
29977
30016
30055
30107
30172
30205
30230
30296
30334
30382
30433
30466
30500
30537
30575
30634
30690
30721
30784
30819
30885
30910
30970
31037
31074
31132
31185
31250
31293
31336
31374
31432
31476
31524
31564
31632
31674
31727
31759
31815
31857
31906
31971
32025
32068
32101
32128
32169
32233
32284
