0
118
225
268
337
353
351
364
369
357
374
357
361
370
395
395
401
400
397
411
433
456
466
496
503
516
535
557
561
606
619
636
688
738
786
842
878
912
952
979
1051
1084
1134
1195
1249
1311
1359
1411
1488
1552
1609
1675
1736
1785
1855
1912
1971
2047
2135
2205
2264
2347
2422
2495
2570
2623
2686
2761
2826
2911
2959
3050
3107
3170
3238
3327
3404
3481
3533
3593
3672
3753
3834
3909
3976
4038
4125
4191
4263
4336
4392
4461
4524
4601
4679
4768
4851
4923
5004
5068
5155
5230
5310
5400
5480
5563
5636
5707
5804
5883
5964
6052
6141
6235
6310
6392
6466
6544
6629
6732
6805
6893
6961
7033
7118
7202
7285
7374
7469
7541
7616
7709
7799
7871
7952
8020
8104
8189
8266
8345
8420
8515
8600
8678
8772
8855
8940
9031
9101
9176
9265
9342
9419
9485
9541
9614
9694
9775
9832
9921
9995
10068
10142
10236
10323
10379
10472
10530
10596
10663
10740
10806
10870
10932
11020
11112
11200
11256
11336
11407
11472
11550
11637
11713
11785
11870
11953
12001
12057
12122
12203
12272
12330
12405
12466
12531
12588
12664
12738
12804
12892
12966
13036
13084
13149
13231
13278
13339
13393
13458
13529
13603
13675
13748
13824
13889
13943
13988
14048
14155
14227
14289
14369
14422
14464
14534
14587
14654
14725
14786
14826
14882
14943
15015
15065
15129
15168
15222
15288
15360
15419
15469
15531
15604
15650
15730
15781
15836
15904
15965
16031
16095
16151
16221
16276
16331
16405
16470
16534
16579
16620
16688
16755
16828
16888
16945
16990
17065
17130
17190
17250
17290
17340
17392
17435
17492
17552
17594
17638
17699
17744
17782
17859
17909
17952
18021
18070
18130
18194
18275
18308
18367
18393
18435
18485
18559
18618
18663
18717
18788
18855
18906
18967
19013
19069
19138
19179
19221
19284
19323
19387
19436
19493
19531
19577
19631
19684
19739
19785
19815
19874
19907
19962
20030
20058
20092
20139
20170
20231
20291
20338
20402
20477
20520
20576
20640
20682
20723
20764
20821
20865
20912
20931
20988
21051
21093
21133
21161
21200
21250
21273
21289
21338
21374
21415
21457
21495
21558
21596
21662
21693
21752
21818
21870
21913
21938
21973
22020
22078
22108
22161
22199
22234
22273
22309
22332
22381
22416
22433
22474
22501
22548
22606
22646
22666
22720
22778
22817
22871
22917
22954
22980
23029
23088
23117
23162
23216
23273
23302
23334
23378
23444
23493
23489
23537
23589
23621
23674
23728
23759
23769
23826
23847
23904
23952
24005
24045
24102
24157
24176
24208
24247
24288
24328
24368
24366
24387
24430
24464
24497
24534
24568
24603
24654
24678
24722
24758
24804
24845
24896
24921
24942
24980
25008
25050
25081
25123
25174
25217
25255
25304
25337
25377
25433
25482
25543
25591
25621
25634
25677
25693
25729
25761
25787
25833
25882
25931
25952
25981
26007
26042
26083
26136
26154
26191
26243
26303
26336
26365
26403
26424
26462
26519
26560
26608
26638
26661
26691
26735
26773
26808
26840
26874
26928
26991
27019
27088
27134
27160
27177
27223
27274
27320
27363
27397
27450
27490
27524
27555
27592
27633
27694
27746
27804
27844
27894
27937
27978
28014
28044
28081
28156
28197
28246
28312
28360
28421
28460
28505
28562
28588
28644
28699
28757
28811
28872
28931
28969
29027
29080
29104
29147
29195
29253
29290
29343
29402
29463
29550
29629
29667
29708
29758
29811
29860
29897
29950
29995
30054
30101
30168
30239
30269
30309
30358
30400
30462
30544
30587
30624
30687
30740
30792
30847
30890
30939
31008
31053
31106
31163
31198
31234
31299
31348
31384
31418
31462
31501
31530
31580
31637
31669
31715
31753
31791
31846
31898
31936
31999
32051
32095
