0
92
183
272
312
341
346
364
369
379
370
389
386
393
399
388
395
380
388
398
426
433
458
487
536
573
600
603
637
658
670
707
722
773
795
840
885
930
963
1004
1051
1106
1151
1190
1242
1288
1363
1419
1463
1515
1571
1644
1721
1781
1832
1888
1950
2039
2089
2161
2211
2279
2342
2408
2484
2569
2625
2712
2797
2881
2966
3047
3102
3197
3281
3353
3419
3495
3581
3655
3743
3818
3889
3973
4043
4118
4185
4274
4348
4432
4509
4589
4664
4740
4811
4901
4984
5065
5144
5218
5308
5420
5508
5581
5672
5746
5815
5893
5983
6067
6165
6267
6355
6429
6514
6582
6664
6733
6800
6880
6944
7023
7113
7203
7282
7374
7443
7512
7577
7679
7755
7825
7921
7990
8083
8146
8248
8325
8396
8476
8575
8650
8736
8851
8929
8997
9042
9126
9216
9290
9363
9456
9529
9614
9671
9742
9831
9928
10003
10075
10140
10221
10301
10384
10461
10536
10609
10696
10772
10839
10941
10991
11076
11160
11250
11325
11386
11466
11540
11627
11710
11767
11819
11893
11979
12065
12135
12182
12247
12320
12401
12461
12533
12616
12696
12750
12809
12878
12959
13024
13103
13166
13229
13302
13388
13456
13521
13607
13665
13705
13756
13812
13869
13934
13996
14071
14140
14217
14298
14369
14445
14520
14578
14654
14727
14778
14846
14911
14952
15017
15080
15136
15198
15236
15288
15347
15404
15473
15529
15576
15635
15696
15774
15832
15880
15943
15991
16059
16110
16180
16257
16332
16385
16435
16501
16539
16601
16683
16739
16807
16864
16936
16993
17057
17100
17165
17227
17284
17345
17407
17455
17511
17559
17620
17685
17754
17817
17886
17945
17991
18053
18105
18171
18218
18302
18360
18417
18473
18517
18584
18650
18686
18737
18789
18839
18907
18959
19004
19022
19069
19107
19163
19205
19242
19303
19350
19407
19453
19518
19592
19625
19696
19740
19789
19842
19917
19977
20025
20062
20107
20151
20194
20240
20292
20330
20360
20422
20455
20512
20556
20600
20631
20696
20718
20764
20810
20848
20891
20920
20955
21006
21052
21098
21157
21212
21249
21279
21336
21378
21410
21449
21486
21531
21622
21679
21731
21774
21810
21835
21874
21929
21976
22006
22058
22088
22135
22187
22228
22282
22331
22381
22424
22444
22485
22533
22581
22641
22697
22759
22796
22826
22899
22946
22992
23008
23047
23091
23135
23171
23221
23274
23299
23331
23386
23413
23459
23522
23544
23597
23653
23679
23733
23763
23786
23820
23879
23919
23950
24015
24043
24063
24096
24111
24147
24181
24230
24276
24304
24335
24361
24400
24442
24465
24487
24529
24563
24589
24640
24688
24720
24744
24770
24789
24810
24842
24875
24892
24920
24944
24974
25008
25037
25071
25098
25137
25201
25214
25255
25257
25276
25300
25336
25365
25415
25455
25494
25536
25574
25618
25673
25703
25746
25791
25826
25853
25872
25897
25934
25962
25998
26024
26040
26095
26112
26147
26186
26218
26249
26296
26360
26408
26429
26456
26470
26526
26575
26625
26668
26701
26755
26787
26826
26845
26883
26923
26960
27014
27057
27091
27139
27181
27232
27268
27322
27357
27405
27424
27475
27524
27569
27614
27631
27650
27721
27771
27817
27849
27888
27931
27997
28043
28088
28128
28152
28203
28264
28303
28362
28390
28432
28477
28530
28587
28609
28658
28696
28728
28787
28841
28897
28961
29008
29049
29111
29154
29185
29239
29271
29319
29376
29400
29461
29483
29530
29574
29616
29632
29668
29727
29773
29829
29868
29928
29995
30050
30096
30157
30203
30224
30270
30325
30377
30419
30476
30533
30592
30624
30676
30722
30769
30814
30849
30922
30976
31040
31063
31127
31175
31249
31294
31349
31404
31459
31507
31560
31589
31649
31697
31759
31784
31793
