1000
1172
1340
1525
1727
1920
2121
2320
2489
2637
2747
2822
2889
2936
2881
2854
2765
2703
2619
2527
2401
2280
2128
2003
1844
1720
1585
1472
1323
1241
1123
1025
965
904
840
808
742
661
600
551
544
496
469
444
400
383
366
356
334
324
314
309
299
298
278
267
257
249
235
223
213
208
210
209
210
207
206
205
207
194
194
178
180
184
184
181
170
174
186
190
196
203
207
203
211
211
215
235
261
278
286
302
320
324
340
367
398
418
448
466
492
526
562
585
602
612
641
688
745
809
856
915
939
1029
1094
1151
1240
1335
1428
1531
1614
1713
1818
1940
2104
2228
2362
2547
2692
2896
3153
3394
3638
3939
4250
4556
4855
5189
5554
5981
6384
6773
7243
7708
8254
8847
9378
10006
10670
11338
12107
12916
13580
14521
15443
16433
17518
18654
19804
21074
22394
23752
25153
26703
28352
29983
31609
33499
35417
37401
39401
41398
43651
46196
48756
51393
54113
57113
60145
63116
66390
70077
73874
77851
82393
87034
91966
97075
102663
108285
114045
120202
126478
132832
139790
146834
154344
162287
170837
179426
188291
197293
206490
216065
226472
237253
248759
261610
274585
288222
302991
318535
334292
350358
366760
383402
400312
418301
436855
456359
475506
494988
514368
534921
558255
582603
608158
633632
658987
684298
711391
738584
766587
793340
818560
843326
866118
888317
910376
933389
959016
983425
1011162
1041198
1071070
1099934
1129339
1158210
1186182
1215152
1241537
1266510
1294532
1323622
1352746
1377855
1401073
1423731
1449603
1478447
1506165
1534404
1566108
1599503
1634811
1670266
1704876
1742353
1776900
1809789
1842928
1877469
1911673
1943113
1973768
2006328
2038034
2064778
2093033
2118788
2144790
2167744
2190953
2208987
2227181
2246081
2258874
2273732
2288463
2305283
2325913
2343769
2358880
2372034
2386657
2398824
2410342
2413626
2414955
2412679
2413645
2418769
2423443
2426111
2426022
2420817
2422574
2420364
2421431
2423270
2419898
2415871
2412917
2417233
2422080
2428660
2432348
2428099
2417758
2409306
2399068
2380016
2359903
2339342
2317768
2296128
2273835
2255105
2237031
2214947
2195655
2173942
2153093
2130038
2102598
2071621
2041081
2013290
1986146
1953254
1919793
1888516
1856496
1828705
1804222
1780198
1759208
1736990
1712672
1684419
1656438
1629313
1601901
1573873
1546470
1516004
1487107
1458882
1434639
1412586
1390844
1368371
1348300
1330474
1311578
1289619
1267338
1243782
1221717
1198094
1172871
1146793
1119725
1092748
1066424
1042972
1019429
996050
973278
951045
928268
905236
884272
863197
843320
823839
804340
786081
770327
756180
740687
725538
711670
696558
682305
668374
653995
640626
626776
611682
597252
582342
567782
552358
536048
519475
503611
489709
476017
463035
449803
437796
425959
413132
400698
388853
377178
365279
353438
342281
330479
318436
307045
295678
284799
273699
264153
254604
246579
238245
230243
222216
214112
206479
198660
189959
181795
173761
165651
157429
149794
142833
136436
130776
125513
120749
115879
110901
106479
102360
98083
93799
89698
85804
82557
79213
76206
73380
70939
68493
66088
63549
61363
59260
57054
54942
52733
50712
48568
46745
44874
43137
41064
38973
37134
35305
33756
32151
30802
29520
28123
26943
25744
24734
23694
22843
21955
21223
20464
19707
19089
18438
17857
17220
16638
16134
15537
14940
14324
13766
13297
12837
12364
11868
11525
11107
10704
10283
9979
9617
9410
9170
9014
8810
8571
8328
8162
7995
7990
7924
7847
7722
7652
7542
7446
7363
7189
7018
6885
6760
6666
6516
6412
6375
6315
6256
6239
6182
6171
6122
6012
5947
5909
5896
5913
5810
5910
5878
5844
5871
5835
5807
5793
5852
5877
5941
5937
5925
5872
5804
5783
5780
5763
5755
5718
5631
5570
5564
5506
5532
5536
5524
5560
5557
5457
5486
5459
5458
5412
5415
5452
5523
5571
5652
5673
5651
5618
5616
5624
5613
5614
5574
5604
5572
5557
5571
5519
5457
5431
5468
5439
