1000
1135
1303
1488
1668
1859
2036
2206
2354
2465
2559
2659
2696
2732
2713
2713
2677
2604
2453
2324
2194
2054
1931
1785
1727
1626
1518
1423
1295
1196
1106
1040
953
897
841
790
738
667
601
551
527
487
454
430
396
371
342
316
296
282
265
259
247
236
234
242
227
228
223
209
210
203
189
191
190
194
185
187
187
194
186
186
189
192
200
203
204
199
209
213
212
214
220
238
241
254
254
280
292
302
311
328
355
390
403
418
424
442
465
500
528
551
570
610
634
674
717
743
764
786
813
857
909
966
1016
1100
1149
1219
1283
1376
1448
1507
1582
1687
1816
1924
2062
2204
2392
2537
2719
2920
3133
3371
3600
3867
4170
4467
4767
5093
5498
5906
6353
6817
7334
7871
8444
8961
9556
10243
10970
11676
12525
13266
14236
15217
16309
17438
18681
19915
21156
22564
24015
25661
27438
29149
30920
32941
34930
36898
38918
41231
43453
45413
47653
50026
52414
55109
57912
60884
64106
67504
71127
75067
78905
83085
87294
91653
96042
100695
105580
110212
115068
120309
125472
130865
136072
141313
147052
153069
159764
166182
172905
179836
186837
194479
202658
211013
219138
227040
235321
243907
252705
260701
269011
278029
287295
296683
307091
317240
328106
338865
349540
360478
371226
381172
391196
401749
412214
423810
435851
447878
458484
469197
478918
489455
499568
511147
522664
533502
544472
555800
568100
580371
592627
604450
616552
629576
642790
656111
669060
681580
695293
708691
723321
737732
751590
764287
774674
783693
790638
797687
804432
812530
820488
827770
835200
842806
852349
863228
875058
886151
897375
907284
918216
927727
937252
947995
960017
971322
982736
992805
1001441
1010021
1018413
1029175
1039189
1048954
1058045
1066862
1071371
1075156
1079891
1087348
1092517
1098450
1105105
1110113
1117148
1123628
1130471
1141409
1151918
1161477
1169167
1176650
1183476
1190566
1200090
1212628
1223471
1235110
1246488
1257017
1263828
1272041
1276888
1281155
1287792
1292204
1293614
1291848
1290607
1287060
1283394
1277546
1270636
1261175
1244603
1227770
1208907
1192933
1176536
1161569
1147622
1133246
1116411
1099630
1080184
1058333
1035367
1011932
990250
969919
950766
932589
912503
890655
868758
850434
831771
812686
795326
779115
765271
751681
738607
724949
712589
699105
686179
674707
662135
647768
631953
614228
596155
578668
562861
547088
531161
515710
501194
486448
470764
456018
442949
431392
421120
410179
398006
386482
375404
363620
351478
340653
330574
319811
308942
298827
289006
280498
271464
263261
255404
247418
239322
231731
224591
217093
210343
203211
196740
189970
183165
175865
168993
162897
157138
152186
147690
142339
137057
131703
127056
122779
118682
114846
110917
107378
104384
101368
98391
95196
92436
89662
86909
84630
82089
79857
77500
74817
72375
69800
67533
65143
62902
60791
58806
57142
55397
53792
51956
50468
49279
47757
46401
45079
43622
42318
41068
39949
38915
37762
36709
35446
34464
33555
32552
31641
30917
30061
29269
28458
27755
26942
26067
25431
25013
24190
23423
22754
22038
21392
20749
20284
19684
19101
18425
17866
17323
16753
15971
15368
14871
14293
13872
13416
12963
12512
12045
11712
11403
11032
10745
10386
10049
9775
9560
9307
9101
8916
8757
8550
8380
8167
8028
7894
7714
7565
7395
7102
6916
6865
6818
6658
6563
6480
6475
6367
6238
6104
6003
5861
5745
5634
5563
5574
5534
5476
5547
5438
5452
5366
5279
5203
5147
5093
4993
4892
4820
4766
4779
4715
4694
4567
4529
4528
4443
4369
4379
4350
4263
4219
4216
4155
4103
4061
4046
4064
4058
4052
4060
4018
3976
3994
3959
4031
4015
3998
3989
4013
3991
4018
4014
4092
4121
4172
4171
4194
4190
4200
4230
4207
4265
4279
4290
4328
4349
4343
4428
4414
4503
4550
4609
4647
4683
4715
4710
4703
4742
