1000
1152
1337
1523
1696
1893
2096
2296
2508
2701
2827
2952
3062
3104
3132
3126
3107
3022
2939
2881
2824
2771
2678
2563
2440
2302
2144
1992
1876
1755
1661
1537
1423
1309
1230
1172
1086
990
952
891
857
820
776
750
734
664
622
606
569
536
523
503
488
476
460
456
445
418
412
409
405
403
410
405
390
387
380
388
380
378
379
370
367
374
380
388
406
414
422
429
429
444
460
473
497
513
523
539
559
576
590
613
623
658
701
721
775
795
827
866
889
918
966
1020
1049
1096
1184
1265
1348
1408
1501
1597
1710
1822
1947
2051
2209
2323
2453
2638
2809
3013
3204
3386
3633
3901
4156
4500
4790
5085
5385
5765
6155
6583
7018
7505
8039
8628
9228
9879
10478
11137
11873
12744
13586
14405
15344
16357
17387
18430
19621
20929
22251
23579
25054
26522
28120
29837
31908
33863
35972
37934
39862
41982
44153
46536
49012
51866
54635
57448
60639
64383
68018
71999
75934
80171
84674
89536
94312
99529
104963
110904
117272
123935
131403
139251
147395
155639
164327
173159
182092
191369
200990
210473
220152
230220
239955
250721
262009
273964
286648
299883
313291
328611
344244
360133
376384
393267
409797
426838
444889
462817
481549
501123
521833
542834
563641
584398
604433
624292
643880
664060
685170
707663
731101
756535
783720
813329
843336
874190
904386
933768
962132
992178
1023581
1056192
1088707
1120902
1150342
1180752
1209558
1239547
1268888
1298922
1329636
1363387
1396979
1431993
1467993
1498572
1529027
1561225
1595075
1630782
1668539
1707006
1747077
1784431
1820325
1858755
1899425
1940637
1981399
2023653
2067957
2109176
2149646
2186059
2223801
2260171
2295769
2331214
2362472
2391554
2419395
2450269
2483222
2513538
2541837
2568499
2591335
2617394
2645526
2673481
2703038
2733866
2765871
2799076
2832730
2865181
2902209
2934705
2959697
2989498
3016481
3048492
3079427
3114966
3146050
3177605
3207460
3235235
3263633
3293471
3320065
3341869
3361541
3380294
3397727
3411568
3425185
3438390
3454085
3462890
3470694
3479858
3481590
3475467
3462564
3448584
3435779
3424662
3420376
3416553
3408878
3408536
3412100
3418727
3431856
3448695
3465761
3473316
3473332
3469078
3454318
3437046
3416856
3393733
3367334
3336357
3305522
3279694
3258761
3238692
3221333
3205815
3189022
3169098
3145645
3117158
3086700
3057394
3033818
3010659
2982011
2955075
2930008
2908568
2881657
2849931
2815314
2786849
2762487
2733319
2698374
2662535
2628550
2592768
2553439
2516429
2481352
2439527
2395975
2350626
2309645
2264556
2221451
2179406
2139442
2100161
2059601
2017645
1976773
1937047
1895546
1851965
1814183
1775254
1736460
1696748
1657189
1619890
1583642
1547308
1512701
1478373
1447409
1414205
1383276
1349553
1315836
1280666
1246385
1208840
1170825
1134087
1097995
1059274
1021125
985973
952480
919217
890070
860754
831555
803619
777370
752921
733725
714065
694067
674962
656202
639015
621780
603950
586574
570227
557339
544155
530392
516056
501669
487736
474060
460154
446305
432154
419717
406470
394003
381418
368988
357018
345219
333045
320587
307815
296682
286334
275884
264827
253874
242848
232860
223213
213535
203946
194819
185644
177108
168533
160408
152247
144501
136953
129503
122655
116575
110286
104641
99535
94561
89869
85341
80581
76074
72082
68355
64843
61292
58111
55075
52134
49354
46903
44644
42520
40684
39155
37676
36127
34794
33438
32479
31390
30299
29144
27959
26997
25977
25050
24132
23121
22030
21000
20081
19140
18328
17469
16884
16250
15734
15125
14575
14051
13570
13200
12803
12423
11963
11664
11197
10941
10617
10291
10105
9778
9591
9350
9103
8858
8643
8425
8208
8088
7913
7760
7645
7530
7367
7308
7130
7051
6994
6960
6916
6774
6709
6659
6570
6475
6495
6510
6463
6373
6259
6248
6207
6214
6160
6046
6013
5968
5949
5913
5895
5857
5819
5740
5743
5792
5743
5692
5738
5677
5706
5727
5803
5826
5795
5783
5767
5837
5818
5840
5856
5825
5803
5755
5710
5652
5674
5665
5641
5561
5481
5441
5411
5390
5364
