2
26
63
128
195
283
361
449
519
608
712
800
890
981
1068
1168
1248
1350
1448
1560
1643
1736
1828
1908
2006
2114
2199
2301
2377
2447
2533
2623
2714
2776
2825
2895
2961
3020
3086
3141
3196
3267
3331
3381
3432
3479
3530
3563
3618
3662
3692
3726
3766
3814
3858
3887
3919
3950
3972
4004
4027
4042
4054
4075
4088
4099
4104
4120
4123
4141
4168
4181
4180
4185
4197
4201
4194
4205
4212
4209
4212
4218
4222
4213
4197
4195
4194
4202
4186
4176
4171
4165
4158
4143
4143
4148
4145
4139
4132
4119
4110
4100
4089
4078
4069
4058
4051
4044
4039
4041
4034
4029
4029
4022
4018
4007
4000
3987
3990
3980
3970
3948
3937
3925
3911
3899
3882
3861
3853
3841
3823
3810
3789
3766
3759
3741
3718
3700
3684
3671
3649
3635
3620
3607
3593
3583
3570
3557
3543
3526
3504
3491
3472
3461
3451
3431
3422
3411
3392
3377
3362
3347
3339
3330
3321
3310
3293
3282
3269
3261
3248
3236
3225
3211
3200
3192
3176
3162
3147
3137
3122
3107
3095
3085
3076
3067
3056
3045
3031
3018
3005
2996
2978
2972
2958
2947
2939
2924
2911
2896
2888
2878
2864
2852
2840
2827
2803
2794
2783
2772
2754
2743
2734
2716
2703
2692
2679
2668
2652
2644
2627
2617
2608
2598
2583
2572
2555
2544
2534
2525
2519
2505
2493
2487
2479
2468
2461
2449
2435
2425
2415
2406
2391
2382
2377
2360
2351
2340
2332
2323
2312
2300
2291
2281
2274
2269
2261
2250
2238
2235
2225
2218
2206
2199
2194
2188
2179
2168
2161
2156
2148
2138
2131
2118
2105
2098
2088
2081
2071
2064
2056
2046
2037
2031
2019
2008
2003
1994
1984
1976
1966
1956
1950
1944
1936
1924
1917
1899
1891
1881
1871
1857
1848
1841
1828
1817
1812
1801
1791
1785
1774
1768
1759
1754
1747
1740
1735
1728
1718
1707
1702
1696
1691
1684
1678
1674
1669
1664
1660
1653
1649
1644
1637
1627
1621
1615
1612
1609
1605
1598
1589
1582
1576
1567
1559
1553
1545
1537
1530
1524
1517
1513
1510
1506
1493
1491
1485
1481
1474
1470
1466
1457
1448
1440
1438
1435
1429
1426
1425
1421
1414
1404
1398
1393
1386
1382
1378
1378
1372
1367
1361
1355
1352
1348
1340
1333
1328
1323
1318
1314
1309
1304
1302
1296
1287
1284
1274
1272
1261
1257
