4
22
58
113
178
266
354
444
542
630
709
810
917
1015
1105
1199
1318
1426
1501
1591
1686
1771
1861
1937
2030
2121
2225
2319
2395
2473
2553
2637
2702
2766
2847
2930
2999
3093
3165
3223
3282
3352
3411
3464
3518
3584
3623
3675
3737
3798
3838
3876
3924
3966
4000
4049
4082
4108
4131
4166
4180
4214
4236
4247
4269
4272
4284
4299
4323
4325
4343
4344
4340
4343
4350
4345
4353
4354
4347
4351
4349
4354
4346
4336
4326
4308
4305
4300
4293
4285
4286
4287
4278
4277
4274
4273
4258
4256
4243
4240
4222
4212
4198
4194
4185
4169
4156
4139
4131
4119
4096
4077
4050
4033
4018
4007
3991
3977
3962
3946
3931
3908
3889
3878
3862
3841
3821
3807
3788
3771
3752
3740
3722
3706
3690
3675
3649
3632
3617
3599
3587
3574
3565
3550
3537
3523
3497
3488
3472
3454
3441
3431
3417
3394
3377
3366
3353
3339
3324
3308
3291
3276
3264
3256
3248
3234
3218
3207
3195
3174
3159
3147
3130
3117
3101
3092
3086
3078
3068
3047
3033
3024
3017
3006
2993
2985
2971
2963
2952
2939
2923
2914
2902
2892
2883
2870
2856
2841
2832
2817
2798
2781
2771
2758
2743
2735
2723
2715
2702
2695
2687
2680
2675
2665
2651
2647
2641
2632
2618
2602
2594
2585
2571
2560
2547
2537
2530
2524
2517
2505
2493
2484
2471
2459
2453
2444
2438
2422
2418
2408
2397
2385
2378
2375
2370
2363
2354
2346
2337
2325
2318
2310
2303
2294
2288
2276
2268
2253
2248
2243
2238
2229
2225
2218
2210
2199
2190
2182
2172
2157
2148
2142
2139
2132
2126
2113
2106
2101
2094
2085
2073
2065
2059
2052
2040
2032
2023
2014
2003
1995
1992
1984
1976
1973
1970
1965
1954
1946
1941
1934
1927
1917
1909
1900
1894
1885
1872
1864
1853
1848
1845
1842
1839
1837
1826
1818
1808
1804
1798
1788
1782
1777
1769
1763
1759
1752
1747
1744
1738
1727
1721
1714
1709
1703
1693
1690
1688
1680
1675
1665
1658
1650
1643
1637
1635
1625
1617
1615
1605
1596
1594
1590
1584
1579
1578
1572
1567
1566
1562
1552
1544
1539
1536
1532
1527
1525
1515
1513
1505
1501
1497
1486
1478
1473
1470
1464
1463
1460
1455
1445
1442
1437
1436
1433
1429
1422
1418
1414
1411
1405
1403
1394
1392
1382
1379
1371
1361
1353
1346
1344
