0	0
0.1	959838
0.2	920963
0.3	883266
0.4	846775
0.5	811581
0.6	777657
0.7	744933
0.8	713606
0.9	683647
1	654870
1.1	627098
1.2	600538
1.3	575186
1.4	550866
1.5	527518
1.6	505096
1.7	483759
1.8	463261
1.9	443728
2	424878
2.1	406916
2.2	389680
2.3	373239
2.4	357480
2.5	342430
2.6	327951
2.7	314174
2.8	300999
2.9	288358
3	276343
3.1	264808
3.2	253770
3.3	243202
3.4	233171
3.5	223588
3.6	214396
3.7	205549
3.8	197200
3.9	189222
4	181568
4.1	174321
4.2	167329
4.3	160693
4.4	154404
4.5	148390
4.6	142687
4.7	137249
4.8	132061
4.9	127168
5	122527
5.1	118141
5.2	113948
5.3	110082
5.4	106437
5.5	103015
5.6	99815.2
5.7	96808.8
5.8	93993.8
5.9	91311.2
6	88835.8
6.1	86540
6.2	84395.2
6.3	82346.5
6.4	80465.7
6.5	78731.6
6.6	77123.3
6.7	75601.1
6.8	74223.8
6.9	72911.9
7	71733
7.1	70650.2
7.2	69681.3
7.3	68770.2
7.4	67891.8
7.5	67051.2
7.6	66283.7
7.7	65587.6
7.8	64913.1
7.9	64313.5
8	63771.9
8.1	63236.5
8.2	62648.7
8.3	62081.8
8.4	61570.6
8.5	61077.9
8.6	60617.3
8.7	60181.5
8.8	59759.9
8.9	59347.2
9	58973.5
9.1	58640.5
9.2	58270.8
9.3	57870.4
9.4	57505
9.5	57166.1
9.6	56819.9
9.7	56499.8
9.8	56188.7
9.9	55921.7
10	55664.4
10.1	55402.7
10.2	55153.7
10.3	54920
10.4	54675.5
10.5	54424.8
10.6	54193.1
10.7	53977.9
10.8	53769.6
10.9	53560
11	53358.8
11.1	53193.6
11.2	53051.1
11.3	52895.2
11.4	52731.9
11.5	52598
11.6	52497.6
11.7	52374.5
11.8	52250.8
11.9	52126.6
12	52045.1
12.1	51963.8
12.2	51893.4
12.3	51804.5
12.4	51716.3
12.5	51641.6
12.6	51567.2
12.7	51505.2
12.8	51453.6
12.9	51412.6
13	51380.7
13.1	51348.9
13.2	51321.8
13.3	51295.5
13.4	51299.2
13.5	51345.8
13.6	51426.6
13.7	51497.4
13.8	51587.8
13.9	51695.3
14	51815.2
14.1	51933
14.2	52068
14.3	52197
14.4	52316
14.5	52453.8
14.6	52586.1
14.7	52732.2
14.8	52898
14.9	53056.2
15	53216.9
15.1	53362.3
15.2	53519.7
15.3	53676.2
15.4	53829.4
15.5	53998.2
15.6	54172.4
15.7	54348.4
15.8	54521.6
15.9	54697.6
16	54860.4
16.1	55032.1
16.2	55196.5
16.3	55366
16.4	55534.7
16.5	55698.8
16.6	55869
16.7	56038.8
16.8	56222.3
16.9	56410.3
17	56610.7
17.1	56813.9
17.2	57016.6
17.3	57224.5
17.4	57429.1
17.5	57625.2
17.6	57830.1
17.7	58029.8
17.8	58250
17.9	58465.2
18	58676.3
18.1	58879.2
18.2	59092.2
18.3	59289.2
18.4	59500.7
18.5	59702
18.6	59893.1
18.7	60098.5
18.8	60308
18.9	60516.7
19	60723.4
19.1	60930.8
19.2	61136.8
19.3	61349.1
19.4	61558.8
19.5	61771.4
19.6	61983.3
19.7	62183.9
19.8	62375.1
19.9	62568.7
20	62763.7
20.1	62944.3
20.2	63141.9
20.3	63333.6
20.4	63529.4
20.5	63729.2
20.6	63925
20.7	64126.5
20.8	64321.6
20.9	64522
21	64713.5
21.1	64908.9
21.2	65084
21.3	65261.9
21.4	65446.8
21.5	65649.3
21.6	65844.1
21.7	66036.8
21.8	66225.7
21.9	66416.9
22	66608.3
22.1	66809.9
22.2	67012.8
22.3	67207.3
22.4	67407.1
22.5	67598.2
22.6	67792
22.7	67993.8
22.8	68190.9
22.9	68386.1
23	68580.3
23.1	68779
23.2	68979.4
23.3	69176.5
23.4	69374.4
23.5	69577
23.6	69773.4
23.7	69967.2
23.8	70159
23.9	70354.8
24	70546.1
24.1	70742.1
24.2	70933.6
24.3	71130.1
24.4	71325.5
24.5	71529.4
24.6	71730.5
24.7	71928.1
24.8	72128.1
24.9	72325.8
25	72544.1
25.1	72742
25.2	72950.8
25.3	73161.9
25.4	73373.5
25.5	73586.1
25.6	73802.6
25.7	74016
25.8	74216.2
25.9	74430.5
26	74639.4
26.1	74837.8
26.2	75040.3
26.3	75244.4
26.4	75450.6
26.5	75660.4
26.6	75865
26.7	76071.2
26.8	76271.5
26.9	76488.1
27	76698.5
27.1	76899.4
27.2	77103.1
27.3	77314.7
27.4	77522.3
27.5	77720.9
27.6	77927.1
27.7	78127.3
27.8	78333.4
27.9	78539.5
28	78734.8
28.1	78937.9
28.2	79135
28.3	79345.6
28.4	79559
28.5	79763.8
28.6	79973.9
28.7	80170.2
28.8	80371.6
28.9	80577.5
29	80770.9
29.1	80963.1
29.2	81155.4
29.3	81358.1
29.4	81561.6
29.5	81762.1
29.6	81963.9
29.7	82176.2
29.8	82387
29.9	82593.8
30	82809.3
30.1	83025.7
30.2	83243.9
30.3	83455.3
30.4	83662.9
30.5	83874.5
30.6	84085.8
30.7	84293.8
30.8	84499.1
30.9	84714.3
31	84924.9
31.1	85145.8
31.2	85360.6
31.3	85568.8
31.4	85779.8
31.5	85996.5
31.6	86204.7
31.7	86414.3
31.8	86619.1
31.9	86815.7
32	87023.8
32.1	87231.8
32.2	87432.1
32.3	87632.4
32.4	87837.6
32.5	88046.2
32.6	88251.9
32.7	88455.9
32.8	88659.9
32.9	88855.2
33	89061.7
33.1	89274.2
33.2	89484.3
33.3	89696.4
33.4	89911.7
33.5	90128
33.6	90344.8
33.7	90565.3
33.8	90780.1
33.9	90985.2
34	91200.2
34.1	91407.3
34.2	91624
34.3	91848
34.4	92066.6
34.5	92286
34.6	92504.6
34.7	92727.4
34.8	92940.8
34.9	93162.1
35	93387.1
35.1	93621.1
35.2	93847.1
35.3	94068.6
35.4	94297.2
35.5	94525.1
35.6	94754.9
35.7	94984.7
35.8	95212
35.9	95435.6
36	95668.1
36.1	95896.9
36.2	96125.1
36.3	96352.8
36.4	96576.5
36.5	96795.5
36.6	97021.7
36.7	97241.8
36.8	97468.2
36.9	97700.5
37	97928.2
37.1	98155.7
37.2	98367.8
37.3	98595.8
37.4	98817.9
37.5	99036.3
37.6	99257.9
37.7	99481.2
37.8	99711.5
37.9	99940.6
38	100166
38.1	100388
38.2	100612
38.3	100831
38.4	101057
38.5	101282
38.6	101510
38.7	101740
38.8	101965
38.9	102187
39	102410
39.1	102637
39.2	102859
39.3	103083
39.4	103306
39.5	103527
39.6	103754
39.7	103974
39.8	104200
39.9	104429
40	104654
