66962
57667
52101
52214
52497
54059
55498
57615
59136
61048
62412
64420
66435
67958
70865
72914
75373
77648
79628
81614
84181
86280
89132
91318
93925
95872
98295
101497
103863
106185
108020
111286
114271
117173
119328
122809
124874
127355
130202
134173
135487
138610
140818
142777
146475
149709
153071
155256
158001
161492
164278
166797
170045
172975
175224
178149
180146
182561
184899
187625
191286
194319
197213
199746
202097
203868
205719
207925
210014
211528
213274
214970
216315
216903
217689
218293
219218
221075
222748
224129
224748
226235
227681
229329
230857
232136
233577
234306
233557
232910
233235
233052
232703
233866
234951
236759
239079
240256
241133
241346
241571
242146
243021
243543
243731
244572
245481
246328
247042
247595
247522
247540
247782
248154
248519
248974
249383
249610
249780
249864
249920
249952
249970
249980
249986
249993
249998
249999
249999
250000
250000
250000
250000
250000
250000
250000
250000
250000
250000
250000
250000
250000
250000
250000
250000
250000
250000
250000
250000
250000
250000
250000
250000
250000
250000
250000
250000
250000
250000
250000
250000
250000
250000
250000
250000
250000
250000
250000
250000
250000
250000
250000
250000
250000
250000
250000
250000
250000
250000
250000
250000
250000
250000
250000
250000
250000
250000
250000
250000
250000
250000
250000
250000
250000
250000
250000
250000
250000
250000
250000
250000
250000
250000
250000
250000
250000
250000
250000
250000
250000
250000
250000
250000
250000
250000
250000
250000
250000
250000
250000
250000
250000
250000
250000
250000
250000
250000
250000
250000
250000
250000
250000
250000
250000
250000
250000
250000
250000
250000
250000
250000
250000
250000
250000
250000
250000
250000
250000
250000
250000
250000
250000
250000
250000
250000
250000
250000
250000
250000
250000
250000
250000
250000
250000
250000
250000
250000
250000
250000
250000
250000
250000
250000
250000
250000
250000
250000
250000
250000
250000
250000
250000
250000
250000
250000
250000
250000
250000
250000
250000
250000
250000
250000
250000
250000
250000
250000
250000
250000
250000
250000
250000
250000
250000
250000
250000
250000
250000
250000
250000
250000
250000
250000
250000
250000
250000
250000
250000
250000
250000
250000
250000
250000
250000
250000
250000
250000
250000
250000
250000
250000
250000
250000
250000
250000
250000
250000
250000
250000
250000
250000
250000
250000
250000
250000
250000
250000
250000
250000
250000
250000
250000
250000
250000
250000
250000
250000
250000
250000
250000
250000
250000
250000
250000
250000
250000
250000
250000
250000
250000
250000
250000
250000
250000
250000
250000
250000
250000
250000
250000
250000
250000
250000
250000
250000
250000
250000
250000
250000
250000
250000
250000
250000
250000
250000
250000
250000
250000
250000
250000
