51796
152953
236115
301065
353392
395069
428355
454905
475065
490827
502417
510435
516457
520418
522188
522604
520969
519261
515471
512591
509056
504239
499163
492936
486282
479848
473877
466794
461058
453633
445786
438825
431074
423819
415639
407365
400036
391898
384264
376476
367100
358516
349687
340542
332055
323516
315622
307047
298904
290994
283335
274824
266151
256303
247097
238339
230777
221736
212364
203929
195913
187618
180504
172529
164757
156612
149478
141908
133901
125539
116058
107537
100885
94987
88934
83575
78493
75002
72495
70725
68301
66420
65652
65668
66254
67860
68723
68560
68067
68119
67041
66306
66223
65971
65274
64748
64643
63535
60348
56625
53254
50876
48542
46055
43137
40043
36906
34349
31772
28855
26137
24384
23182
22423
21588
20454
19369
18595
18126
16716
14626
12910
11293
10721
9713
8261
6838
5641
4609
3792
3078
2544
2054
1689
1392
1159
950
780
631
524
416
341
293
242
198
157
126
99
82
71
54
38
34
28
21
18
10
5
4
3
3
3
3
2
2
2
1
1
1
0
0
0
0
0
0
0
0
0
0
0
0
0
0
0
0
0
0
0
0
0
0
0
0
0
0
0
0
0
0
0
0
0
0
0
0
0
0
0
0
0
0
0
0
0
0
0
0
0
0
0
0
0
0
0
0
0
0
0
0
0
0
0
0
0
0
0
0
0
0
0
0
0
0
0
0
0
0
0
0
0
0
0
0
0
0
0
0
0
0
0
0
0
0
0
0
0
0
0
0
0
0
0
0
0
0
0
0
0
0
0
0
0
0
0
0
0
0
0
0
0
0
0
0
0
0
0
0
0
0
0
0
0
0
0
0
0
0
0
0
0
0
0
0
0
0
0
0
0
0
0
0
0
0
0
0
0
0
0
0
0
0
0
0
0
0
0
0
0
0
0
0
0
0
0
0
0
0
0
0
0
0
0
0
0
0
0
0
0
0
0
0
0
0
0
0
0
0
0
0
0
0
0
0
0
0
0
0
0
0
0
0
0
0
0
0
0
0
0
0
0
0
0
0
0
0
0
0
0
0
0
