51914
153503
235837
301424
353098
394093
428288
454749
475267
490888
502744
511342
516608
521251
523343
523640
522825
521285
518260
514611
509727
504972
499700
494081
487639
481056
474475
467157
460931
453550
446593
439240
431704
423638
415758
407761
399486
391483
383243
374435
366469
358167
350248
342355
335682
327489
318949
310980
302420
294119
286798
279304
271302
263104
254483
246165
237091
227914
219483
210877
201290
192014
182640
173940
164598
155630
146513
137932
131503
125773
121141
116579
111311
105890
100864
95327
90405
86328
82672
78209
73685
71018
69622
67552
65217
62273
59908
57300
54588
52160
50073
48545
47930
46648
44466
42099
39553
37131
35635
35435
35504
35897
35160
33777
31670
29199
27927
28085
28960
29932
30206
30464
31263
33091
35711
38522
40774
43185
44471
44274
43945
42848
42374
42378
42259
43204
45369
47450
48718
49821
51219
53154
54376
54442
53912
53115
52538
50689
47657
43548
39181
34859
30690
27603
25539
24027
23369
22588
22332
22340
22127
21663
21435
21543
21304
20376
19217
19057
19174
19450
19287
19616
19729
20262
20796
21159
21222
20510
19731
18457
16692
14666
12720
11279
10408
9475
8148
6725
5533
4578
3816
3099
2472
2019
1667
1374
1146
910
737
614
475
391
318
255
208
173
141
118
91
77
61
49
44
36
29
28
25
18
14
11
9
9
7
6
6
6
4
4
3
3
2
1
1
1
1
1
1
1
1
1
0
0
0
0
0
0
0
0
0
0
0
0
0
0
0
0
0
0
0
0
0
0
0
0
0
0
0
0
0
0
0
0
0
0
0
0
0
0
0
0
0
0
0
0
0
0
0
0
0
0
0
0
0
0
0
0
0
0
0
0
0
0
0
0
0
0
0
0
0
0
0
0
0
0
0
0
0
0
0
0
0
0
0
0
0
0
0
0
0
0
0
0
0
0
0
0
0
0
0
0
0
0
0
0
0
0
0
0
0
0
0
0
0
0
0
0
0
0
0
0
0
0
0
0
0
0
0
0
0
0
0
0
0
0
0
0
0
0
0
0
0
0
0
0
0
0
0
0
0
0
0
0
0
0
0
0
0
0
0
0
0
0
0
0
0
0
0
0
0
0
