18
43
68
83
106
137
156
181
200
217
244
265
289
318
334
354
376
403
421
439
465
483
514
531
553
574
597
616
634
656
671
697
723
753
778
792
813
831
854
880
899
925
944
963
982
1004
1024
1048
1070
1090
1110
1130
1150
1173
1185
1198
1221
1237
1257
1287
1310
1331
1353
1383
1407
1417
1438
1458
1485
1509
1528
1556
1576
1595
1612
1635
1655
1676
1702
1726
1741
1768
1789
1812
1833
1855
1883
1908
1929
1953
1985
2007
2025
2053
2074
2098
2120
2137
2159
2177
2207
2231
2252
2272
2289
2315
2328
2354
2379
2398
2416
2435
2461
2481
2512
2537
2559
2581
2612
2639
2654
2663
2682
2699
2730
2752
2776
2797
2819
2835
2853
2884
2907
2931
2959
2983
3000
3022
3041
3072
3088
3113
3130
3147
3170
3193
3217
3240
3259
3279
3297
3317
3335
3359
3385
3405
3426
3444
3466
3480
3496
3527
3549
3564
3583
3600
3623
3649
3675
3697
3708
3732
3753
3772
3801
3822
3842
3859
3873
3896
3916
3936
3950
3969
3988
4012
4029
4064
4081
4103
4114
4132
4147
4166
4182
4203
4230
4253
4275
4296
4318
4339
4357
4372
4389
4406
4431
4456
4470
4491
4509
4525
4548
4571
4601
4626
4650
4661
4678
4703
4719
4737
4755
4782
4801
4820
4840
4865
4893
4912
4934
4956
4978
4996
5016
5035
5055
5076
5096
5119
5153
5171
5195
5219
5255
5276
5296
5322
5338
5363
5383
5408
5430
5456
5471
5492
5523
5543
5571
5596
5617
5641
5660
5674
5695
5711
5732
5756
5776
5800
5827
5847
5868
5891
5914
5934
5944
5969
5988
6007
6033
6055
6071
6089
6116
6143
6170
6192
6206
6226
6243
6262
6288
6309
6327
6346
6363
6387
6402
6419
6445
6464
6490
6519
6541
6570
6588
6608
6624
6647
6665
6692
6715
6738
6747
6772
6791
6816
6839
6857
6882
6900
6925
6949
6964
6986
7007
7037
7057
7082
7104
7132
7155
7179
7206
7226
7248
7270
7301
7324
7349
7371
7393
7408
7436
7453
7476
7490
7512
7534
7558
7582
7608
7633
7654
7677
7705
7728
7754
7781
7801
7821
7838
7864
7881
7903
7928
7952
7977
7994
8018
8040
8051
8074
8096
8118
8144
8164
8187
8209
8225
8250
8266
8289
8316
8335
8356
8375
8408
8426
8445
8471
8493
8517
8537
8557
8574
8591
8615
8631
