25
44
59
84
104
136
159
183
206
227
249
267
288
315
334
348
368
388
417
433
457
481
497
519
533
552
572
591
611
634
656
672
696
718
744
770
789
812
840
858
883
908
934
959
982
999
1024
1039
1056
1077
1098
1124
1153
1173
1193
1204
1224
1245
1272
1295
1312
1338
1362
1384
1403
1430
1458
1477
1497
1521
1538
1552
1569
1597
1616
1635
1655
1680
1704
1725
1745
1764
1782
1803
1823
1845
1865
1887
1915
1937
1956
1969
1991
2015
2042
2056
2074
2100
2127
2152
2166
2190
2217
2243
2261
2283
2305
2321
2339
2364
2385
2403
2426
2447
2475
2498
2525
2549
2573
2595
2615
2640
2664
2692
2716
2735
2755
2785
2805
2827
2846
2863
2881
2912
2933
2950
2972
3006
3029
3045
3060
3091
3117
3139
3155
3175
3198
3220
3239
3269
3289
3306
3324
3344
3366
3391
3414
3439
3452
3481
3501
3519
3549
3564
3587
3606
3630
3652
3671
3690
3707
3726
3750
3763
3789
3813
3833
3850
3875
3896
3909
3937
3963
3986
4014
4031
4049
4077
4094
4113
4133
4157
4176
4194
4219
4240
4258
4279
4297
4317
4335
4360
4388
4416
4441
4458
4480
4503
4524
4547
4562
4584
4611
4627
4653
4674
4689
4702
4717
4744
4775
4795
4820
4836
4861
4880
4907
4921
4945
4964
4982
5007
5023
5049
5066
5090
5112
5139
5162
5184
5207
5229
5254
5269
5287
5308
5335
5363
5385
5417
5436
5451
5475
5497
5524
5547
5565
5582
5609
5632
5655
5677
5699
5724
5748
5775
5803
5817
5837
5854
5870
5891
5911
5930
5953
5969
5987
6009
6035
6050
6075
6095
6115
6133
6157
6173
6194
6214
6233
6257
6280
6311
6332
6354
6382
6403
6427
6449
6471
6492
6516
6538
6566
6588
6604
6625
6651
6677
6690
6706
6730
6757
6777
6798
6827
6843
6857
6876
6901
6930
6952
6966
6988
7010
7037
7060
7080
7095
7124
7143
7161
7184
7207
7228
7252
7279
7296
7318
7348
7371
7404
7422
7436
7460
7480
7495
7513
7532
7557
7578
7603
7617
7635
7658
7679
7687
7707
7727
7756
7782
7801
7820
7834
7863
7892
7907
7933
7952
7975
7999
8013
8038
8056
8079
8096
8106
8127
8144
8161
8179
8212
8235
8253
8270
8288
8313
8334
8354
8374
8398
8414
8438
8460
8486
8508
8530
8548
8565
8585
8603
