16
34
55
71
93
114
131
159
186
209
233
259
274
291
319
336
354
374
398
421
445
474
501
524
546
569
592
615
638
667
685
699
722
742
759
782
797
830
861
880
912
943
968
987
1009
1034
1055
1079
1113
1137
1162
1181
1202
1220
1239
1260
1275
1296
1320
1337
1351
1369
1382
1405
1432
1456
1474
1497
1515
1530
1546
1564
1583
1607
1626
1639
1655
1674
1700
1732
1758
1780
1798
1824
1846
1881
1908
1933
1952
1974
1995
2016
2035
2054
2075
2094
2115
2143
2173
2208
2238
2261
2282
2309
2339
2363
2378
2403
2418
2443
2471
2493
2523
2552
2569
2587
2612
2635
2651
2672
2688
2708
2728
2746
2760
2781
2796
2824
2854
2878
2898
2920
2945
2962
2986
3005
3026
3046
3067
3084
3111
3138
3155
3178
3199
3230
3252
3268
3290
3312
3328
3348
3366
3397
3413
3433
3450
3464
3490
3518
3542
3560
3582
3599
3616
3636
3661
3681
3705
3719
3739
3765
3786
3802
3827
3856
3877
3891
3905
3924
3948
3963
3992
4024
4045
4064
4083
4104
4124
4143
4177
4194
4219
4242
4267
4297
4319
4344
4363
4384
4399
4419
4435
4457
4477
4498
4521
4547
4573
4595
4611
4627
4653
4675
4700
4720
4745
4763
4785
4804
4819
4845
4863
4881
4906
4931
4961
4977
5011
5036
5057
5074
5085
5110
5132
5162
5177
5200
5226
5248
5269
5290
5308
5327
5346
5361
5382
5403
5421
5444
5463
5485
5511
5530
5552
5570
5582
5605
5622
5646
5664
5686
5706
5720
5750
5777
5799
5819
5842
5863
5888
5908
5932
5959
5979
6003
6028
6049
6065
6089
6119
6141
6168
6189
6206
6229
6259
6285
6316
6347
6364
6391
6411
6431
6450
6470
6496
6513
6532
6557
6577
6594
6607
6635
6654
6673
6706
6729
6749
6767
6784
6810
6830
6857
6879
6896
6920
6940
6955
6978
6989
7015
7031
7047
7083
7105
7126
7140
7163
7190
7205
7231
7255
7276
7299
7321
7339
7353
7375
7397
7421
7440
7465
7486
7502
7516
7538
7553
7567
7588
7599
7623
7650
7674
7695
7716
7732
7758
7779
7794
7814
7831
7854
7875
7895
7916
7941
7954
7970
7995
8015
8032
8064
8084
8106
8130
8141
8164
8190
8210
8242
8259
8278
8295
8315
8334
8350
8364
8386
8399
8424
8447
8470
8490
8503
8526
8546
8567
8598
8620
