9
45
115
190
262
342
414
509
592
682
741
803
870
933
987
1052
1105
1161
1233
1277
1342
1383
1432
1454
1491
1530
1604
1647
1684
1722
1755
1768
1786
1818
1828
1867
1897
1922
1952
1954
1976
1983
1992
2028
2056
2065
2067
2059
2056
2075
2081
2080
2080
2088
2086
2083
2070
2045
2041
2032
2008
1982
1979
1937
1912
1906
1888
1868
1858
1849
1832
1794
1776
1758
1727
1690
1684
1665
1650
1631
1610
1600
1574
1554
1536
1501
1482
1470
1462
1442
1411
1395
1385
1366
1342
1313
1284
1253
1226
1203
1202
1186
1179
1163
1137
1117
1111
1090
1073
1065
1052
1055
1058
1057
1073
1094
1101
1114
1126
1125
1132
1141
1142
1143
1160
1176
1183
1208
1205
1214
1236
1255
1276
1282
1291
1275
1279
1288
1288
1271
1254
1240
1228
1199
1173
1147
1130
1126
1116
1108
1110
1099
1085
1076
1070
1065
1053
1034
1032
1020
1011
1014
1011
1011
1011
1010
1015
1006
1000
990
973
955
929
903
886
880
857
834
808
787
765
747
727
713
689
675
652
628
611
591
575
559
538
522
501
483
460
448
438
423
414
396
386
372
362
354
335
323
311
298
285
275
270
258
247
238
231
228
225
220
214
210
204
196
189
183
177
174
169
162
156
150
149
145
141
138
134
131
129
127
125
119
115
114
112
108
106
104
103
102
98
96
94
91
89
87
84
82
78
75
73
72
70
67
66
64
63
62
60
59
57
57
56
56
56
54
51
50
49
49
49
46
45
43
43
42
41
40
37
34
31
30
28
28
27
27
26
26
25
25
24
24
22
22
22
22
22
21
19
19
19
19
19
18
18
17
17
17
16
15
15
15
15
15
15
13
13
13
10
10
10
10
10
9
8
8
8
8
8
8
8
8
8
7
7
6
6
6
6
6
6
6
6
6
6
6
6
5
5
5
5
4
4
4
4
4
4
4
4
4
4
4
4
4
4
4
4
4
4
4
3
3
3
3
3
3
3
3
3
3
3
3
3
3
3
3
3
3
3
3
