121
182
208
261
291
317
322
319
319
352
368
383
386
386
411
420
428
464
474
486
487
526
534
580
611
631
658
690
693
733
749
782
811
866
899
918
951
986
1025
1053
1082
1112
1138
1176
1203
1254
1307
1347
1384
1400
1438
1494
1527
1571
1605
1659
1704
1747
1812
1850
1900
1966
2037
2118
2184
2273
2349
2434
2511
2602
2684
2771
2848
2912
2975
3055
3138
3212
3287
3374
3450
3531
3612
3715
3798
3877
3957
4046
4112
4214
4312
4425
4528
4622
4731
4840
4950
5059
5173
5291
5397
5511
5619
5728
5823
5952
6060
6154
6264
6364
6487
6596
6699
6816
6924
7039
7145
7243
7351
7456
7571
7680
7801
7914
8018
8127
8248
8379
8523
8647
8756
8873
8982
9087
9190
9289
9379
9485
9596
9707
9808
9916
10032
10148
10269
10372
10485
10603
10721
10834
10956
11079
11193
11305
11418
11536
11645
11749
11834
11937
12050
12165
12274
12387
12496
12593
12704
12814
12928
13050
13169
13265
13359
13458
13561
13671
13781
13873
13959
14064
14159
14269
14374
14475
14595
14706
14809
14918
15022
15131
15239
15342
15433
15528
15639
15744
15857
15953
16074
16173
16288
16398
16503
16611
16702
16817
16918
17007
17115
17229
17339
17456
17568
17668
17769
17876
17980
18087
18187
18291
18379
18473
18572
18674
18777
18875
18972
19056
19153
19249
19347
19454
19565
19648
19745
19853
19966
20078
20185
20295
20383
20478
20571
20669
20760
20865
20968
21075
21174
21283
21391
21492
21596
21713
21816
21919
22037
22124
22223
22323
22421
22536
22638
22730
22835
22915
23030
23160
23277
23385
23498
23613
23727
23828
23933
24037
24131
24248
24353
24452
24568
24669
24775
24891
24979
25089
25177
25277
25368
25476
25593
25700
25805
25904
26038
26154
26263
26365
26467
26588
26680
26784
26895
26998
27109
27225
27319
27420
27525
27644
27738
27835
27935
28036
28139
28264
28366
28454
28543
28658
28758
28855
28960
29051
29154
29259
29358
29451
29580
29690
29781
29878
29970
30052
30166
30266
30363
30460
30565
30654
30757
30861
30946
31041
31128
31232
31339
31435
31537
31646
31751
31858
31970
32067
32172
32282
32368
32484
32602
32715
32814
32919
33014
33137
33237
33330
33433
33552
33663
33751
33865
33957
34067
34159
34242
34332
34442
34533
34627
34732
34827
34928
35027
35115
35204
35292
35390
35490
35585
35676
35781
35881
35984
36094
36183
36279
36387
36505
36597
36701
