959835
920874
882613
846200
811195
776990
744502
713373
683114
654488
627147
601210
575947
551763
528264
505770
484340
463900
444378
425748
407639
390486
374121
358517
343273
328759
315082
301843
289089
276814
264966
253785
243121
233234
223448
214169
205262
196988
188932
181356
173838
166673
159840
153374
147124
141270
135632
130114
124873
119945
115195
110723
106374
102225
98234
94351
90706
87129
83715
80473
77450
74545
71768
69029
66480
63979
61658
59456
57331
55318
53376
51450
49639
47910
46233
44621
43029
41531
40217
38809
37447
36234
35061
34006
32873
31864
30878
29941
28946
28088
27206
26375
25569
24818
24155
23481
22820
22163
21561
21023
20499
20023
19568
19111
18635
18184
17684
17249
16849
16418
16035
15681
15331
15006
14637
14307
13960
13616
13343
13080
12775
12517
12257
12000
11785
11596
11356
11140
10896
10684
10480
10272
10058
9893
9741
9607
9437
9300
9170
9001
8813
8687
8604
8441
8337
8219
8073
7975
7922
7858
7761
7668
7601
7502
7447
7345
7231
7186
7111
7037
6984
6907
6847
6833
6756
6704
6664
6635
6589
6573
6535
6532
6526
6514
6477
6479
6448
6384
6351
6353
6318
6307
6263
6247
6215
6206
6165
6159
6142
6112
6109
6080
6071
6072
6036
6008
5997
5934
5940
5924
5884
5885
5901
5899
5894
5876
5836
5820
5818
5786
5744
5735
5699
5686
5688
5707
5735
5711
5722
5710
5719
5728
5707
5726
5689
5673
5695
5690
5699
5692
5647
5632
5673
5670
5651
5640
5631
5642
5626
5601
5591
5598
5587
5577
5602
5599
5602
5617
5616
5605
5638
5628
5614
5589
5573
5559
5567
5573
5546
5581
5599
5599
5614
5634
5630
5649
5616
5614
5607
5589
5576
5566
5549
5565
5603
5629
5648
5633
5655
5648
5649
5624
5645
5648
5707
5688
5677
5687
5688
5690
5717
5698
5661
5649
5649
5669
5644
5611
5609
5621
5638
5667
5690
5708
5728
5759
5778
5804
5807
5773
5788
5827
5793
5804
5787
5785
5820
5793
5789
5811
5792
5764
5785
5768
5750
5754
5775
5814
5826
5827
5799
5789
5788
5772
5772
5789
5782
5732
5727
5715
5730
5683
5713
5712
5723
5777
5799
5842
5856
5825
5834
5805
5817
5786
5776
5781
5760
5694
5660
5650
5604
5599
5623
5660
5681
5672
5682
5698
5690
5726
5729
5759
5793
5797
5810
5844
5871
5910
5917
5942
5943
5945
5950
5965
5980
6002
6002
6027
6050
6043
6041
6082
6069
6100
6099
6113
6139
6137
6154
6157
