35168
60972
80272
93406
102232
107934
111135
112333
112319
111238
109046
106884
103231
100319
96909
93879
90539
87214
83913
80704
77458
74164
71162
68526
65426
62574
60094
57876
55361
53195
50684
48720
46718
44874
42851
41121
39369
37645
35705
34382
33167
31531
29987
28904
27825
26573
25300
24295
23242
22356
21559
20660
19923
19030
18144
17325
16458
15785
15107
14461
13853
13323
12819
12229
11700
11233
10873
10366
9923
9646
9278
8984
8676
8337
8104
7831
7650
7384
7077
6855
6453
6310
6047
5787
5462
5264
5150
5008
4848
4627
4420
4309
4200
4118
3929
3867
3764
3687
3583
3511
3410
3364
3297
3163
3029
2900
2782
2762
2710
2633
2563
2516
2521
2493
2454
2415
2356
2289
2267
2260
2248
2189
2127
2081
2095
2048
1990
1945
1954
1904
1836
1845
1770
1720
1726
1699
1657
1661
1655
1595
1507
1495
1500
1484
1462
1427
1401
1397
1391
1345
1337
1369
1359
1291
1336
1289
1253
1262
1251
1210
1185
1166
1177
1199
1178
1148
1161
1133
1126
1117
1107
1135
1150
1146
1171
1147
1119
1088
1084
1082
1036
1027
1048
1028
1022
1014
1023
995
1018
1039
1074
1039
1028
1029
1003
1005
1017
998
984
974
950
980
978
980
964
939
952
969
951
949
981
974
985
988
979
947
935
949
944
969
982
996
964
951
988
939
927
885
887
943
920
948
948
967
968
938
932
920
876
909
894
911
944
965
997
1015
978
979
971
959
965
1013
1004
972
962
942
964
929
941
949
951
938
915
914
910
892
880
891
943
949
956
937
905
866
884
924
918
911
955
934
928
931
938
941
939
928
952
950
959
971
959
961
955
960
971
970
985
947
923
945
971
993
1000
976
979
964
963
951
975
979
952
934
952
942
902
906
866
881
885
908
947
939
957
924
904
908
930
943
943
934
932
942
940
933
950
946
943
951
960
934
936
920
936
916
953
955
910
900
864
894
897
867
870
897
907
917
919
913
905
871
874
887
859
876
873
883
885
890
890
908
903
927
890
890
886
896
886
904
916
902
899
902
905
910
847
858
871
865
850
879
853
882
878
889
870
877
880
869
865
821
