57604
34722
26017
22277
20098
19227
18695
18783
18522
18680
18996
19266
19843
20178
20742
21670
22272
23139
23982
24779
25791
26663
27526
28514
29628
30753
32138
33585
34294
35527
37098
38259
39484
40880
42519
43704
45624
47893
49361
50642
52751
54176
56034
57913
59417
61136
63365
64845
67800
69842
72547
74575
76956
79400
81306
83807
86156
88413
90908
93501
96648
98924
101257
103939
106215
108544
111009
113338
116368
118529
120049
122500
124938
127512
130261
132682
135049
137791
139782
142147
144572
147311
149606
151741
152924
154736
156382
158549
160216
163142
164614
166418
167985
168864
170511
171758
173292
174754
176730
178176
179620
180296
182139
183071
184320
185664
185930
186912
188386
189683
191429
193122
194201
195328
196749
198027
198562
199162
200137
200470
201087
201731
202138
202603
202843
203461
204328
205023
205673
206478
206328
207080
207945
208574
209343
209904
210646
211065
211312
211623
212011
212138
212796
213645
214260
214260
214437
214871
214652
215146
215717
216268
216655
217344
217642
217992
218193
218442
218647
218829
219340
219550
219512
219861
219748
219995
219976
220107
220379
220836
221094
221208
221564
222107
222075
222678
223206
222970
222928
223428
223656
223783
224202
224490
223908
223591
224020
224337
224338
223944
224161
223813
223934
224066
224218
224189
224565
224513
224711
225011
224980
224724
225111
225426
225162
225078
225062
225080
225057
224855
224976
225348
225437
225436
225509
225880
225752
225406
225704
225687
225430
225543
225247
225058
225044
225159
225305
225955
226323
226823
226853
226693
226483
226417
226079
225972
225919
226087
226169
226392
226364
226125
226063
225852
226176
226774
226971
226909
226924
227151
226974
226869
226550
226438
226158
225938
226069
225829
225559
225429
225228
225602
225799
225739
225670
225766
225428
224983
224885
225132
225118
224884
225078
225630
226160
226405
226422
226802
227198
227389
227393
227343
227062
226895
226770
227029
226830
226625
226653
226317
226187
226038
226178
226853
227153
227094
226704
226371
226514
226480
226741
226477
226597
226743
226331
226306
226142
226073
226261
226399
226511
226183
226412
226490
226170
226444
226650
226382
226462
226059
225922
226074
226145
226061
226055
226199
226327
226459
226617
226704
226540
226697
226933
227087
226897
226543
226600
226909
227093
227307
227183
227658
227635
227529
227662
227592
227494
227710
227375
227380
226939
227087
227136
227040
226584
226327
226387
226992
227338
227303
227498
227245
227488
227586
227256
227183
226788
227178
227299
227119
227249
227110
226852
226907
226893
227032
227333
227678
228072
228549
229325
229255
229459
229569
229329
228897
228935
228799
228506
228638
229155
229616
230031
229883
229830
229541
229602
229541
229166
228969
