57309
34749
26198
21954
20399
19193
18854
18581
18436
18412
19015
18986
19907
20287
20752
21907
22130
23158
23880
24813
25521
26733
27808
28707
29746
30735
31650
33076
33995
35451
36777
37831
39231
40811
42644
44358
45567
47412
48953
50969
52315
53770
55867
57726
59911
61333
63427
65907
67795
69998
71907
74894
76224
78917
81095
82594
85179
87624
90171
92361
94771
96919
99225
101719
104301
106611
109658
112874
115734
118095
120440
122233
125198
127272
129476
131558
134002
136551
138565
140933
142709
144892
147212
149392
151040
153279
154523
157087
159392
161915
164358
166236
167707
168759
171237
172848
174781
176380
178258
179597
181410
182618
183801
184548
185624
186747
188448
189422
190671
192165
193160
194337
195601
196905
198307
199434
200097
200543
200817
201538
202344
203171
204143
205266
206763
207856
209016
209097
208943
209225
209426
209773
210320
211053
211711
212767
213496
213977
214641
214766
215004
215837
216100
216148
216379
216532
217398
218141
218753
218932
218905
219177
219385
219398
219642
219722
219643
219936
220480
220111
219746
220006
220163
219878
220199
220455
221122
221568
221831
221966
222432
222588
222480
222209
221972
222190
222232
222268
222712
222947
223148
223534
223384
223339
223246
223325
223098
223254
223449
224022
224401
224734
225217
224927
225251
225024
224710
224929
224896
224941
225230
225072
225288
225295
225028
225016
225227
225516
225848
226185
226207
225963
225442
225581
225759
226224
226662
226969
227098
227371
227605
227466
227270
227363
227162
226630
226827
226663
226321
225892
225558
225351
225494
225373
225570
225378
225580
225721
225712
225593
225678
225857
225819
225388
225479
226114
226000
225698
225416
225585
225577
225481
225440
225619
225890
225983
225554
224976
225041
225466
225666
225715
226117
226067
226115
226500
226395
226672
226758
226803
226553
226167
226433
226732
226807
226554
226557
226578
226728
226868
226943
226901
226968
227005
227039
227333
227325
226732
226397
226208
226297
226570
226828
226946
226955
226712
226921
227089
227211
227075
227187
227410
227656
227639
227199
227120
226967
226912
226830
226439
226413
226919
226856
227005
226825
226838
226636
226679
226930
227017
226942
226656
226996
227043
226992
226837
226866
227038
227416
227401
227600
227303
226669
226363
226013
226437
226746
227032
226852
226666
227012
227092
227105
227115
226954
227171
226903
226609
226391
226391
226510
226605
226723
226879
227323
226880
226960
226590
226557
226729
226885
227146
227180
227228
227401
227378
227585
227871
227778
227474
227269
227354
227295
227370
227719
227835
227882
228251
228047
227255
226891
227022
227009
227663
227680
227657
227431
227427
227417
227468
227589
227600
227548
227190
227039
227264
227287
227356
227854
227794
