57065
34619
25753
22575
20332
19090
18619
18539
18542
18400
18927
19329
19857
20265
21082
21330
22285
23021
23570
24783
25495
26625
27364
28735
29643
30765
31870
33173
33758
35410
36700
38174
39517
41441
42723
43917
45455
47401
48937
50392
52495
54372
55952
58219
60012
61610
63648
65739
67607
69092
71747
74510
76587
78658
80979
83523
85393
87943
89953
91927
94731
96860
99708
102592
105277
107711
109697
112013
115144
117733
119968
122316
124751
126752
129546
131346
133398
135661
137911
141053
143092
145040
147250
149336
151460
153594
155648
157985
159346
161893
163621
164652
167010
168748
170654
172434
174474
176546
178270
179680
181256
182457
184581
186239
187774
189502
190127
190601
191592
192672
193369
194742
195812
196574
197213
198165
199500
200417
201081
202387
202924
203179
203565
204283
205211
205706
206386
206571
207327
208064
208772
209191
209857
210481
210757
210868
211022
211583
212275
212916
213729
214086
215214
215467
215635
216056
216369
216372
216851
217729
218062
218524
219119
219535
219969
219864
220357
220723
220419
220556
220929
221470
221721
222490
223078
222883
222634
222484
222710
222795
222563
222817
223221
223701
224567
224760
224853
224640
224024
223497
223130
223255
223486
223746
223603
223607
223825
224188
224517
224292
224460
224377
224120
223958
224131
223998
223860
223784
223920
224124
224022
224669
224918
225600
226153
226050
225725
225421
225353
225498
225740
226301
226624
226703
226876
227035
226831
226843
226429
226285
226079
225957
226323
226165
225854
225627
225460
225536
225510
225679
225768
225962
226141
226602
226604
227026
226623
226441
226479
226568
226402
226431
226547
226761
227266
226993
226990
227311
227221
226921
226842
227292
227343
227025
226769
226020
226272
226193
225824
225808
225987
226656
227064
227144
227272
227474
227608
227328
226953
226508
226281
226283
226442
226462
226483
226603
226403
226504
226507
226744
226971
226929
227156
227220
227065
226936
226634
226298
226304
226294
226277
226200
225715
225545
225510
225516
225384
225012
225140
225602
225695
225969
226472
226979
227346
227583
227081
227064
227011
226843
226848
226763
226798
226829
226968
226746
226321
226496
226178
226093
226454
226323
226646
226753
226575
226298
226361
226149
225949
225877
225700
225464
225645
225569
225620
226072
225978
225609
225645
225427
225282
225150
224857
225007
225326
225767
226010
226194
226749
226627
226806
227004
226876
226802
226888
226491
226717
226422
226526
226510
226190
226170
226352
226570
226330
226251
226281
226238
226081
226111
226475
226823
227292
227632
227519
227361
227223
227601
228070
228168
227973
227544
227638
227495
227604
227477
227682
227510
227287
226952
226833
226902
227112
227098
227099
227045
227276
227666
227823
228063
