62775
183506
277561
354174
415754
466389
507649
541797
570037
592584
609756
623759
635575
645449
652339
657298
661260
664605
666620
667333
667600
667006
666375
665849
664983
662768
661234
658828
656603
652769
649665
646826
643097
638583
634823
630438
627075
622646
618789
613993
609535
604931
600042
594659
589148
584076
578133
572114
566742
561106
554509
548352
542633
536096
529632
523142
515518
508868
501540
494474
487664
480832
473797
467774
461177
453744
445481
437626
429657
422139
414458
407265
399536
392655
385356
378429
371709
364245
356674
350020
343714
336727
330259
323953
317629
311195
305565
298920
292542
285623
279128
272957
266690
261535
255046
249847
244537
238587
233858
228533
223686
219162
215251
211249
207219
203242
198707
194659
190575
187156
183442
179959
176126
172307
168753
165329
162315
159351
156621
154100
151670
148893
146248
143548
140131
136639
133789
131850
130471
129180
127831
126631
125063
123158
120908
118758
116713
114764
112967
111857
110090
108288
107207
106071
105264
104354
102742
100800
99167
98034
97414
96558
95401
94391
93825
93499
92999
92189
91382
91104
91177
90966
90552
90728
90347
89929
89112
88271
87705
86948
85772
84979
84744
84375
84261
84405
83942
83691
83226
82587
81897
81073
80843
80818
80880
80740
80539
80338
80131
79423
78769
78104
77083
76440
75967
76054
76410
76087
75962
75817
75324
75456
74828
74747
74942
74779
74699
74441
73913
73201
72904
72732
73266
73033
72804
72440
71726
70987
70592
69867
69461
69412
69200
69082
69111
69741
69791
70060
70335
70884
71535
72073
72207
72561
72343
72347
72551
72800
72856
72746
72861
72686
72544
73000
73148
72619
72592
72998
73584
73154
73156
73423
73485
73221
73186
72858
73190
73769
74189
73819
73495
73323
72913
72403
72428
72064
71864
71301
70778
70626
70776
70960
70896
70615
70517
70930
71071
70755
70471
70302
70130
70337
70053
69820
69464
69016
68673
69123
69806
70020
70319
70443
70013
69756
69594
69667
69330
69304
69031
69056
68772
68634
68122
68019
68313
68710
68785
69008
69131
69534
69741
69402
69474
69265
69508
69569
69872
70027
69754
69837
69700
69950
69637
69312
69339
69315
69245
69398
68963
68500
68130
68346
68948
69545
70279
70308
70001
69691
69993
70121
69603
69302
69285
69243
69102
68899
69161
69213
69538
70013
70017
70158
69968
70107
69695
69650
69526
69363
69215
69088
68964
68898
68622
68555
68461
68206
67886
67459
67287
67619
67716
67793
67992
67919
67521
67270
66974
66568
66592
67212
67947
68400
68363
67746
67534
67728
67752
67615
67360
67431
67293
67462
67700
68377
68388
68432
68381
68478
67755
67500
