7
78
171
273
376
472
540
614
695
736
796
867
924
968
1024
1074
1104
1127
1165
1190
1225
1245
1253
1270
1304
1329
1364
1390
1421
1421
1428
1465
1491
1513
1530
1540
1560
1552
1551
1538
1526
1528
1533
1514
1534
1531
1545
1561
1576
1606
1615
1594
1602
1589
1589
1580
1589
1578
1563
1559
1559
1545
1529
1517
1505
1489
1482
1481
1487
1496
1479
1466
1449
1449
1446
1463
1449
1438
1447
1444
1444
1436
1442
1428
1412
1405
1401
1393
1381
1357
1337
1309
1310
1309
1306
1309
1287
1269
1262
1264
1236
1220
1220
1213
1213
1226
1213
1180
1163
1153
1160
1162
1159
1144
1126
1119
1109
1113
1104
1095
1098
1092
1093
1082
1093
1093
1092
1085
1114
1095
1084
1073
1080
1092
1074
1062
1049
1050
1051
1060
1045
1033
1014
1025
1007
990
973
972
988
980
985
984
983
981
954
970
974
963
972
961
959
956
952
964
980
1000
997
998
994
997
1006
1001
1009
1010
1036
1032
1026
1045
1047
1041
1036
1014
999
1004
994
1009
1007
1007
1011
1018
1013
1026
1027
1035
1037
1053
1062
1084
1077
1061
1077
1066
1083
1073
1091
1107
1110
1123
1139
1125
1141
1159
1168
1156
1151
1164
1151
1165
1173
1186
1180
1174
1167
1179
1208
1225
1224
1246
1271
1257
1262
1249
1248
1263
1269
1280
1273
1252
1255
1278
1278
1274
1280
1306
1317
1335
1340
1309
1311
1302
1285
1257
1255
1268
1277
1283
1285
1288
1271
1250
1292
1305
1296
1309
1330
1325
1342
1361
1362
1361
1354
1346
1342
1348
1383
1363
1369
1373
1376
1372
1388
1357
1374
1365
1393
1377
1403
1400
1402
1420
1405
1395
1368
1377
1392
1421
1431
1412
1446
1470
1475
1473
1493
1485
1491
1495
1474
1491
1499
1525
1522
1513
1528
1528
1515
1506
1494
1484
1499
1512
1531
1525
1534
1542
1550
1553
1543
1550
1563
1545
1537
1543
1546
1537
1510
1490
1516
1505
1511
1534
1519
1509
1478
1493
1482
1462
1463
1451
1456
1449
1456
1453
1440
1439
1449
1463
1454
1439
1456
1479
1496
1505
1504
1505
1513
1507
1498
1498
1514
1524
1537
1524
1515
1523
1527
1496
1482
1475
1485
1487
1486
1474
1463
1453
1434
1419
1421
1443
1463
1449
1454
1452
1434
1450
1436
1454
1428
1435
1445
1466
