92
131
160
140
111
105
106
102
100
84
105
112
107
109
128
111
126
132
129
134
110
140
141
154
145
127
136
153
179
203
201
209
216
242
250
250
260
271
261
277
273
289
320
346
362
363
383
393
405
394
413
423
432
456
464
486
511
531
549
569
576
586
614
647
689
695
715
728
789
822
852
901
906
942
973
1001
1004
1049
1066
1096
1147
1167
1199
1250
1282
1325
1367
1407
1452
1486
1526
1555
1576
1617
1680
1704
1719
1744
1788
1841
1903
1959
1997
2055
2096
2135
2153
2197
2254
2295
2355
2412
2461
2481
2535
2574
2638
2686
2735
2804
2851
2909
2979
3035
3106
3176
3240
3299
3332
3373
3414
3457
3521
3579
3613
3665
3733
3789
3829
3883
3921
3964
4033
4073
4104
4157
4239
4299
4354
4396
4446
4498
4537
4595
4655
4710
4768
4837
4876
4910
4955
4985
5026
5077
5136
5164
5221
5271
5317
5350
5397
5441
5498
5528
5571
5634
5711
5742
5789
5817
5870
5909
5952
6003
6042
6087
6125
6173
6237
6277
6304
6345
6377
6413
6445
6498
6549
6616
6651
6721
6773
6806
6859
6910
6955
6979
7038
7070
7123
7179
7218
7256
7307
7344
7394
7415
7463
7477
7507
7568
7590
7657
7704
7743
7800
7830
7889
7911
7949
7986
8047
8085
8135
8151
8179
8218
8260
8284
8320
8345
8399
8425
8452
8490
8505
8535
8567
8605
8638
8650
8669
8692
8729
8780
8808
8833
8856
8890
8929
8931
8947
8968
9013
9044
9085
9096
9150
9199
9223
9262
9275
9287
9306
9341
9344
9371
9388
9386
9418
9466
9501
9534
9560
9515
9528
9555
9581
9611
9630
9626
9671
9685
9689
9697
9703
9729
9732
9750
9788
9788
9827
9812
9833
9865
9889
9903
9925
9948
9993
10011
10016
10028
10026
10017
10009
10032
10027
10043
10071
10073
10085
10060
10057
10057
10096
10088
10117
10150
10175
10195
10194
10179
10205
10231
10226
10246
10259
10259
10243
10251
10254
10260
10268
10287
10291
10294
10304
10320
10349
10344
10358
10351
10367
10373
10359
10383
10415
10423
10435
10430
10439
10428
10423
10441
10450
10480
10457
10449
10454
10467
10451
10474
10480
10491
10510
10513
10534
10529
10527
10563
10586
10602
10632
10629
10638
10636
10633
10654
10676
10691
10720
10722
10713
10743
10752
10788
10790
10805
10813
10824
