591
714
879
1037
1251
1415
1585
1747
1908
2098
2318
2470
2624
2737
2864
2994
3120
3174
3180
3205
3292
3281
3284
3278
3293
3237
3268
3209
3224
3196
3136
3061
2920
2785
2722
2609
2546
2436
2347
2282
2194
2164
2134
2093
2046
1929
1846
1805
1762
1664
1571
1509
1427
1361
1312
1251
1175
1108
1057
999
957
954
883
858
819
757
703
709
691
670
635
606
605
588
580
577
561
556
527
519
501
479
438
422
405
395
386
353
353
349
346
336
313
303
313
305
301
294
294
299
303
295
327
328
327
329
323
318
314
302
323
358
361
385
382
404
431
438
442
459
466
473
487
475
482
494
498
532
538
575
601
633
666
678
690
742
766
763
774
805
830
837
859
887
915
985
993
1043
1074
1129
1207
1270
1311
1361
1423
1446
1566
1639
1732
1831
1956
2029
2158
2294
2443
2509
2684
2759
2871
2991
3176
3324
3491
3593
3737
3882
4055
4183
4369
4542
4636
4868
5031
5220
5438
5732
5915
6164
6432
6789
7092
7401
7648
7958
8308
8598
8787
9078
9392
9699
10027
10406
10819
11218
11356
11711
11991
12298
12568
12909
13353
13740
14176
14335
14735
14918
15360
15922
16402
16771
17245
17517
17886
18332
18754
19222
19575
19911
20186
20516
20788
20964
21208
21390
21437
21629
21884
22031
22147
22115
21980
21947
21934
21974
22032
21908
21955
21902
21809
21619
21467
21253
21129
20857
20720
20677
20579
20392
19909
19648
19353
19031
18613
18344
18034
17636
17167
16761
16320
15901
15620
15306
14870
14514
14096
13657
13251
12980
12829
12548
12308
12080
11720
11438
11158
10860
10628
10351
10116
9920
9750
9517
9160
8857
8684
8377
8221
7963
7796
7516
7266
7099
6932
6740
6459
6321
6145
5909
5771
5595
5433
5250
5172
5040
4900
4787
4649
4459
4234
4139
4064
3986
3907
3764
3593
3488
3339
3287
3202
3003
2840
2759
2606
2551
2461
2325
2238
2133
2082
2068
2000
1969
1911
1897
1781
1725
1626
1587
1530
1466
1401
1339
1312
1250
1186
1111
1030
997
960
888
854
851
794
757
717
714
681
640
613
581
544
554
543
511
481
467
452
432
442
440
428
407
390
387
391
395
389
366
344
345
344
341
326
310
309
303
276
248
229
231
