997972
995902
993756
991706
989641
987563
985419
983286
981133
979034
976946
974857
972688
970514
968358
966297
964201
962069
959983
957862
955818
953757
951614
949506
947434
945449
943431
941306
939268
937208
935185
933027
930996
928947
926936
924888
922847
920839
918910
916880
914876
912856
910883
908904
906974
904941
902968
900998
898998
897040
895081
893124
891192
889263
887213
885236
883376
881404
879470
877555
875688
873852
871994
870167
868357
866508
864629
862805
860928
859120
857296
855493
853629
851773
849908
848054
846260
844460
842659
840876
839031
837254
835469
833684
831928
830126
828337
826493
824687
822852
821068
819312
817548
815825
814090
812323
