108597
157125
174548
179515
179375
177495
175866
174520
173450
172649
173306
172620
171988
172241
172832
173231
173631
174609
174476
174649
174581
175240
174539
174010
174118
173782
173312
173393
174118
174224
174842
174644
174429
174520
174556
174511
175163
175279
174838
174687
173920
174360
174741
175196
175423
175552
176106
176144
176728
176518
177056
177279
176549
175748
175951
176256
176671
177127
177413
178232
178887
179125
179711
179464
178771
178546
178842
179455
179853
180377
179920
179407
179346
178911
178838
178854
178963
179168
179631
179040
179793
179271
179118
179455
180001
180254
180754
181751
182001
181883
181651
181013
181537
181770
180952
180916
