5
37
76
148
227
309
408
527
644
761
894
1037
1162
1275
1401
1542
1666
1795
1931
2062
2199
2322
2452
2584
2712
2841
2985
3110
3235
3363
3488
3636
3768
3891
4034
4189
4319
4465
4576
4707
4828
4977
5100
5188
5322
5449
5556
5674
5803
5948
6064
6178
6278
6409
6527
6612
6702
6808
6938
7061
7187
7299
7438
7562
7678
7794
7913
8022
8136
8255
8374
8488
8593
8696
8787
8887
8969
9051
9131
9231
9326
9424
9541
9643
9765
9877
9988
10098
10194
10269
10355
10439
10531
10627
10722
10797
10879
10963
11029
11124
11215
11292
11404
11486
11567
11651
11719
11798
11902
11986
12063
12128
12194
12248
12317
12388
12459
12528
12577
12626
12675
12729
12810
12849
12887
12966
13025
13087
13136
13186
13225
13303
13350
13384
13435
13480
13507
13537
13555
13580
13634
13677
13718
13743
13764
13806
13834
13859
13885
13908
13960
13966
13984
14005
13998
14012
14032
14047
14060
14082
14097
14104
14115
14134
14136
14152
14172
14160
14168
14172
14181
14186
14209
14214
14231
14219
14233
14244
14254
14246
14259
14259
14277
14279
14293
14294
14296
14314
14304
14302
14318
14285
14276
14281
14280
14287
14293
14287
14292
14277
14283
14267
14257
14243
14251
14232
14215
14220
14199
14201
14193
14189
14183
14185
14186
14162
14169
14171
14168
14177
14172
14183
14195
14186
14157
14162
14170
14158
14168
14173
14179
14180
14172
14170
14138
14138
14126
14134
14124
14126
14131
14117
14098
14091
14091
14052
14053
14043
14035
14028
14029
14033
14010
14007
13995
14004
14021
14017
14009
13980
13972
13954
13965
13967
13949
13949
13953
13950
13935
13932
13936
13940
13919
13926
13924
13911
13906
13889
13882
13896
13872
13886
13883
13886
13891
13899
13904
13897
13885
13893
13894
13896
13909
13902
13891
13894
13893
13889
13875
13859
13863
13864
13852
13858
13850
13841
13857
13829
13821
13798
13798
13792
13798
13807
13815
13811
13790
13794
13787
13782
13797
13794
13795
13783
13781
13768
13768
13767
13759
13742
13746
13728
13726
13725
13726
13705
13704
13713
13716
13697
13681
13691
13701
13695
13686
13691
13668
13673
13672
13661
13647
13632
13638
13621
13610
13593
13574
13563
13569
13562
13561
13573
13585
13578
13571
13565
13575
13556
13551
13532
13522
13526
13531
13524
13513
13517
13510
13510
13510
13516
13524
13508
13505
13493
13466
13453
13445
13442
13445
13437
13437
13420
13414
13417
13408
13393
13390
13374
13364
13358
