38672
73982
106647
135977
162807
187145
208814
227979
244858
259948
273356
284633
294210
302749
309538
315141
319949
323448
325855
327377
327978
327712
327019
325695
323662
320968
318005
314580
310507
306083
301768
297126
292208
286917
281367
276391
270862
265115
259492
253511
247515
241944
236238
230404
224513
218807
213043
207543
202032
196465
190988
185765
180622
175492
170492
165734
160780
156069
151317
146685
142289
138115
133913
129892
125798
121800
118123
114335
110575
107054
103595
100280
97090
93973
90859
88001
85213
82289
79614
76953
74480
72164
69751
67504
65328
63001
60918
58826
56917
55066
53273
51546
49795
48058
46521
45027
43552
42130
40681
39407
38153
36822
35643
34359
33291
32234
31181
30122
29177
28260
27312
26403
25649
24875
24063
23331
22554
21850
21150
20526
19933
19280
18726
18104
17553
17039
16596
16111
15695
15277
14820
14389
14053
13602
13231
12918
12644
12359
12019
11708
11449
11210
10975
10733
10478
10235
9974
9748
9556
9301
9159
8983
8785
8611
8400
8218
8076
7968
7865
7763
7630
7507
7394
7241
7143
7059
6968
6875
6804
6720
6650
6571
6492
6400
6329
6243
6206
6141
6092
6053
5982
5921
5868
5862
5822
5770
5778
5667
5652
5592
5536
5473
5443
5357
5321
5305
5258
5208
5195
5186
5154
5125
5101
5074
5032
4992
4994
4995
4964
4926
4916
4861
4857
4890
4901
4890
4861
4854
4855
4838
4795
4807
4783
4791
4778
4784
4751
4749
4753
4767
4786
4773
4775
4751
4744
4766
4786
4788
4812
4770
4775
4758
4755
4750
4757
4763
4731
4733
4714
4714
4698
4700
4707
4713
4698
4669
4679
4663
4637
4604
4571
4612
4622
4611
4612
4618
4620
4588
4607
4607
4607
4586
4546
4569
4555
4536
4540
4532
4534
4533
4519
4519
4524
4541
4566
4559
4598
4603
4621
4619
4614
4582
4591
4604
4642
4662
4676
4670
4697
4656
4672
4663
4662
4654
4624
4572
4545
4528
4549
4522
4511
4525
4542
4517
4515
4519
4502
4540
4530
4503
4501
4535
4546
4530
4553
4545
4539
4541
4573
4572
4585
4572
4577
4535
4553
4516
4544
4561
4510
4550
4560
4582
4584
4602
4604
4604
4562
4564
4553
4537
4509
4488
4480
4485
4483
4453
4458
4451
4463
4462
4473
4441
4449
4438
4458
4457
4444
4402
4427
4386
4356
4350
4337
4322
4341
4348
4362
4364
4391
4392
4416
4427
4453
4432
4464
4465
4460
4436
4415
4422
4423
4416
4411
4419
4371
4404
4366
4364
4363
4355
