39023
74211
106677
135986
162728
186917
208372
227710
244869
259609
272998
284485
294315
302313
309484
315234
319325
322731
324943
326174
326574
326872
326187
325037
323202
320507
317255
313884
310021
305839
301145
296601
291534
286287
281219
275961
270082
264639
259165
253557
248021
242037
236415
230561
224940
219398
213659
208187
202679
197301
191913
186610
181279
176265
171391
166413
161525
156945
152345
147755
143381
138836
134910
130566
126572
122673
118786
115111
111593
108068
104374
101045
97853
94683
91498
88586
85723
82892
80180
77382
74773
72491
70215
67819
65500
63308
61257
59220
57228
55245
53279
51392
49655
48034
46369
44881
43417
41902
40542
39195
37870
36680
35535
34367
33145
32096
31044
30006
29075
28200
27290
26464
25662
24923
24092
23347
22599
21914
21222
20557
19965
19346
18796
18269
17762
17294
16761
16248
15793
15303
14906
14540
14113
13720
13349
12987
12674
12371
12108
11842
11577
11303
10999
10715
10458
10232
10013
9806
9611
9438
9254
9025
8821
8648
8492
8347
8181
8087
7908
7751
7618
7503
7439
7306
7219
7141
7064
6982
6922
6851
6785
6674
6547
6424
6358
6333
6267
6215
6148
6117
6054
5980
5925
5834
5824
5769
5691
5615
5543
5467
5479
5421
5426
5395
5378
5324
5282
5227
5157
5140
5090
5081
5058
5042
5012
4972
4944
4924
4909
4933
4904
4887
4874
4864
4832
4811
4805
4787
4756
4778
4742
4734
4736
4738
4742
4763
4796
4791
4753
4728
4756
4739
4752
4767
4764
4741
4720
4698
4669
4688
4678
4661
4653
4681
4683
4705
4699
4699
4706
4651
4672
4633
4630
4619
4617
4583
4630
4625
4683
4668
4624
4621
4642
4675
4671
4690
4722
4694
4722
4711
4729
4711
4735
4736
4728
4752
4729
4729
4701
4712
4703
4716
4701
4719
4747
4712
4669
4655
4646
4671
4630
4609
4564
4552
4548
4537
4533
4523
4541
4546
4537
4525
4536
4555
4558
4519
4534
4552
4565
4541
4573
4543
4500
4518
4534
4556
4596
4581
4610
4626
4612
4615
4651
4692
4693
4675
4677
4675
4667
4664
4679
4663
4646
4674
4682
4682
4684
4685
4675
4660
4639
4626
4603
4580
4576
4533
4499
4497
4485
4496
4440
4448
4465
4482
4486
4495
4510
4513
4523
4542
4561
4551
4547
4537
4532
4527
4509
4496
4467
4469
4447
4436
4464
4461
4445
4449
4470
4468
4471
4455
4440
4449
4401
4391
4404
4402
4391
4348
4366
4350
4380
4338
4335
4340
4342
4350
4342
4350
4345
4357
