39119
74992
107743
137440
164324
188346
209837
229585
246720
261780
274912
286061
295720
303700
310764
316118
320293
323452
325857
327222
327771
327625
326629
325173
322971
320492
317193
313579
309846
305880
301376
296821
291780
287020
281740
276200
270656
265175
259738
253775
248052
242420
236909
231059
225253
219495
213952
208427
202985
197620
192105
186669
181416
176419
171487
166666
161715
156907
152189
147559
143026
138538
134212
130037
125921
121954
118069
114265
110676
107059
103837
100565
97287
94181
91229
88268
85516
82667
80065
77236
74614
72082
69741
67404
65193
63065
60976
58943
56934
55076
53177
51536
49795
48280
46651
45157
43666
42257
40907
39530
38308
37040
35819
34589
33446
32297
31156
30163
29175
28224
27279
26419
25622
24762
24016
23230
22501
21758
21117
20556
19896
19297
18690
18088
17504
17004
16515
16070
15585
15135
14719
14255
13888
13516
13170
12863
12584
12199
11880
11613
11295
11027
10748
10529
10319
10030
9800
9585
9412
9231
9017
8853
8646
8500
8372
8214
8055
7921
7733
7629
7508
7355
7235
7161
7054
6950
6856
6731
6610
6538
6453
6390
6359
6270
6181
6108
6064
6011
5948
5916
5873
5797
5777
5750
5726
5695
5673
5607
5544
5519
5469
5433
5407
5358
5347
5346
5331
5340
5317
5224
5166
5158
5126
5102
5095
5138
5087
5068
5070
5012
4984
4982
4996
4950
4963
4959
4959
4937
4931
4924
4920
4932
4906
4886
4911
4933
4924
4943
4902
4870
4887
4847
4841
4865
4832
4797
4801
4782
4728
4736
4754
4762
4759
4738
4737
4746
4693
4679
4697
4754
4753
4750
4702
4681
4675
4675
4646
4642
4633
4617
4623
4614
4514
4493
4454
4467
4414
4425
4458
4471
4478
4530
4505
4487
4477
4494
4464
4474
4523
4519
4518
4537
4539
4509
4487
4504
4515
4525
4521
4551
4561
4516
4493
4488
4503
4486
4475
4485
4453
4442
4414
4432
4465
4470
4472
4493
4512
4510
4544
4513
4501
4512
4534
4553
4505
4535
4552
4525
4535
4570
4554
4563
4563
4556
4559
4552
4542
4552
4518
4543
4526
4518
4516
4522
4479
4462
4457
4450
4440
4416
4386
4414
4410
4460
4469
4418
4406
4398
4387
4409
4411
4417
4435
4404
4406
4369
4412
4438
4402
4368
4405
4429
4398
4400
4394
4386
4389
4418
4411
4400
4418
4411
4378
4388
4372
4413
4417
4456
4444
4439
4429
4455
4440
4434
4393
4402
4399
4415
4388
4412
4418
4408
4402
4402
4384
4332
4303
4292
4259
4254
