54269
29387
20045
15870
12862
11444
10384
9519
8706
8262
7876
7452
7465
7228
7000
6813
6788
6805
6811
6531
6647
6813
6633
6677
6623
6713
6832
6989
7055
7159
7276
7392
7419
7684
7819
7744
7878
8043
8272
8432
8663
9011
9086
9280
9609
9813
9787
10281
10631
10787
11113
11436
11789
11856
12264
12710
13025
13519
13917
14159
14654
15319
15531
15929
16582
16764
17386
17953
18536
19042
19897
20403
20632
21558
22284
22965
23549
24234
25444
25913
26945
27319
28262
29104
30018
30692
31851
32723
34114
34726
35475
36653
37482
38609
40145
40795
42190
43247
44791
45847
47095
48727
49925
50838
52581
53964
55235
56697
58141
59271
61244
62715
64268
65664
67154
69242
70290
71866
73721
75328
77014
78570
79869
81241
83033
84607
85944
87763
89546
91603
93064
94773
96468
97428
99286
100525
101958
103433
105257
106635
108069
109771
110538
111882
113277
114103
116444
117654
118878
119856
121420
122882
123745
124766
126282
128099
129338
130204
130575
132020
133530
134542
135420
136957
137943
138760
139940
140848
142095
143147
143201
144217
144541
145312
145936
146808
147068
147513
148091
148573
148989
149983
150754
150910
150964
151643
151984
152480
152952
153959
154726
155353
155395
155761
155960
156237
156616
156542
156140
156588
157050
157421
157758
157908
157895
158527
158802
158944
159875
159772
159583
159739
160167
160614
160274
160678
161251
161125
161203
161409
161430
161723
161525
161568
162081
162018
161693
162110
162011
162417
162576
162519
162857
162731
162854
162731
163039
163207
162947
163055
162653
162594
162925
163320
163509
163303
163775
163795
163800
164236
164655
164892
164764
164304
164927
165081
164671
164156
163872
163595
163680
163982
163971
163710
163695
163702
163800
164186
163327
163802
164026
163964
164320
164395
164196
164172
164232
163788
163568
163375
163228
162817
163109
163281
163280
163328
163088
162903
162613
162819
162916
162988
163012
163245
162956
162780
163072
162789
163030
162906
163280
163390
163318
163489
164009
164586
164815
164623
164645
164970
164744
164566
164316
164503
164389
164473
164857
165187
165342
164791
165236
164427
165048
165598
166076
165887
166562
167015
167664
167089
167141
166862
166928
167480
167488
167486
167113
166971
166861
166897
166835
166961
167270
167364
167641
166868
166938
167021
167027
167651
168084
167852
167225
167091
167145
166913
166411
166482
166502
166547
166822
166764
166642
166990
166944
167123
167237
166720
166724
166458
166289
166344
166387
166526
166440
166284
166048
166683
166605
166942
166838
167012
166645
166851
166944
167558
167485
167719
168228
168042
167692
167747
166884
166795
166582
166891
167088
166983
167044
167027
