54782
29726
20186
15726
13250
11631
10294
9415
8771
8335
8095
7632
7420
7151
7119
6844
6711
6584
6628
6571
6571
6667
6620
6677
6824
6796
6752
7093
6982
7137
7041
7216
7386
7532
7548
7819
8107
8140
8313
8380
8750
9019
9213
9195
9556
9673
10075
10144
10659
10965
10996
11466
11570
11775
12333
12762
13238
13592
13907
14270
14555
15057
15609
16023
16486
16947
17350
18013
18657
18636
19637
20595
21123
21830
22545
22910
23718
24364
25206
25884
26846
27675
28021
28970
29687
30642
32200
32668
33440
34514
35783
36572
37671
38997
39743
40996
42045
43336
44576
45812
47110
48423
50140
50908
52412
53508
55043
56744
57920
59567
60957
62655
64176
65199
67161
68521
70114
71900
73299
74858
76282
78023
79824
81800
83323
85139
86396
87792
89253
91055
93007
94808
96341
97918
99390
101111
102384
103988
105248
106500
108390
110161
111148
112271
113260
115178
116853
118472
119781
120803
122032
123512
124708
126135
127718
129013
130311
131384
132684
133333
134107
134804
135944
136900
137861
139085
139721
140442
141100
142085
142826
143392
144235
144689
145599
146248
147159
147329
147707
148821
149342
150068
150598
150862
151171
151113
151386
151990
152566
153215
153202
154199
154992
155666
156596
156509
156883
156933
157608
157697
158447
158798
158941
159372
159359
160154
160120
160754
161330
161416
161244
161243
161628
161504
161079
161188
161705
161753
162169
162415
162743
162259
162353
162611
162530
162504
162662
162586
162278
163007
162628
162748
162956
163178
163453
162827
162565
162300
162548
162519
162856
162937
163326
163093
163340
163214
163269
163160
163175
163609
163787
163617
163723
163741
164067
163947
164343
164274
164349
164611
165079
164986
164734
164698
164708
164548
164709
164740
164877
164689
164509
165090
165342
165247
165523
165897
166298
166177
165850
165592
165574
165981
166055
165958
165680
165698
165808
165487
165372
165237
164825
164869
165339
165071
164960
164262
164563
164079
164230
163737
163861
164204
163871
163808
164153
164390
164973
165737
165613
165640
165762
165738
165695
165860
165873
165830
166072
166301
165590
165815
166195
165806
165914
166334
165858
166078
166016
166062
165824
165513
165248
165028
165447
165270
165461
165590
165787
165589
165986
166032
165619
165283
165491
165088
165418
165226
165284
165694
165285
165497
165868
166480
166287
166044
166255
166505
167020
167227
166649
166472
166416
166606
166756
166874
166808
167148
166964
167070
167483
167349
167811
168107
167836
168354
168432
168340
167711
167998
167667
167801
167469
167573
167342
166859
166362
166278
166442
166725
166968
166986
167031
167261
167019
167223
167581
167479
167515
168013
167674
167804
