54228
29295
19908
15488
13142
11511
10260
9484
8783
8404
8004
7639
7455
7077
7110
6849
6810
6651
6576
6684
6627
6654
6444
6547
6655
6733
6829
7085
7020
7039
7172
7376
7440
7624
7558
7751
7933
7971
8306
8565
8653
8755
9035
9284
9434
9886
10061
10427
10539
10818
11023
11401
11630
11948
12408
12712
13103
13411
13718
14067
14531
14941
15550
15995
16373
16729
17447
17943
18434
19163
19469
20098
20801
21633
22412
22686
23532
24212
25101
25685
26500
27378
28093
28675
29846
30953
31746
32444
33620
34518
35919
36518
37387
38626
39893
40936
41977
43123
44425
45549
47202
47770
49295
50987
51501
53513
55038
56258
58030
59442
61296
62891
63575
65508
66891
68555
70297
71861
73287
74998
76503
78299
80017
81625
83042
84879
86351
87672
89761
91089
92787
94547
96295
97936
99136
100615
102182
104197
105227
106365
108095
110111
111775
112748
113821
115723
116934
118420
120303
121589
122678
123989
125861
127161
128275
128969
130453
131211
132667
133437
134665
135669
136327
137236
138012
138907
139844
140557
142084
142881
143479
144180
144969
145561
145836
146747
147680
148947
150164
150444
151330
152192
152403
152644
152459
152761
153099
154047
154585
155016
155346
156135
156412
156575
156697
157401
157505
158089
157986
157882
158043
158037
158451
159205
159166
159051
159393
159670
159813
159836
159788
160263
160133
160245
160655
160942
160887
161147
161309
161503
161484
161910
161979
162279
162179
162524
162446
162510
162805
162967
162548
162664
162506
162322
162749
163167
163543
163360
163654
163521
163729
163836
163493
163669
164217
164199
164163
163873
163878
164350
164515
164847
165419
165441
165378
165434
165650
166103
165960
166519
166667
166184
166371
166356
166935
166325
166332
166031
165808
166345
166321
166228
166466
166497
166586
166215
165799
165485
165065
165462
165202
164525
165043
164944
164706
165153
165212
165626
165237
164790
164869
165174
165197
164883
165002
164744
165086
165411
165268
164957
164733
165152
165364
165200
165218
165289
165244
165356
165372
165811
165575
165731
165547
164704
164588
164769
164878
164685
164714
165274
165506
165464
165256
164761
164625
164537
164722
164693
164986
164838
165429
165649
165818
166152
165887
165463
165266
165193
165417
165439
165922
165764
166010
166029
165796
165680
166105
166400
166199
165981
166182
166860
167127
167399
167473
167257
166777
167010
167030
166851
166750
166844
166990
166575
166496
167028
167591
167301
166987
166852
167075
166833
166986
166844
167157
167591
167386
167631
167352
167241
167233
166677
166841
167051
166827
167339
166985
166751
166943
167006
166313
166233
166496
166811
166922
166802
166644
166503
166239
166491
