65498
189321
286483
365335
429887
482729
526071
562277
591850
615858
635695
652921
667064
678938
687030
695343
701861
707884
711832
714926
717459
720691
721484
723701
724091
725307
726530
727792
727670
727742
727735
727985
727884
728593
729496
729716
729299
728057
727026
725876
725801
725610
724231
725373
724292
723866
722886
721881
720828
720371
719529
718407
718074
716942
715925
715336
713543
712110
711461
710405
709592
709154
708262
705760
704609
703566
701351
700764
699095
696964
695745
694897
692619
691190
689136
687393
685735
683662
681440
679095
676876
674474
672761
670862
668367
665511
663042
659754
657340
654271
651617
648459
645549
642657
639960
636259
633201
630110
626458
623266
620004
616702
613111
609367
605188
601194
596877
592421
588655
584308
580396
575315
571068
566667
562421
557826
553209
548241
544151
539665
535275
530657
525940
521218
517008
512075
506805
502046
497747
492343
487829
483536
478778
473470
469116
464113
459299
454674
450057
445465
441212
436461
431766
428453
423975
420151
416048
410873
406839
402701
398176
394179
389902
385682
381898
378349
373650
369926
366213
362504
358613
354646
350869
346921
343654
340008
336902
334494
331584
328686
326099
323496
321037
318259
315548
313346
311274
309343
306587
304321
303386
301495
300502
298836
298015
296080
294583
293928
292855
291862
290783
289551
287827
286932
286163
285323
284498
283244
282470
281340
279979
279157
278255
277572
277407
276873
276804
276589
276304
275941
275245
275001
274654
274514
274208
274303
273941
273551
273436
273002
272952
272355
272222
271834
271478
270864
270630
270026
269178
268593
268154
268454
267946
268095
268277
267553
266983
265704
265074
264921
264011
263411
263164
263006
262459
261984
261473
261209
260831
260945
260890
261092
260876
260710
260438
259810
259363
259568
259361
258982
258579
258698
258696
258858
258300
257812
257523
257745
257903
257761
258407
258608
258496
258244
257772
257304
256765
256823
256595
256564
255828
255344
255047
254878
255132
254908
255187
255664
255682
256152
256522
256532
256647
256638
256176
255796
255558
255044
255411
255219
255250
255672
255207
254812
255607
255517
254792
254117
254355
254714
254915
254630
254499
254579
254602
253846
253949
253910
253583
253689
253371
253229
253016
252761
252748
252700
252175
252324
252114
251932
252141
252622
252839
253005
253994
254089
254343
253700
252921
253293
253009
252459
252235
251639
251477
251062
250823
250828
250899
251210
251343
251203
251722
251658
252510
252325
252078
252586
252845
252923
252805
252465
251514
250453
249808
248624
247820
247175
247101
246900
246825
246420
246434
246634
246297
246672
246518
246151
246150
246435
246288
246186
246105
246254
246681
246600
247357
247604
248479
249545
250304
250776
250980
251011
251153
251037
251247
251447
251631
252391
