0
0
0
0
0
0
1
1
1
2
3
2
3
4
5
8
8
9
11
11
12
11
13
16
16
17
21
22
22
24
27
29
34
37
40
40
40
40
43
42
41
40
41
42
43
44
44
46
46
53
56
61
62
64
70
68
67
66
69
68
66
68
72
75
72
70
71
69
70
69
69
71
71
75
72
74
76
72
71
68
67
64
64
61
62
63
64
64
63
62
62
61
61
62
63
62
61
57
59
61
61
59
59
58
56
58
55
56
55
55
54
51
51
51
52
53
54
54
54
54
55
54
53
54
52
52
52
50
49
48
49
48
49
50
49
49
51
51
51
52
52
49
48
48
48
48
47
47
45
44
42
41
41
41
40
40
38
37
36
36
35
35
34
34
34
36
35
35
34
34
35
36
36
36
34
32
32
32
32
32
32
32
32
32
31
31
31
30
28
28
26
26
27
27
28
28
27
27
27
27
27
28
26
25
25
23
23
21
21
21
18
16
14
14
14
14
14
14
13
11
12
11
11
11
10
11
11
11
10
10
10
11
10
10
10
10
10
10
11
10
11
11
10
9
9
10
10
11
11
10
10
10
10
11
11
11
11
11
11
11
11
11
11
10
10
10
10
10
11
12
12
12
11
11
11
11
11
10
10
10
10
10
10
10
11
11
12
11
10
10
11
11
11
12
12
12
12
11
11
10
10
10
10
10
10
10
10
10
10
10
8
9
9
10
10
10
11
12
12
12
13
13
12
12
12
12
12
13
13
13
13
12
11
12
13
13
12
11
12
11
11
11
10
10
10
11
12
12
12
12
12
12
13
13
13
14
15
15
15
14
14
14
14
13
12
14
14
14
14
16
16
16
16
14
13
12
12
10
10
10
10
11
12
14
15
15
15
15
14
14
14
14
14
12
12
12
12
12
12
12
