0
0
0
0
0
0
0
0
0
1
1
1
3
3
5
5
5
8
8
8
10
11
12
12
14
14
15
17
19
23
27
31
33
37
40
41
46
50
51
52
53
55
57
60
60
60
60
60
60
64
67
68
67
66
69
66
66
63
63
62
64
67
69
71
70
71
75
75
74
73
73
72
75
73
72
73
72
71
69
70
68
67
66
66
67
67
67
68
68
70
71
72
74
73
72
72
74
71
70
70
70
70
71
68
67
65
63
62
60
59
59
56
54
53
53
50
51
49
49
49
49
47
46
46
46
44
42
42
41
38
38
39
38
39
39
37
35
35
34
34
35
36
35
35
36
36
36
34
33
32
32
32
32
32
32
34
33
32
32
30
29
28
27
27
27
25
23
24
22
21
22
22
20
20
20
19
19
18
19
18
18
19
19
20
20
18
16
15
15
14
15
15
15
16
15
15
15
14
13
14
14
14
15
16
14
15
15
15
14
14
13
13
10
9
10
10
10
10
10
10
10
10
10
10
10
10
10
10
10
9
7
4
4
4
3
3
3
3
3
3
3
4
4
5
5
5
5
5
5
6
6
6
6
7
7
8
9
10
11
11
12
12
13
13
13
13
13
14
14
14
15
15
15
15
16
16
16
16
15
14
14
13
12
11
11
11
11
11
11
11
12
14
14
14
14
13
15
16
17
17
17
17
17
17
16
15
15
16
16
18
18
18
19
20
21
21
22
22
22
23
23
22
22
21
21
21
21
21
19
19
19
19
19
19
19
19
20
21
22
21
21
20
20
20
20
20
20
21
21
20
20
20
19
20
19
19
17
17
18
18
18
17
18
19
19
20
20
20
21
21
21
21
21
21
21
21
20
19
20
19
18
17
17
17
17
18
18
17
18
18
17
18
19
19
20
21
20
20
21
22
