4
32
69
123
167
226
270
319
365
405
438
473
512
554
600
630
667
700
737
763
792
828
863
880
906
921
952
977
991
1024
1050
1059
1087
1101
1120
1140
1164
1189
1218
1228
1244
1262
1277
1276
1303
1319
1354
1365
1364
1369
1387
1402
1415
1426
1436
1446
1450
1472
1473
1470
1477
1470
1482
1491
1489
1483
1482
1495
1499
1493
1503
1510
1518
1514
1523
1531
1542
1537
1551
1558
1565
1572
1582
1579
1572
1563
1565
1569
1563
1551
1572
1572
1567
1555
1552
1560
1541
1540
1546
1561
1539
1529
1525
1535
1536
1526
1529
1518
1511
1519
1517
1508
1497
1506
1507
1492
1491
1494
1496
1510
1500
1509
1526
1532
1535
1540
1530
1521
1526
1522
1517
1528
1527
1533
1530
1532
1524
1519
1511
1515
1499
1494
1491
1483
1482
1472
1464
1453
1446
1449
1429
1432
1429
1426
1424
1407
1400
1404
1404
1408
1417
1423
1415
1412
1398
1396
1379
1384
1374
1370
1375
1386
1372
1373
1361
1345
1340
1341
1342
1349
1349
1353
1348
1361
1347
1340
1351
1360
1375
1370
1379
1376
1375
1369
1376
1391
1396
1400
1401
1412
1424
1428
1423
1428
1430
1415
1422
1407
1414
1420
1425
1420
1427
1426
1424
1435
1444
1457
1449
1462
1461
1460
1454
1443
1436
1435
1447
1449
1449
1447
1448
1456
1455
1465
1467
1474
1478
1478
1469
1485
1491
1501
1506
1499
1493
1503
1512
1527
1530
1535
1527
1544
1555
1562
1572
1579
1585
1587
1599
1617
1628
1623
1640
1617
1601
1604
1622
1632
1645
1653
1663
1667
1646
1648
1640
1646
1646
1641
1636
1601
1617
1608
1605
1612
1606
1614
1614
1619
1607
1606
1612
1615
1625
1617
1602
1610
1605
1614
1626
1630
1622
1625
1631
1647
1653
1666
1658
1667
1676
1683
1679
1684
1685
1687
1672
1678
1666
1674
1674
1686
1694
1708
1714
1711
1717
1724
1722
1725
1736
1730
1716
1709
1723
1724
1725
1744
1741
1759
1751
1746
1734
1744
1748
1749
1754
1758
1756
1773
1786
1768
1751
1749
1755
1763
1747
1757
1758
1749
1748
1742
1742
1729
1730
1735
1731
1710
1703
1716
1744
1770
1763
1766
1772
1759
1755
1771
1767
1758
1754
1728
1725
1719
1729
1734
1733
1743
1749
1755
1759
1764
1753
1743
1742
1747
1752
1763
1781
1769
1760
1763
