2
16
59
116
172
237
290
329
362
399
443
480
521
544
567
626
672
700
740
769
789
817
841
880
904
937
958
981
1021
1059
1090
1114
1128
1166
1176
1205
1215
1226
1246
1262
1281
1290
1306
1317
1314
1332
1372
1384
1391
1405
1414
1424
1441
1460
1438
1445
1452
1451
1455
1464
1458
1474
1482
1477
1491
1496
1501
1507
1522
1525
1519
1523
1519
1514
1520
1535
1550
1545
1536
1554
1556
1550
1547
1543
1538
1548
1562
1556
1550
1565
1527
1526
1522
1524
1540
1540
1525
1524
1522
1529
1534
1536
1549
1544
1553
1552
1552
1561
1550
1550
1549
1537
1533
1523
1520
1518
1531
1527
1516
1518
1526
1518
1521
1509
1515
1513
1508
1495
1496
1488
1481
1478
1490
1480
1482
1480
1470
1473
1445
1433
1441
1437
1440
1445
1446
1442
1441
1430
1437
1419
1404
1395
1379
1359
1355
1376
1369
1369
1359
1351
1358
1367
1372
1378
1371
1365
1365
1368
1380
1386
1398
1391
1372
1373
1386
1392
1371
1369
1356
1364
1372
1378
1381
1385
1389
1400
1379
1390
1378
1367
1370
1368
1367
1366
1377
1366
1371
1385
1388
1383
1379
1364
1355
1358
1348
1363
1359
1379
1391
1400
1395
1417
1426
1427
1435
1448
1444
1464
1476
1474
1484
1489
1486
1487
1486
1496
1497
1487
1514
1526
1519
1515
1515
1512
1509
1514
1507
1515
1511
1512
1507
1517
1514
1499
1480
1471
1471
1471
1464
1466
1473
1480
1490
1489
1500
1503
1520
1515
1492
1500
1508
1503
1510
1501
1482
1490
1476
1480
1475
1485
1489
1512
1509
1492
1499
1500
1521
1523
1519
1522
1524
1532
1543
1545
1561
1552
1547
1534
1533
1546
1543
1559
1549
1564
1585
1615
1618
1626
1633
1627
1609
1601
1606
1593
1597
1611
1623
1627
1621
1628
1614
1612
1608
1609
1618
1613
1613
1634
1634
1639
1628
1626
1615
1616
1623
1604
1596
1603
1612
1618
1601
1601
1589
1582
1576
1587
1598
1603
1580
1574
1583
1597
1617
1622
1623
1618
1631
1639
1655
1651
1660
1650
1659
1665
1679
1685
1680
1686
1696
1696
1701
1708
1713
1723
1726
1737
1735
1733
1723
1729
1734
1738
1751
1740
1749
1752
1752
1759
1759
1750
1734
1732
1727
1728
1737
1740
1758
1766
1766
1761
1779
1781
1763
1772
1764
1763
1755
1751
1754
1757
