566
625
701
780
869
930
1028
1120
1214
1317
1417
1526
1640
1769
1928
2059
2207
2401
2595
2777
2980
3177
3353
3550
3809
4058
4252
4501
4737
4968
5166
5399
5645
5873
6147
6354
6671
6961
7275
7585
7789
8059
8383
8678
8913
9196
9444
9715
10064
10290
10517
10854
11153
11364
11600
11780
12113
12285
12491
12652
12893
13144
13391
13599
13861
14047
14214
14358
14449
14627
14865
15016
15237
15333
15428
15529
15609
15690
15875
15949
16054
16096
16197
16319
16405
16389
16442
16432
16504
16669
16598
16477
16548
16507
16422
16355
16286
16218
16082
16008
15934
15815
15774
15634
15487
15349
15233
15139
15022
14830
14749
14665
14599
14473
14329
14316
14181
14050
13939
13878
13806
13649
13446
13370
13112
12992
12885
12722
12535
12484
12396
12303
12171
12035
12009
11880
11690
11633
11549
11407
11309
11132
11014
10912
10777
10624
10499
10374
10208
10125
9990
9947
9831
9646
9509
9402
9267
9115
8973
8788
8687
8599
8520
8425
8280
8196
8132
8047
7970
7930
7847
7738
7678
7563
7438
7348
7238
7182
7138
7055
6980
6879
6799
6686
6583
6518
6497
6413
6300
6174
6084
6018
5911
5854
5756
5652
5640
5597
5496
5443
5355
5287
5227
5197
5178
5054
4959
4885
4838
4782
4789
4704
4674
4663
4664
4609
4496
4413
4386
4322
4227
4148
4117
4067
3988
3934
3931
3884
3832
3858
3825
3779
3713
3574
3514
3467
3399
3395
3344
3290
3231
3232
3144
3118
3066
3029
3012
2978
2907
2834
2763
2720
2646
2566
2504
2497
2442
2383
2363
2307
2288
2251
2227
2191
2131
2093
2061
2026
2042
2008
1996
1956
1933
1892
1839
1802
1727
1679
1675
1653
1627
1630
1588
1583
1543
1535
1486
1449
1414
1382
1352
1343
1327
1336
1295
1281
1245
1222
1199
1159
1151
1152
1157
1122
1106
1084
1067
1026
1009
995
1007
997
979
969
951
930
930
948
944
932
918
920
894
879
847
807
791
785
780
761
747
741
718
706
702
706
677
666
649
648
629
627
609
589
567
577
574
552
546
543
535
532
538
525
504
498
497
496
485
471
470
466
458
465
450
430
404
383
379
373
357
329
313
310
312
320
316
320
304
297
292
292
279
277
266
265
261
248
242
241
242
236
236
228
223
222
220
219
207
203
