551
614
673
747
828
886
976
1072
1194
1321
1437
1546
1643
1762
1872
2020
2167
2331
2498
2701
2853
3054
3263
3416
3626
3824
4069
4265
4450
4663
4858
5069
5327
5597
5797
6102
6352
6585
6880
7170
7489
7749
8079
8385
8682
8940
9296
9556
9714
9995
10381
10693
10910
11116
11364
11604
11855
12056
12325
12629
12872
13182
13490
13702
13906
14164
14358
14535
14788
14951
15209
15383
15667
15788
15877
15961
16030
16168
16329
16399
16573
16631
16694
16677
16742
16777
16678
16756
16842
16774
16770
16830
16861
16730
16825
16840
16897
16894
16897
16742
16605
16512
16512
16392
16236
16155
16158
16062
16009
15889
15775
15681
15611
15535
15357
15290
15220
15209
15120
14956
14851
14840
14774
14627
14499
14347
14252
14018
13826
13678
13465
13367
13214
13152
13017
12841
12700
12559
12409
12351
12276
12128
11940
11842
11758
11644
11458
11270
11208
11041
10926
10736
10601
10461
10360
10188
10034
9955
9835
9716
9598
9429
9331
9197
9053
8943
8794
8723
8667
8539
8441
8262
8152
8092
7954
7894
7858
7686
7605
7476
7417
7343
7186
7120
7030
6952
6878
6758
6620
6552
6479
6389
6302
6271
6202
6153
6030
5905
5864
5773
5702
5605
5468
5402
5258
5175
5064
5007
4922
4876
4775
4686
4688
4636
4557
4549
4483
4432
4336
4298
4217
4150
4080
4043
4005
3967
3915
3921
3838
3781
3760
3638
3551
3522
3495
3427
3366
3327
3278
3223
3192
3176
3139
3086
3022
3009
2897
2885
2831
2822
2806
2738
2702
2615
2583
2523
2505
2504
2459
2440
2419
2363
2312
2260
2246
2203
2191
2142
2098
2069
2070
2040
2039
1990
1962
1908
1875
1869
1864
1861
1843
1811
1780
1770
1743
1685
1638
1616
1577
1569
1534
1505
1467
1460
1435
1397
1402
1385
1346
1330
1318
1279
1249
1207
1158
1140
1108
1073
1037
1033
1038
990
959
914
873
877
856
830
802
803
798
776
774
759
735
732
704
704
710
692
686
677
670
640
637
636
631
649
641
622
620
602
606
582
574
544
531
510
514
501
497
486
466
456
452
430
409
408
399
400
387
394
366
344
334
317
300
288
276
273
267
259
250
249
257
260
257
264
255
250
241
237
234
230
219
212
203
197
210
214
207
206
211
198
205
209
215
204
201
208
