1000000
958574
918556
880169
843091
807749
773667
741096
709757
679598
650939
623234
596897
571808
547627
524679
502680
481344
461227
441688
422850
405078
388217
372128
356675
341765
327496
313898
300851
288497
276769
265307
254469
243981
234128
224745
215831
207441
199270
191677
184401
177353
170891
164681
158888
153283
148072
143428
139069
134709
130879
127463
124272
121363
118650
116169
113833
111829
110051
108229
106716
105413
104174
103193
102258
101495
100663
99799
98952
98069
97263
96616
96053
95433
94756
93874
92968
92130
91318
90546
89832
89307
88804
88194
87588
87070
86575
86110
85672
85441
85171
84813
84455
83918
83438
83060
82699
82483
82244
82007
81865
81631
81543
81574
81644
81772
81927
82086
82241
82395
82551
82774
82993
83245
83490
83706
83934
84165
84370
84604
84857
85061
85279
85537
85759
85990
86218
86450
86682
86899
87131
87363
87593
87808
88052
88285
88516
88735
88961
89193
89425
89682
89899
90140
90356
90595
90801
91038
91284
91501
91736
91988
92199
92454
92685
92932
93167
93415
93658
93892
94114
94343
94560
94781
95006
95211
95448
95656
95870
96093
96326
96543
96772
97010
97215
97414
97639
97860
98096
98343
98549
98770
99019
99242
99454
99682
99909
100125
100341
100569
100770
101008
101227
101466
101710
101952
102187
102419
102655
102881
103107
103337
103584
103830
104057
104276
104517
104742
104963
105177
105388
105598
105843
106071
106308
106537
106783
107001
107206
107431
107668
107888
108104
108315
108537
108761
108984
109201
109431
109673
109894
110120
110336
110564
110783
110990
111198
111391
111613
111833
112070
112296
112503
112743
112982
113216
113449
113677
113891
114095
114331
114536
114754
114987
115219
115451
115656
115865
116069
116274
116515
116756
117005
117227
117448
117682
117911
118148
118370
118590
118793
119013
119232
119455
119701
119909
120129
120361
120562
120776
120996
121219
121446
121672
121871
122107
122314
122516
122754
122982
123206
123409
123601
123843
124028
124245
124458
124673
124910
125134
125374
125581
125770
125994
126214
126442
126674
126886
127121
127346
127566
127776
127986
128204
128411
128639
128868
129076
129284
129498
129700
129936
130141
130367
130568
130774
130994
131205
131424
131630
131837
132046
132274
132499
132705
132906
133118
133350
133570
133791
134015
134215
134465
134694
134918
135139
135344
135549
135759
135969
136206
136434
136653
136852
137075
137300
137525
137745
137971
138173
138385
138573
138779
138982
139201
139406
139621
139859
140080
140305
140516
140746
140969
141186
141381
141583
141774
141980
142179
142370
142600
142814
143013
143214
143422
143637
143854
144062
144272
144496
144706
144928
145153
145386
145596
145808
146035
146253
146467
146678
146871
147088
147297
147517
147719
147903
148103
148340
148574
148783
149016
149222
149429
149641
149851
150050
150262
150480
150681
150879
151127
151341
151545
151768
152001
152209
152416
152634
152824
153027
153274
153490
153700
153923
154112
154334
154563
154767
154986
155198
155417
155628
155872
156093
156290
156496
156731
156943
157143
157344
157552
157776
157970
158179
158404
158602
158813
159031
159228
159437
159644
159865
160068
160280
160468
160665
160874
161083
161312
161510
161715
161951
162167
162407
162617
162802
162978
163157
163367
163589
163794
163993
164224
164441
164667
164873
165075
165276
165483
165702
165906
166112
166331
166527
166726
166946
167164
167367
167588
167815
168019
168229
168422
168618
168829
169031
169239
169446
169675
169865
170049
170283
170485
170711
170926
171124
171344
171531
171729
171933
172148
172363
172566
172761
172959
173168
173388
173601
173801
173982
174208
174422
174641
174839
175031
175220
175435
175630
175827
176058
176274
176493
176712
176941
177156
177368
177564
177770
177952
178168
178407
178617
178824
178990
179201
179400
179612
179808
180011
180224
180420
180625
180822
181003
181210
181397
181577
181782
181987
182211
182414
182626
182813
183019
183232
183413
183646
183836
184032
184190
184384
184582
184775
184996
185226
185425
185664
185885
186072
186281
186488
186686
186881
187069
187296
187491
187680
187882
188097
188316
188524
