1000000
958398
918746
880387
843396
807754
773956
741335
709979
680023
650940
623766
597551
572144
547690
524565
502613
481644
461228
441447
422701
404883
387746
371444
355847
340985
326683
313071
300103
287755
275916
264535
253714
243291
233338
223998
214993
206356
198229
190615
183303
176204
169362
163070
157127
151274
146003
141057
136333
131913
127764
123831
120181
116712
113504
110540
107751
105151
102649
100460
98267
96244
94579
92972
91570
90228
88967
88003
87045
86142
85281
84523
83959
83380
82861
82450
82102
81861
81716
81701
81622
81559
81513
81405
81313
81223
81153
81064
80931
80760
80439
80064
79589
79104
78801
78350
77920
77547
77203
76803
76330
75917
75500
74921
74313
73763
73216
72563
71907
71166
70440
69671
68818
67924
66976
65960
65013
64073
63193
62335
61487
60671
59817
59012
58225
57431
56604
55794
54923
54102
53367
52690
51987
51295
50634
49977
49325
48631
47969
47257
46644
46043
45447
44879
44318
43755
43144
42503
41973
41394
40808
40282
39789
39274
38714
38190
37694
37154
36728
36356
35974
35625
35283
34984
34696
34399
34112
33808
33468
33164
32848
32556
32232
31865
31510
31112
30757
30306
29881
29541
29207
28906
28582
28292
28055
27833
27580
27366
27164
26954
26765
26634
26589
26476
26404
26389
26326
26229
26114
26036
25930
25781
25628
25417
25228
25085
24923
24730
24539
24396
24232
24114
23992
23857
23644
23427
23235
23054
22832
22637
22507
22312
22053
21856
21701
21529
21441
21358
21220
21121
21082
20995
20904
20809
20763
20692
20621
20537
20513
20442
20335
20188
20069
19951
19852
19814
19747
19706
19603
19460
19347
19234
19129
18986
18889
18762
18593
18440
18253
18042
17902
17770
17629
17509
17423
17280
17161
17040
16943
16852
16782
16740
16684
16675
16564
16485
16390
16343
16308
16259
16246
16236
16164
16141
16133
16106
16073
16053
15994
15919
15842
15721
15635
15559
15453
15349
15258
15161
15097
15040
14910
14798
14666
14545
14382
14217
14035
13872
13748
13574
13475
13295
13164
13018
12910
12809
12689
12542
12434
12320
12176
12088
12004
11903
11815
11740
11639
11579
11484
11429
11358
11265
11206
11187
11163
11101
11051
10991
10899
10884
10847
10784
10735
10722
10725
10725
10691
10659
10608
10547
10434
10393
10312
10263
10207
10203
10159
10137
10104
10039
10040
10003
9991
9988
9972
9992
10028
10031
9974
9945
9912
9872
9841
9810
9804
9784
9761
9740
9720
9704
9696
9684
9691
9711
9684
9660
9665
9642
9607
9598
9573
9571
9548
9496
9507
9474
9448
9446
9399
9374
9367
9348
9350
9304
9282
9303
9361
9389
9402
9407
9435
9455
9429
9421
9465
9444
9431
9411
9419
9439
9418
9414
9412
9378
9343
9332
9347
9300
9276
9259
9260
9214
9163
9165
9156
9168
9151
9129
9120
9092
9086
9077
9068
9064
9066
9075
9101
9160
9160
9198
9240
9297
9354
9358
9388
9433
9457
9497
9519
9547
9555
9595
9659
9666
9682
9712
9716
9732
9738
9774
9795
9832
9884
9914
9899
9921
9967
10034
10118
10172
10217
10250
10283
10390
10432
10471
10501
10493
10498
10550
10603
10604
10622
10623
10666
10691
10744
10798
10825
10886
10927
10980
11027
11077
11117
11156
11194
11222
11280
11322
11382
11411
11405
11428
11444
11457
11487
11480
11404
11373
11324
11313
11326
11354
11379
11388
11374
11355
11355
11333
11318
11282
11275
11255
11239
11204
11221
11255
11213
11224
11228
11213
11255
11287
11338
11378
11381
11398
11457
11497
11556
11634
11691
11787
11890
12019
12113
12269
12395
12516
12632
12740
12883
13010
13138
13246
13399
13520
13686
13770
13873
13943
14007
14026
14078
14121
14152
14221
14272
14345
14440
14600
14730
14869
14965
15100
15215
15330
15450
15612
15764
15922
16064
16235
16397
16523
16644
16731
16797
16903
16962
