1000000
958484
918754
880554
843982
808328
774396
741689
710093
679926
651197
623671
597198
571691
547420
524314
502307
481049
460723
441230
422798
404884
387858
371559
355962
341198
326906
313334
300460
288112
276317
264825
254077
243740
233942
224359
215441
206798
198800
191010
183562
176482
169846
163472
157380
151679
146273
140982
136021
131260
126770
122554
118651
115187
111605
108388
105275
102342
99743
97387
95086
92850
90714
88542
86422
84494
82533
80518
78727
77002
75361
73798
72282
70848
69451
68070
66932
65949
64868
63729
62599
61525
60355
59353
58447
57515
56565
55692
54788
53773
52882
52054
51171
50259
49394
48423
47595
46766
45903
45044
44193
43311
42428
41530
40683
39865
39121
38395
37629
36823
36187
35470
34842
34230
33613
32947
32358
31752
31189
30654
30143
29653
29151
28584
28061
27528
27048
26570
26103
25622
25147
24693
24265
23786
23377
22867
22424
21971
21453
20979
20548
20090
19619
19156
18769
18329
17966
17619
17232
16880
16551
16199
15838
15556
15261
14917
14608
14359
14046
13754
13476
13199
12994
12750
12511
12265
12044
11839
11628
11429
11228
11026
10853
10681
10480
10274
10120
9950
9808
9699
9542
9424
9251
9115
9029
8948
8814
8670
8575
8487
8413
8338
8279
8203
8101
8001
7919
7845
7795
7689
7642
7605
7541
7400
7345
7275
7247
7175
7129
7092
7032
6993
6982
6975
6909
6889
6854
6844
6805
6758
6708
6670
6657
6616
6633
6622
6568
6549
6546
6510
6482
6433
6434
6374
6387
6307
6300
6252
6213
6170
6156
6111
6106
6128
6109
6120
6048
6034
6023
6003
6015
5969
5945
5941
5931
5939
5960
5963
5951
5930
5908
5915
5874
5858
5840
5811
5786
5799
5817
5761
5761
5796
5773
5772
5779
5812
5778
5792
5784
5772
5780
5772
5754
5722
5785
5774
5763
5717
5682
5711
5728
5715
5721
5671
5693
5690
5678
5671
5642
5628
5627
5594
5610
5572
5574
5589
5587
5605
5613
5626
5654
5682
5637
5669
5739
5748
5767
5728
5715
5716
5680
5694
5724
5705
5714
5650
5662
5689
5699
5659
5631
5635
5632
5630
5623
5577
5539
5542
5530
5497
5484
5494
5507
5527
5517
5525
5533
5512
5506
5520
5563
5584
5594
5629
5632
5611
5644
5631
5612
5622
5594
5601
5611
5630
5637
5657
5689
5702
5688
5691
5674
5677
5656
5646
5661
5685
5668
5676
5682
5700
5730
5739
5702
5720
5716
5685
5717
5682
5659
5677
5677
5663
5636
5614
5617
5576
5571
5563
5560
5579
5596
5596
5584
5619
5670
5669
5676
5675
5693
5723
5728
5696
5690
5660
5679
5647
5628
5646
5621
5632
5637
5673
5681
5667
5701
5701
5705
5684
5702
5706
5689
5695
5698
5688
5720
5736
5721
5746
5745
5767
5777
5745
5727
5735
5756
5728
5711
5708
5741
5755
5725
5717
5705
5664
5690
5713
5710
5744
5762
5759
5713
5693
5699
5706
5759
5722
5684
5666
5678
5692
5670
5683
5708
5706
5718
5712
5719
5764
5737
5694
5672
5669
5682
5704
5725
5771
5774
5776
5759
5767
5734
5748
5737
5723
5733
5725
5799
5807
5814
5794
5759
5746
5727
5743
5742
5766
5758
5696
5685
5657
5663
5672
5654
5647
5684
5661
5666
5683
5660
5667
5666
5665
5679
5680
5662
5604
5615
5598
5623
5636
5623
5638
5608
5639
5607
5656
5674
5677
5684
5693
5708
5733
5763
5740
5741
5782
5725
5706
5701
5757
5768
5794
5791
5793
5837
5842
5839
5858
5848
5859
5864
5836
5804
5793
5791
5768
5769
5790
5784
5787
5793
5803
5800
5806
5833
5857
5878
5890
5881
5832
5855
5877
5860
5788
5810
5835
5837
5844
5866
5869
5919
5917
5937
5935
5884
5884
5878
5911
5894
5896
5880
