1000000
958721
918781
880458
843729
808150
774145
741093
709859
679731
650811
623205
596709
571330
547244
524094
501943
480738
460606
441139
422483
404757
387860
371703
356212
341458
327161
313469
300720
288311
276437
265155
254209
243921
233932
224445
215389
206751
198477
190726
183121
175970
169098
162578
156377
150708
145291
140072
135202
130563
126224
122188
118247
114640
111276
107934
104725
101912
99116
96542
93960
91509
89000
86793
84567
82467
80572
78644
76939
75201
73592
72065
70762
69511
68382
67277
66253
65370
64396
63549
62616
61552
60562
59657
58823
58041
57338
56527
55828
55204
54646
54008
53434
52933
52397
51769
51196
50759
50214
49671
49134
48469
47909
47281
46587
45850
45136
44462
43769
43152
42545
41881
41158
40457
39820
39177
38633
38009
37452
36834
36190
35550
35069
34553
34053
33599
33098
32530
31973
31446
30852
30358
29804
29245
28762
28290
27921
27557
27185
26808
26410
26020
25674
25287
24873
24461
24129
23760
23381
22992
22656
22374
22123
21864
21605
21392
21103
20796
20482
20163
19829
19487
19178
18905
18611
18334
18067
17784
17529
17235
17061
16795
16556
16290
16055
15794
15584
15330
15092
14917
14629
14415
14193
13947
13754
13535
13312
13092
12878
12693
12472
12269
12043
11822
11668
11487
11322
11086
10965
10834
10725
10584
10422
10306
10156
10028
9884
9799
9656
9521
9365
9240
9153
9033
8907
8788
8673
8563
8488
8391
8324
8182
8123
8072
7994
7921
7854
7736
7664
7588
7535
7462
7421
7387
7358
7277
7223
7177
7160
7094
7030
6976
6957
6961
6907
6898
6853
6854
6847
6815
6762
6729
6700
6672
6626
6597
6561
6505
6463
6461
6431
6423
6386
6365
6329
6329
6283
6259
6227
6201
6190
6194
6174
6182
6161
6118
6092
6080
6085
6064
6070
6111
6080
6111
6098
6092
6064
6010
6024
5990
5998
5954
5940
5932
5894
5880
5872
5873
5891
5895
5889
5883
5867
5863
5838
5829
5831
5815
5814
5807
5788
5788
5766
5776
5768
5804
5794
5789
5831
5828
5819
5809
5789
5782
5770
5718
5687
5660
5653
5617
5645
5632
5642
5622
5638
5657
5633
5638
5621
5624
5594
5570
5611
5644
5606
5610
5597
5618
5606
5637
5661
5657
5667
5648
5644
5625
5640
5597
5581
5596
5589
5604
5578
5616
5637
5606
5616
5608
5629
5628
5633
5583
5577
5578
5605
5625
5631
5619
5616
5657
5691
5729
5707
5660
5638
5662
5650
5653
5638
5626
5605
5601
5575
5570
5576
5603
5592
5611
5613
5603
5567
5562
5604
5609
5594
5610
5680
5687
5691
5667
5664
5647
5663
5657
5664
5665
5652
5617
5591
5592
5605
5602
5637
5654
5663
5674
5663
5661
5667
5693
5685
5708
5719
5723
5760
5821
5831
5855
5848
5824
5825
5829
5866
5801
5803
5796
5775
5786
5769
5730
5736
5744
5734
5696
5698
5681
5697
5702
5697
5679
5706
5731
5725
5673
5629
5640
5636
5638
5652
5640
5683
5697
5686
5672
5695
5689
5695
5708
5668
5686
5667
5655
5664
5641
5632
5629
5587
5604
5602
5658
5698
5729
5734
5724
5756
5718
5700
5685
5728
5684
5670
5691
5650
5671
5667
5637
5627
5622
5599
5612
5668
5671
5708
5718
5684
5692
5687
5683
5663
5658
5667
5642
5640
5663
5665
5652
5653
5650
5624
5638
5610
5635
5622
5613
5611
5617
5605
5598
5637
5635
5645
5648
5653
5688
5697
5698
5687
5692
5706
5695
5692
5681
5683
5723
5702
5752
5814
5809
5825
5819
5801
5815
5815
5791
5771
5765
5780
5760
5807
5802
5830
5831
5831
5825
5852
5870
5863
5893
5888
5883
5901
5923
5960
5981
5982
5971
5990
6022
6066
6094
6109
6122
6138
6141
6164
6170
6143
6163
6172
6203
6232
