1000000
958852
918907
880424
843513
808019
773959
741250
709875
679741
650911
623100
596662
571441
547131
524204
502081
480783
460520
440983
422362
404541
387619
371496
355928
341191
327024
313234
300275
287927
276099
264613
253943
243746
234052
224641
215557
207042
198851
190952
183554
176493
169703
163362
157276
151738
146463
141416
136638
132327
128166
124141
120219
116606
113143
109882
106898
104183
101582
99022
96711
94505
92458
90589
88772
86944
85270
83648
82008
80452
78844
77461
76192
75076
74086
73186
72258
71165
70123
68940
67852
66847
65828
64818
63935
62981
62054
61251
60341
59394
58444
57550
56692
55850
54986
54076
53222
52371
51555
50665
49685
48779
47916
47094
46350
45596
44851
44154
43542
42914
42360
41808
41148
40629
40139
39657
39193
38792
38353
37921
37556
37169
36800
36447
36147
35885
35574
35249
34924
34533
34137
33768
33303
32885
32479
32065
31701
31249
30807
30354
29881
29494
29069
28687
28270
27894
27455
27061
26735
26355
25991
25597
25233
24812
24471
24041
23720
23366
23097
22769
22425
22121
21792
21562
21296
20992
20760
20554
20317
19995
19731
19455
19178
18949
18712
18462
18185
17915
17611
17285
17041
16795
16623
16366
16115
15866
15619
15406
15225
15033
14816
14595
14395
14169
13957
13756
13568
13374
13230
13058
12907
12752
12545
12369
12225
12105
11923
11847
11717
11615
11466
11315
11195
11078
10903
10799
10664
10516
10403
10307
10240
10109
10011
9910
9800
9695
9580
9531
9421
9344
9271
9167
9075
8970
8860
8743
8659
8575
8520
8454
8373
8292
8213
8138
8034
7968
7935
7893
7813
7771
7719
7657
7597
7531
7455
7409
7330
7251
7208
7145
7080
7071
7047
7013
6973
6966
6921
6921
6898
6826
6784
6768
6691
6681
6650
6618
6597
6575
6530
6514
6508
6480
6473
6419
6377
6326
6293
6253
6226
6247
6240
6220
6209
6232
6239
6229
6211
6224
6261
6241
6218
6219
6220
6210
6186
6209
6183
6179
6154
6179
6142
6107
6095
6086
6072
6065
6050
6017
6000
5994
5976
5909
5887
5879
5890
5923
5935
5982
5964
5973
5975
5957
5916
5865
5856
5868
5862
5865
5829
5851
5872
5841
5829
5826
5810
5831
5859
5865
5852
5842
5857
5794
5778
5770
5767
5770
5750
5749
5756
5760
5744
5731
5732
5709
5734
5787
5780
5779
5785
5784
5749
5746
5765
5788
5810
5825
5826
5804
5810
5773
5793
5813
5801
5814
5794
5810
5820
5826
5812
5796
5795
5782
5772
5735
5715
5735
5715
5737
5712
5705
5642
5627
5627
5641
5630
5580
5587
5614
5601
5564
5555
5527
5490
5501
5507
5530
5509
5514
5506
5530
5556
5526
5539
5515
5483
5495
5518
5511
5504
5545
5549
5577
5550
5554
5547
5599
5629
5609
5644
5646
5626
5592
5585
5608
5596
5587
5631
5665
5674
5657
5687
5692
5687
5672
5678
5667
5687
5695
5731
5737
5731
5725
5695
5719
5684
5680
5688
5694
5703
5712
5707
5720
5699
5701
5679
5700
5686
5680
5691
5674
5693
5691
5714
5741
5749
5761
5763
5760
5763
5798
5804
5764
5745
5756
5746
5746
5761
5741
5785
5803
5783
5800
5805
5778
5765
5788
5788
5768
5775
5799
5766
5727
5668
5674
5646
5674
5667
5655
5673
5680
5647
5664
5665
5655
5634
5625
5645
5673
5626
5638
5656
5639
5650
5689
5660
5683
5695
5720
5729
5763
5792
5751
5752
5762
5761
5736
5699
5738
5744
5774
5759
5770
5808
5783
5824
5803
5827
5847
5830
5844
5908
5884
5867
5855
5890
5886
5881
5886
5858
5852
5866
5860
5887
5939
5943
5950
5954
5967
5988
5993
5974
5992
6001
6017
6051
6062
6093
6107
6142
6152
6171
6146
6124
6146
6197
6233
6236
6232
6247
6280
6326
