1000000
958329
918140
879535
842648
807327
773252
740412
709070
679170
650520
623033
596648
571524
547228
524005
501823
480446
460249
441060
422722
404984
387816
371424
355892
341097
326945
313461
300458
287984
276016
264873
254158
243905
234242
224876
215862
207345
199018
191501
184443
177583
171136
164767
158859
153382
148271
143494
139082
134767
130884
127184
123844
120613
117591
114806
112379
110245
108222
106201
104108
102128
100433
98727
97046
95415
93880
92672
91677
90927
90592
90359
90218
89981
89806
89667
89526
89441
89440
89491
89642
89892
90128
90369
90581
90810
91058
91278
91522
91742
91971
92201
92423
92650
92865
93081
93289
93528
93706
93946
94170
94387
94620
94841
95069
95304
95539
95766
95974
96186
96401
96624
96846
97087
97333
97540
97757
97980
98218
98436
98666
98894
99133
99390
99604
99821
100054
100281
100515
100719
100954
101172
101368
101586
101821
102054
102287
102527
102756
102975
103195
103408
103638
103875
104126
104361
104590
104833
105050
105264
105479
105711
105924
106144
106376
106627
106870
107098
107319
107542
107789
108045
108277
108484
108682
108903
109141
109342
109553
109783
109988
110196
110412
110662
110877
111111
111343
111545
111758
111956
112157
112370
112576
112798
113019
113244
113455
113693
113906
114131
114345
114584
114834
115052
115281
115502
115703
115932
116141
116338
116546
116783
116981
117232
117445
117657
117870
118083
118323
118545
118775
118997
119195
119420
119628
119855
120094
120321
120534
120772
120988
121191
121444
121667
121871
122082
122278
122514
122716
122948
123159
123392
123621
123834
124065
124279
124492
124723
124915
125151
125356
125568
125792
125991
126211
126452
126644
126861
127069
127275
127501
127755
127974
128198
128444
128645
128870
129093
129295
129493
129725
129951
130199
130406
130626
130822
131040
131269
131482
131685
131905
132149
132391
132572
132776
132982
133225
133442
133644
133863
134069
134292
134492
134696
134905
135131
135310
135522
135739
135952
136185
136426
136646
136879
137127
137339
137543
137774
137986
138203
138417
138633
138838
139081
139277
139480
139701
139929
140157
140366
140582
140783
141002
141214
141429
141622
141818
142005
142225
142428
142632
142833
143061
143267
143500
143705
143918
144135
144359
144580
144806
145005
145210
145422
145623
145836
146042
146234
146447
146635
146844
147065
147285
147508
147746
147974
148200
148414
148663
148907
149126
149328
149534
149749
149971
150184
150381
150581
150776
150968
151175
151361
151599
151816
152019
152231
152461
152683
152893
153098
153303
153510
153697
153915
154123
154327
154563
154764
154978
155180
155403
155619
155826
156031
156231
156446
156665
156863
157050
157272
157488
157718
157911
158131
158391
158606
158818
159036
159238
159455
159640
159851
160083
160291
160498
160700
160920
161110
161341
161545
161743
161959
162181
162379
162570
162769
162958
163151
163349
163562
163751
163960
164149
164362
164588
164781
164993
165202
165408
165612
165851
166067
166277
166493
166685
166911
167131
167345
167563
167765
167989
168189
168396
168604
168818
169023
169240
169442
169660
169880
170103
170312
170532
170746
170959
171160
171352
171556
171763
171969
172173
172355
172571
172755
172951
173166
173359
173576
173763
173956
174160
174360
174567
174799
175036
175251
175460
175664
175874
176073
176281
176481
176651
176816
177032
177215
177414
177610
177827
178050
178262
178460
178651
178845
179065
179260
179513
179724
179960
180165
180359
180576
180782
180996
181194
181394
181605
181809
181991
182178
182364
182566
182774
182975
183163
183365
183583
183801
184011
184232
184416
184602
184816
185021
185228
185447
185673
185891
186097
186310
186513
186717
186928
187130
187332
187521
187719
187936
188138
188341
188555
188745
188944
189151
189370
189568
189791
190002
190180
190353
190560
190751
190946
191141
191325
191545
191770
191998
192199
192434
192649
192833
193028
193226
193407
193608
193811
194021
194223
194414
194594
194774
194986
195219
195402
195607
195806
195991
196207
196391
196569
196753
196933
197123
197305
197494
197697
197897
198105
198305
198488
198718
198901
199086
199280
199490
199691
199881
200087
200311
200493
