1000000
958675
918630
879966
843365
807750
773542
740966
709307
679267
650347
622759
596411
571208
547188
524245
502112
480691
460464
441209
422925
405189
388170
371885
356017
341001
326699
313175
300357
287907
275721
264265
253387
243060
233058
223438
214435
205855
197602
189809
182178
175133
168450
161958
155745
149948
144280
139069
134025
129282
124799
120503
116545
112783
109167
105792
102584
99362
96352
93547
90819
88197
85921
83599
81502
79394
77426
75589
73984
72446
71005
69558
68286
67019
65872
64738
63736
62794
61933
61124
60471
59767
59024
58388
57622
56804
56038
55378
54687
54045
53410
52942
52529
52199
51859
51415
50958
50528
50011
49473
48894
48389
47906
47309
46722
46206
45532
44815
44145
43430
42664
41915
41265
40637
39990
39367
38771
38185
37601
36997
36357
35797
35273
34726
34161
33625
33080
32547
32084
31594
31040
30552
30047
29546
29084
28633
28179
27763
27331
26879
26434
26035
25628
25188
24725
24353
24009
23662
23243
22802
22392
22001
21614
21214
20869
20443
20043
19721
19428
19093
18773
18428
18138
17830
17569
17291
16981
16728
16505
16245
15993
15740
15496
15209
14943
14692
14438
14239
13993
13817
13631
13436
13255
13096
12926
12752
12575
12430
12271
12120
12019
11875
11739
11609
11457
11296
11140
11035
10900
10785
10699
10617
10472
10287
10162
10077
9926
9775
9667
9563
9433
9328
9228
9151
9075
8966
8888
8804
8701
8622
8504
8395
8311
8227
8190
8158
8100
8010
7941
7897
7845
7798
7694
7678
7587
7526
7490
7432
7381
7341
7293
7266
7193
7159
7133
7114
7070
6989
6922
6900
6830
6782
6740
6696
6661
6609
6541
6511
6529
6496
6465
6459
6423
6438
6416
6418
6397
6366
6352
6356
6366
6354
6365
6359
6337
6314
6288
6244
6238
6214
6164
6142
6109
6063
6079
6071
6046
6041
6031
6038
6051
6054
6061
6057
6037
6040
6049
6031
6034
6029
6008
6022
6005
6018
5979
6000
5968
5956
5923
5959
5947
5948
5923
5874
5882
5851
5839
5861
5869
5797
5811
5787
5818
5812
5796
5771
5697
5717
5708
5674
5707
5689
5690
5717
5698
5707
5696
5680
5684
5699
5708
5701
5709
5690
5671
5667
5646
5667
5640
5648
5625
5613
5597
5616
5620
5617
5657
5635
5621
5613
5614
5589
5616
5636
5646
5643
5584
5564
5544
5538
5527
5544
5543
5570
5579
5602
5601
5582
5603
5615
5559
5531
5538
5549
5555
5518
5477
5496
5534
5536
5545
5537
5549
5526
5585
5574
5588
5634
5634
5641
5634
5607
5597
5597
5616
5657
5707
5698
5713
5732
5721
5703
5662
5632
5637
5655
5692
5696
5692
5705
5722
5722
5740
5742
5725
5734
5747
5769
5756
5764
5733
5734
5736
5745
5743
5757
5731
5708
5701
5751
5766
5773
5779
5778
5785
5782
5820
5805
5761
5756
5736
5768
5759
5762
5722
5732
5763
5773
5760
5756
5747
5721
5739
5784
5797
5774
5785
5796
5787
5786
5798
5786
5786
5779
5776
5767
5768
5762
5746
5749
5738
5764
5770
5774
5782
5762
5724
5719
5729
5722
5720
5737
5730
5714
5745
5751
5741
5738
5791
5819
5824
5805
5800
5747
5731
5719
5717
5728
5741
5687
5719
5669
5683
5649
5657
5672
5657
5700
5718
5696
5715
5738
5689
5686
5662
5635
5596
5618
5608
5623
5611
5601
5625
5639
5600
5608
5631
5654
5681
5693
5711
5677
5699
5670
5689
5705
5707
5711
5723
5687
5687
5737
5727
5718
5718
5741
5752
5716
5708
5718
5775
5801
5791
5760
5747
5825
5850
5813
5804
5807
5778
5781
5786
5780
5814
5831
5840
5854
5888
5880
5890
5947
5950
5931
5929
5921
5941
5898
5921
5917
5922
5969
5953
5979
5963
5961
5953
5956
5963
5972
5957
