1000000
958604
918672
880355
843587
808183
773927
741032
709766
679485
650843
623486
597261
572064
547918
524728
502722
481544
461281
441712
423320
405441
388308
372225
356648
341763
327292
313584
300539
288184
276250
264798
253960
243693
233984
224660
215697
207100
198886
191276
183710
176666
169955
163633
157483
151970
146486
141226
136313
131773
127499
123494
119743
116294
112874
109676
106722
103831
101092
98577
96245
93950
91771
89675
87749
85975
84349
82773
81411
80060
78770
77622
76493
75264
74046
73015
71943
70815
69725
68674
67664
66726
65925
65169
64393
63548
62703
61889
61076
60288
59466
58699
57916
57100
56251
55281
54326
53441
52613
51822
51231
50607
49984
49339
48720
47947
47136
46236
45443
44752
43952
43233
42514
41781
41082
40349
39668
38920
38208
37528
36860
36147
35400
34665
33972
33344
32715
32102
31552
30974
30371
29774
29157
28663
28121
27610
27071
26565
26073
25604
25048
24621
24163
23643
23179
22727
22246
21848
21429
21072
20707
20322
19928
19601
19248
18943
18623
18342
18105
17874
17582
17323
17001
16691
16437
16129
15906
15668
15403
15129
14876
14650
14438
14228
14032
13876
13676
13470
13229
13007
12803
12641
12516
12322
12144
12009
11911
11759
11567
11395
11232
11072
10976
10789
10703
10621
10466
10340
10199
10042
9919
9767
9639
9540
9420
9280
9154
9093
9008
8848
8773
8670
8611
8519
8455
8366
8322
8227
8141
8064
7987
7917
7796
7698
7667
7589
7541
7484
7432
7375
7323
7247
7181
7091
7024
6951
6934
6859
6820
6820
6783
6760
6709
6703
6636
6575
6542
6551
6526
6452
6452
6434
6407
6388
6352
6315
6311
6301
6262
6233
6199
6170
6121
6102
6090
6068
6073
6082
6042
6052
6047
6026
5989
5978
5980
5998
5965
6000
5960
5919
5878
5913
5861
5858
5881
5891
5891
5887
5880
5827
5829
5846
5864
5874
5868
5817
5836
5807
5768
5755
5716
5740
5736
5741
5723
5740
5762
5745
5759
5776
5747
5738
5730
5733
5760
5727
5739
5743
5738
5775
5757
5735
5745
5715
5717
5726
5735
5744
5714
5700
5661
5675
5662
5667
5650
5616
5601
5636
5645
5646
5676
5673
5698
5744
5753
5771
5753
5767
5758
5749
5763
5746
5701
5740
5735
5746
5724
5746
5724
5693
5666
5692
5681
5671
5703
5698
5712
5759
5778
5798
5781
5761
5776
5779
5738
5745
5744
5738
5728
5746
5714
5739
5669
5687
5697
5726
5748
5774
5758
5753
5798
5812
5849
5854
5829
5835
5860
5848
5836
5829
5839
5831
5827
5802
5777
5755
5761
5771
5787
5769
5734
5726
5724
5773
5780
5781
5784
5782
5774
5737
5771
5774
5754
5769
5773
5771
5779
5746
5757
5749
5757
5759
5757
5712
5697
5702
5762
5777
5794
5789
5785
5770
5786
5785
5783
5783
5761
5737
5727
5701
5653
5644
5659
5676
5686
5671
5668
5676
5661
5662
5661
5673
5689
5704
5711
5719
5724
5734
5694
5675
5672
5634
5660
5661
5660
5699
5690
5671
5695
5755
5751
5730
5727
5688
5732
5738
5743
5745
5714
5744
5753
5745
5700
5689
5712
5712
5648
5654
5650
5609
5551
5539
5521
5525
5537
5531
5550
5531
5547
5531
5554
5576
5592
5611
5579
5602
5585
5590
5577
5578
5622
5587
5574
5576
5601
5595
5635
5641
5659
5677
5675
5647
5669
5637
5650
5630
5625
5628
5590
5564
5571
5608
5574
5579
5589
5607
5633
5614
5617
5600
5614
5643
5631
5645
5653
5677
5661
5635
5617
5612
5675
5683
5701
5726
5719
5730
5737
5719
5743
5756
5726
5678
5674
5669
5681
5632
5619
5653
5651
5662
5700
5710
5737
5742
5748
5732
5757
5741
5794
5814
5833
5872
5904
5934
5953
5960
5974
5958
5966
5954
5986
