0	1e+06
0.1	958556
0.2	918645
0.3	880243
0.4	843384
0.5	807920
0.6	773876
0.7	741080
0.8	709702
0.9	679669
1	650850
1.1	623332
1.2	596966
1.3	571729
1.4	547545
1.5	524466
1.6	502357
1.7	481099
1.8	460834
1.9	441354
2	422798
2.1	404993
2.2	387982
2.3	371764
2.4	356165
2.5	341354
2.6	327070
2.7	313428
2.8	300476
2.9	288084
3	276195
3.1	264807
3.2	254021
3.3	243706
3.4	233874
3.5	224469
3.6	215499
3.7	206948
3.8	198779
3.9	191102
4	183728
4.1	176700
4.2	170053
4.3	163737
4.4	157748
4.5	152130
4.6	146794
4.7	141780
4.8	137050
4.9	132563
5	128378
5.1	124448
5.2	120751
5.3	117325
5.4	114045
5.5	110996
5.6	108148
5.7	105514
5.8	103010
5.9	100668
6	98432.3
6.1	96324.2
6.2	94360.3
6.3	92526.8
6.4	90790.8
6.5	89133.3
6.6	87570.4
6.7	86101.9
6.8	84756.8
6.9	83493.5
7	82326.9
7.1	81279.2
7.2	80359.6
7.3	79450.7
7.4	78577.3
7.5	77758.9
7.6	76996.1
7.7	76284.8
7.8	75594.9
7.9	74916.9
8	74263.7
8.1	73635.2
8.2	73010.7
8.3	72397.4
8.4	71793
8.5	71182.1
8.6	70591.5
8.7	70031.7
8.8	69460.3
8.9	68918.1
9	68384.2
9.1	67864.3
9.2	67318.1
9.3	66781
9.4	66268.6
9.5	65686.8
9.6	65136.9
9.7	64620.3
9.8	64089.2
9.9	63560.7
10	63034.2
10.1	62515.7
10.2	62039.4
10.3	61532.6
10.4	61048
10.5	60571.3
10.6	60086.7
10.7	59600.6
10.8	59123.1
10.9	58643.8
11	58178.3
11.1	57720.3
11.2	57258.9
11.3	56820.8
11.4	56384.8
11.5	55921.6
11.6	55489.7
11.7	55045.9
11.8	54608.9
11.9	54153.1
12	53703
12.1	53251.5
12.2	52811.9
12.3	52362.9
12.4	51916.8
12.5	51513.8
12.6	51104.3
12.7	50700.1
12.8	50310.6
12.9	49909.3
13	49519.9
13.1	49150.6
13.2	48758.7
13.3	48387.7
13.4	48036.8
13.5	47690.2
13.6	47347.1
13.7	47005.1
13.8	46653
13.9	46299.9
14	45940.7
14.1	45616.8
14.2	45280.4
14.3	44935.7
14.4	44595.8
14.5	44268.9
14.6	43953
14.7	43659.3
14.8	43352.6
14.9	43043.8
15	42765.1
15.1	42481.2
15.2	42202.3
15.3	41937.4
15.4	41679
15.5	41411.3
15.6	41143.9
15.7	40887.4
15.8	40646.3
15.9	40415.5
16	40172.3
16.1	39939.1
16.2	39716
16.3	39504.5
16.4	39297.8
16.5	39095.2
16.6	38913.9
16.7	38730.7
16.8	38540.6
16.9	38347.2
17	38185.5
17.1	38011.3
17.2	37849.5
17.3	37693.4
17.4	37539.4
17.5	37385.5
17.6	37244.1
17.7	37092.7
17.8	36937.4
17.9	36814.2
18	36669.3
18.1	36552.6
18.2	36444.1
18.3	36332.8
18.4	36236.9
18.5	36145.7
18.6	36046.5
18.7	35951.6
18.8	35852.1
18.9	35753.3
19	35669.3
19.1	35585.6
19.2	35516.6
19.3	35432.6
19.4	35358.3
19.5	35301
19.6	35239.7
19.7	35172.3
19.8	35118.4
19.9	35054.7
20	35007
20.1	34965
20.2	34902.3
20.3	34835
20.4	34781.6
20.5	34741.7
20.6	34684.1
20.7	34631.8
20.8	34575.1
20.9	34514.9
21	34448.2
21.1	34399.7
21.2	34357.7
21.3	34323
21.4	34272.5
21.5	34225.5
21.6	34180.9
21.7	34130.4
21.8	34083.6
21.9	34046.8
22	34013.9
22.1	33958.5
22.2	33915.2
22.3	33865.4
22.4	33841.7
22.5	33808.1
22.6	33770.6
22.7	33746.3
22.8	33710.8
22.9	33685.4
23	33673.1
23.1	33643.2
23.2	33615.1
23.3	33596.1
23.4	33583.5
23.5	33554.4
23.6	33555.1
23.7	33537.1
23.8	33531.4
23.9	33528.6
24	33526.4
24.1	33522.4
24.2	33520.4
24.3	33525.1
24.4	33518.2
24.5	33533.7
24.6	33527.6
24.7	33538.6
24.8	33523.4
24.9	33510.7
25	33510
25.1	33509.3
25.2	33507.2
25.3	33501
25.4	33500.3
25.5	33500.9
25.6	33489.6
25.7	33477.3
25.8	33474.5
25.9	33466.1
26	33466.9
26.1	33485.8
26.2	33483.5
26.3	33488.1
26.4	33483.6
26.5	33482
26.6	33476.2
26.7	33492.4
26.8	33497.1
26.9	33498.5
27	33515.2
27.1	33540.6
27.2	33550.9
27.3	33570.9
27.4	33588.3
27.5	33609.7
27.6	33626.5
27.7	33653.4
27.8	33675.5
27.9	33698.4
28	33730.8
28.1	33775.4
28.2	33791.1
28.3	33808.3
28.4	33847.8
28.5	33880.2
28.6	33907.8
28.7	33924.8
28.8	33948.6
28.9	33977.4
29	34017.4
29.1	34031.7
29.2	34061.6
29.3	34089.1
29.4	34114.9
29.5	34140.4
29.6	34169.2
29.7	34200.2
29.8	34241.8
29.9	34278.9
30	34303.1
30.1	34342.1
30.2	34369.1
30.3	34406.9
30.4	34425.4
30.5	34460.4
30.6	34482.8
30.7	34506.7
30.8	34535.1
30.9	34565.8
31	34595.2
31.1	34605.9
31.2	34621.4
31.3	34651.1
31.4	34691.3
31.5	34717.4
31.6	34744.9
31.7	34762.5
31.8	34793.4
31.9	34813.2
32	34829.4
32.1	34846.4
32.2	34878.8
32.3	34899
32.4	34930.3
32.5	34953.4
32.6	34974
32.7	35016
32.8	35047.9
32.9	35072.6
33	35108.9
33.1	35138.2
33.2	35167.5
33.3	35198
33.4	35224
33.5	35251.3
33.6	35277.6
33.7	35314.5
33.8	35345.4
33.9	35390.9
34	35439.5
34.1	35470.6
34.2	35528.7
34.3	35588.3
34.4	35640.8
34.5	35702.4
34.6	35748.7
34.7	35802.5
34.8	35849.8
34.9	35905.3
35	35961.1
35.1	36004.4
35.2	36037.5
35.3	36087.7
35.4	36139.4
35.5	36193.3
35.6	36249
35.7	36302.1
35.8	36349.5
35.9	36390.3
36	36427.3
36.1	36469.9
36.2	36519.2
36.3	36567.8
36.4	36617.2
36.5	36662.9
36.6	36712.1
36.7	36763.7
36.8	36810.5
36.9	36849.8
37	36879.6
37.1	36910.4
37.2	36943.1
37.3	36979.7
37.4	37016.2
37.5	37057.2
37.6	37095
37.7	37128.8
37.8	37167.5
37.9	37210.1
38	37253.7
38.1	37301.5
38.2	37325
38.3	37368.7
38.4	37393.8
38.5	37425.1
38.6	37461.9
38.7	37495.3
38.8	37521.3
38.9	37554.8
39	37588.1
39.1	37617.5
39.2	37645.3
39.3	37673.5
39.4	37717.4
39.5	37753.6
39.6	37796.7
39.7	37847.5
39.8	37887.6
39.9	37927.9
40	37959
40.1	38000.7
40.2	38063.9
40.3	38120.9
40.4	38176.6
40.5	38229.9
40.6	38312.5
40.7	38385.8
40.8	38463
40.9	38522.6
41	38585.4
41.1	38639.8
41.2	38698.5
41.3	38761.4
41.4	38832.8
41.5	38896.1
41.6	38955.2
41.7	39022.1
41.8	39072.3
41.9	39142
42	39217.2
42.1	39284.5
42.2	39350.1
42.3	39414.1
42.4	39486.5
42.5	39555.8
42.6	39627.8
42.7	39686.7
42.8	39748.3
42.9	39817.7
43	39886.1
43.1	39956.2
43.2	40020
43.3	40082.8
43.4	40152.5
43.5	40233.7
43.6	40304.6
43.7	40372
43.8	40441.2
43.9	40506.4
44	40576
44.1	40630
44.2	40704.5
44.3	40766.2
44.4	40833.5
44.5	40895.1
44.6	40968.4
44.7	41040.4
44.8	41098.5
44.9	41157.9
45	41224.4
45.1	41299.7
45.2	41372.2
45.3	41430.8
45.4	41501.5
45.5	41567.8
45.6	41641.1
45.7	41718.7
45.8	41785.8
45.9	41852.1
46	41913.6
46.1	41978.1
46.2	42053.2
46.3	42120.7
46.4	42184.2
46.5	42249.6
46.6	42317
46.7	42384.6
46.8	42451.6
46.9	42519.6
47	42586.2
47.1	42654.2
47.2	42728.2
47.3	42804.1
47.4	42873
47.5	42945.9
47.6	43007.1
47.7	43075.2
47.8	43149.3
47.9	43220.8
48	43286.8
48.1	43354.9
48.2	43430.5
48.3	43504.1
48.4	43589.2
48.5	43660.3
48.6	43718.8
48.7	43783.2
48.8	43850
48.9	43931.7
49	43999
49.1	44063.3
49.2	44124.1
49.3	44186.2
49.4	44265.9
49.5	44331.4
49.6	44412.4
49.7	44482.4
49.8	44566.8
49.9	44628.4
50	44685.1
50.1	44756.9
50.2	44818
50.3	44882.1
50.4	44944.1
50.5	45010.9
50.6	45078.3
50.7	45135.7
50.8	45206.4
50.9	45262.6
51	45342.8
51.1	45414.2
51.2	45477.7
51.3	45546.6
51.4	45608.3
51.5	45675.3
51.6	45741.5
51.7	45806.7
51.8	45858.4
51.9	45921.2
52	45981.1
52.1	46044.8
52.2	46106.3
52.3	46172.4
52.4	46237.2
52.5	46289.9
52.6	46360.6
52.7	46431.3
52.8	46490.9
52.9	46557.3
53	46617.8
53.1	46680.5
53.2	46754.8
53.3	46821.1
53.4	46868.7
53.5	46928.9
53.6	46997.4
53.7	47073.3
53.8	47136.7
53.9	47205.2
54	47280.9
54.1	47347
54.2	47419.1
54.3	47488
54.4	47560.1
54.5	47633.8
54.6	47693.8
54.7	47761.5
54.8	47829.3
54.9	47902.7
55	47976.6
55.1	48059.7
55.2	48130.3
55.3	48202.5
55.4	48290.4
55.5	48376.3
55.6	48460.4
55.7	48541.1
55.8	48617
55.9	48704.1
56	48797.6
56.1	48872.3
56.2	48951
56.3	49021.2
56.4	49091.6
56.5	49168.3
56.6	49252.9
56.7	49327.1
56.8	49410.1
56.9	49488
57	49560.4
57.1	49625.5
57.2	49701.5
57.3	49776.8
57.4	49854.5
57.5	49919.8
57.6	49990.3
57.7	50076.4
57.8	50151.1
57.9	50214.1
58	50293.1
58.1	50384.9
58.2	50464.9
58.3	50539.5
58.4	50619.6
58.5	50705.1
58.6	50797.2
58.7	50872.8
58.8	50966
58.9	51051
59	51142.8
59.1	51234.3
59.2	51314
59.3	51402.7
59.4	51492.6
59.5	51576.3
59.6	51649
59.7	51722.8
59.8	51799.8
59.9	51887.5
60	51958.3
