0
39250
73256
102384
127129
147646
165041
179090
190573
199801
206679
211906
215326
217318
218089
217651
216256
214631
212077
209235
205820
201753
197459
192375
187617
182719
177760
172764
167740
162524
157182
152198
147176
142231
137138
132332
127449
122620
118036
113350
108838
104540
100023
95889
91806
88008
84225
80187
76368
72817
69212
65479
61963
58592
55504
52515
49525
46525
43584
41067
38641
36175
33726
31481
29339
27247
25439
23842
22398
21121
19930
18748
17552
16605
15741
15199
14781
14297
13760
13265
12800
12245
11760
11380
11023
10608
10226
9807
9460
8920
8453
8122
7851
7739
7675
7474
7259
6974
6738
6502
6194
5992
5695
5271
4870
4446
4052
3732
3456
3158
2906
2636
2361
2145
1911
1700
1511
1351
1191
1070
961
852
763
688
613
551
497
453
404
374
341
302
277
247
226
209
192
176
155
143
131
122
103
94
86
73
67
62
59
55
44
43
39
37
33
30
26
23
18
16
14
14
13
13
11
9
8
7
7
7
7
6
3
3
3
3
3
3
3
3
3
3
2
2
2
1
1
1
1
1
1
1
1
1
0
0
0
0
0
0
0
0
0
0
0
0
0
0
0
0
0
0
0
0
0
0
0
0
0
0
0
0
0
0
0
0
0
0
0
0
0
0
0
0
0
0
0
0
0
0
0
0
0
0
0
0
0
0
0
0
0
0
0
0
0
0
0
0
0
0
0
0
0
0
0
0
0
0
0
0
0
0
0
0
0
0
0
0
0
0
0
0
0
0
0
0
0
0
0
0
0
0
0
0
0
0
0
0
0
0
0
0
0
0
0
0
0
0
0
0
0
0
0
0
0
0
0
0
0
0
0
0
0
0
0
0
0
0
0
0
0
0
0
0
0
0
0
0
0
0
0
0
0
0
0
0
0
0
0
0
0
0
0
0
0
0
0
0
0
0
0
0
0
0
0
0
0
0
0
0
0
0
0
0
0
0
0
0
0
0
0
0
0
0
0
0
0
0
0
0
0
0
0
0
0
0
0
0
0
0
0
0
0
0
0
0
0
0
0
0
0
0
0
0
0
0
0
0
0
0
0
0
0
0
0
0
0
0
0
0
0
0
0
0
0
0
0
0
0
0
0
0
0
0
0
0
0
0
0
0
0
0
0
0
0
0
0
0
0
0
0
0
0
0
0
0
0
0
0
0
0
0
0
0
0
0
0
0
0
0
0
0
0
0
0
0
0
0
0
0
0
0
0
0
0
0
0
0
0
0
0
0
0
0
0
0
0
0
0
0
0
0
0
0
0
0
0
0
0
0
0
0
0
0
0
0
0
0
0
0
0
0
0
0
0
0
0
0
0
0
0
0
0
0
0
0
0
0
0
0
0
0
0
0
0
0
0
0
0
0
0
0
0
0
0
0
0
0
0
0
0
0
0
0
0
0
0
0
0
0
0
0
0
0
0
0
0
0
0
0
0
0
0
0
0
0
0
0
0
0
0
