0
39218
72782
101822
126665
147319
164567
179158
190667
199602
206583
211620
214896
216688
217550
217233
216652
215244
212860
209587
205762
201671
197110
192757
188182
182929
177889
172863
167775
162412
157267
152179
147136
142189
137324
132361
127557
122932
118321
113793
109216
105039
100606
96365
92055
87940
84112
80223
76664
73165
69778
66702
63610
60536
57839
55060
52469
50057
47721
45532
43320
41217
39228
37077
35111
33230
31217
29137
27248
25438
23824
22221
20691
19267
18048
16810
15685
14414
13307
12435
11566
10896
10296
9863
9566
9300
8958
8537
8152
7885
7568
7250
7123
6907
6692
6623
6554
6557
6524
6562
6517
6329
6093
5853
5648
5468
5320
5113
5095
5141
5203
5275
5297
5334
5316
5427
5582
5814
6046
6365
6690
7052
7274
7500
7866
8024
8053
8061
8061
8068
7905
7734
7642
7432
7280
7162
7133
7076
6985
6923
6866
6856
6845
6881
6967
6954
6945
6903
6873
6784
6624
6541
6445
6372
6222
6213
6230
6186
6235
6217
6249
6263
6283
6259
6203
6137
6041
6011
6007
5978
5865
5710
5589
5397
5212
5052
4927
4728
4569
4375
4305
4212
4062
3928
3807
3687
3593
3567
3601
3584
3530
3529
3549
3540
3556
3487
3417
3384
3354
3278
3232
3175
3109
3089
3037
2941
2930
2985
3051
3120
3220
3263
3312
3296
3311
3391
3420
3471
3552
3601
3653
3664
3688
3723
3768
3842
3917
3978
4005
4043
4066
4103
4160
4093
4058
3995
3945
3891
3776
3752
3607
3480
3372
3394
3355
3348
3351
3359
3457
3555
3560
3606
3644
3630
3633
3573
3583
3636
3601
3539
3513
3478
3507
3532
3586
3641
3701
3665
3691
3673
3646
3630
3626
3611
3524
3435
3362
3334
3262
3189
3057
2961
2923
2937
2894
2869
2818
2783
2801
2804
2763
2767
2774
2725
2692
2673
2601
2493
2433
2381
2336
2268
2133
2082
2040
2004
2010
2060
2117
2141
2129
2157
2177
2184
2180
2191
2214
2214
2258
2275
2348
2416
2472
2487
2485
2493
2539
2537
2462
2425
2367
2336
2333
2314
2343
2363
2356
2364
2300
2249
2185
2135
2077
2048
1990
1911
1833
1728
1672
1626
1551
1525
1525
1468
1422
1375
1311
1257
1241
1235
1303
1298
1347
1391
1443
1531
1593
1683
1730
1800
1885
1954
2055
2172
2222
2247
2292
2326
2352
2351
2354
2342
2394
2353
2415
2485
2564
2598
2646
2701
2739
2821
2903
2881
2827
2782
2717
2631
2569
2499
2474
2374
2245
2090
1977
1833
1631
1486
1344
1187
1070
962
856
766
689
620
550
493
446
404
366
326
298
273
233
199
186
174
161
144
133
123
112
100
89
80
73
68
58
55
52
45
43
39
34
30
27
24
21
20
20
18
15
11
8
7
6
6
5
4
2
2
2
2
2
2
2
1
1
1
1
1
1
1
1
1
0
0
0
0
0
0
0
0
0
0
0
0
0
0
0
0
0
0
0
0
0
0
0
0
0
0
0
0
0
0
0
0
0
0
0
0
0
0
0
0
0
0
0
0
0
0
0
0
0
0
0
0
0
0
0
0
0
0
0
0
0
0
0
0
0
0
0
0
0
0
0
0
0
0
0
0
0
0
0
0
0
0
0
0
0
0
0
0
0
0
0
0
0
0
0
0
0
0
0
0
0
0
0
0
0
0
0
0
0
0
0
0
0
0
0
0
0
0
0
0
0
0
0
0
0
