0
39283
72855
101745
126578
147631
164513
178419
190017
198954
206518
211477
215060
217027
218275
218102
216993
214882
212707
209824
206516
202688
198362
193848
189030
183972
178718
173550
168275
162797
157386
152177
147139
142058
137151
132129
127496
122839
118296
113612
109323
105251
101062
96881
92963
89079
85156
81428
77814
74214
71005
67778
64576
61391
58271
55276
52525
49809
47309
44724
42522
40297
37993
35745
33678
31793
29967
28091
26378
24818
23292
21848
20370
19057
17803
16659
15576
14443
13264
12144
11224
10341
9559
8828
8225
7671
7163
6769
6449
6146
6019
6038
6045
6079
5968
6021
6020
5983
5924
5904
5974
5953
5934
6104
6260
6384
6467
6610
6751
6929
7191
7398
7663
7919
8181
8552
8811
9071
9208
9329
9350
9357
9426
9506
9539
9526
9637
9668
9703
9751
9638
9522
9418
9290
9210
9151
9087
8986
8880
8767
8652
8552
8504
8343
8187
8145
8138
8181
8070
8032
7954
7896
7807
7688
7607
7550
7475
7403
7267
7109
6967
6866
6698
6504
6332
6182
6050
5936
5893
5817
5704
5617
5583
5528
5545
5565
5566
5599
5641
5642
5596
5550
5508
5473
5395
5334
5252
5166
5030
4949
4871
4676
4516
4353
4206
4007
3898
3781
3693
3609
3611
3619
3648
3735
3734
3766
3765
3822
3828
3825
3783
3811
3782
3731
3731
3763
3794
3779
3812
3843
3804
3829
3883
3871
3891
3887
3833
3777
3776
3732
3679
3616
3553
3471
3426
3355
3290
3259
3248
3216
3235
3279
3284
3272
3240
3175
3152
3172
3175
3212
3219
3267
3289
3324
3278
3272
3315
3350
3424
3496
3483
3484
3477
3489
3486
3514
3455
3439
3420
3382
3342
3297
3264
3188
3211
3193
3231
3165
3119
3096
3030
3007
3011
2954
2932
2888
2841
2799
2810
2834
2840
2871
2870
2900
2929
3006
2995
3019
2994
3007
3042
3069
3137
3161
3208
3235
3350
3390
3418
3445
3475
3572
3593
3612
3539
3514
3511
3546
3505
3518
3495
3474
3424
3405
3371
3329
3339
3336
3330
3270
3227
3156
3105
3022
2978
2930
2931
2885
2882
2864
2859
2875
2817
2788
2756
2705
2716
2736
2741
2744
2806
2806
2791
2793
2823
2791
2779
2766
2747
2720
2679
2649
2611
2598
2569
2561
2526
2525
2525
2520
2515
2538
2549
2566
2575
2593
2580
2588
2578
2565
2538
2518
2549
2529
2518
2516
2538
2560
2543
2532
2528
2519
2507
2495
2460
2451
2453
2446
2461
2501
2488
2485
2460
2450
2427
2370
2378
2364
2352
2335
2322
2305
2303
2303
2272
2262
2292
2300
2305
2285
2295
2291
2309
2372
2374
2382
2410
2429
2437
2440
2441
2442
2495
2481
2475
2486
2502
2492
2487
2470
2466
2452
2429
2431
2423
2449
2407
2360
2369
2348
2316
2291
2289
2271
2213
2178
2178
2138
2140
2116
2140
2117
2071
2092
2099
2102
2136
2157
2161
2148
2135
2139
2120
2110
2115
2118
2116
2046
2022
1993
1968
1981
1953
1919
1928
1961
1967
1997
2022
2015
2034
2049
2043
2004
2020
2001
1968
1949
1940
1892
1884
1866
1851
1871
1864
1867
1855
1868
1875
1888
1906
1935
1958
1979
1995
2009
2016
2067
2134
2177
2182
2200
2194
2155
2165
2160
2203
2224
2234
2269
2288
2321
2335
2331
2358
2401
2388
2349
2361
2359
2359
2349
2351
2310
2273
2256
2244
2210
2191
2190
2123
2096
2054
1994
1981
1906
1864
1777
1708
1661
1621
1602
1533
1489
1424
1413
1386
1358
1313
1321
1329
1372
1393
1458
1512
1541
1576
1577
1576
1594
1568
1535
1503
1437
1425
1391
1370
1327
1311
1278
1233
1196
1180
1155
1129
1105
1114
1165
1177
1172
1201
