0
39407
73244
102007
126853
147244
164655
179189
190660
199528
206411
211534
214872
217161
217617
217874
216889
214989
212277
209045
205336
201524
197104
192647
188154
183119
177956
172740
167867
162866
157686
152346
147102
141942
136906
132071
127187
122244
117572
112840
108429
104250
100096
95758
91808
87873
84138
80471
76716
73248
69760
66465
63336
60129
57188
54104
51193
48277
45687
43287
40952
38744
36731
34924
33045
31258
29927
28680
27537
26295
24970
23626
22318
21165
20214
19192
18236
17153
16327
15587
15012
14606
14144
13780
13340
13054
12914
12760
12687
12422
12156
11937
11816
11671
11487
11333
11177
11055
10975
10783
10754
10737
10658
10778
10779
10641
10464
10379
10238
9984
9707
9340
9038
8732
8474
8261
8051
7872
7827
7725
7626
7643
7656
7654
7696
7640
7598
7526
7454
7439
7414
7399
7413
7438
7436
7441
7494
7469
7535
7589
7630
7610
7576
7620
7700
7713
7653
7587
7575
7566
7534
7476
7536
7577
7653
7685
7654
7572
7528
7488
7385
7313
7227
7149
7065
6912
6804
6652
6552
6455
6339
6261
6172
6139
6001
5902
5800
5718
5695
5596
5526
5392
5342
5231
5130
5041
4922
4853
4788
4758
4713
4686
4685
4664
4704
4637
4579
4575
4576
4565
4553
4464
4403
4370
4310
4235
4196
4148
4158
4157
4099
4069
4012
3942
3885
3851
3836
3793
3748
3645
3588
3540
3496
3481
3433
3376
3379
3304
3280
3237
3231
3191
3204
3212
3178
3154
3108
3104
3107
3086
3092
3081
3062
3054
3049
3064
3035
3005
3009
2937
2904
2906
2850
2848
2855
2836
2779
2744
2742
2764
2756
2716
2699
2666
2661
2618
2603
2622
2622
2619
2619
2594
2628
2628
2591
2609
2614
2619
2631
2646
2643
2628
2654
2643
2612
2614
2568
2598
2597
2620
2603
2629
2601
2612
2581
2570
2601
2623
2601
2613
2590
2543
2549
2516
2507
2525
2520
2497
2490
2507
2492
2544
2527
2481
2495
2477
2447
2394
2385
2412
2399
2390
2382
2381
2367
2357
2342
2368
2371
2380
2376
2388
2372
2392
2381
2368
2370
2378
2404
2390
2386
2411
2381
2399
2393
2376
2385
2372
2349
2345
2320
2309
2336
2322
2344
2309
2293
2317
2291
2302
2366
2358
2349
2368
2400
2381
2342
2350
2332
2345
2321
2317
2310
2328
2309
2315
2299
2279
2277
2309
2302
2312
2281
2273
2293
2300
2302
2295
2309
2351
2379
2365
2336
2347
2357
2402
2399
2393
2325
2350
2331
2328
2313
2313
2288
2292
2288
2270
2250
2275
2289
2304
2292
2268
2294
2298
2326
2300
2337
2334
2317
2308
2300
2260
2232
2271
2256
2259
2256
2256
2279
2278
2267
2280
2288
2315
2312
2296
2298
2340
2319
2367
2319
2313
2326
2336
2366
2343
2352
2361
2363
2338
2311
2311
2307
2327
2329
2313
2321
2345
2381
2410
2397
2398
2411
2398
2398
2380
2381
2379
2385
2372
2339
2335
2362
2355
2353
2382
2359
2337
2350
2331
2340
2305
2314
2293
2300
2261
2253
2290
2314
2288
2296
2263
2214
2218
2206
2209
2201
2276
2312
2298
2255
2292
2323
2319
2377
2340
2336
2323
2298
2259
2255
2263
2253
2290
2292
2309
2324
2308
2307
2291
2267
2258
2224
2257
2310
2314
2319
2293
2288
2263
2207
2216
2230
2236
2250
2266
2264
2247
2268
2240
2258
2294
2308
2313
2296
2304
2296
2273
2309
2310
2292
2318
2275
2300
2329
2317
2316
2298
2291
2284
2289
2307
2295
2366
2351
2351
2335
2328
2312
2304
2276
2264
2259
2257
2250
2204
2201
2170
2193
2189
2206
2193
2151
2130
2148
2174
2192
2178
2165
2162
2142
2125
2108
2108
2091
2120
2115
2122
2140
