0
39214
73207
102225
126620
147169
164423
178797
190196
199396
206330
211329
214532
216526
217508
217401
216077
214281
211684
208778
204821
201030
196954
192143
187383
182652
177638
172583
167519
162314
157060
151939
146838
141945
136661
131776
127080
122525
117997
113223
108938
104600
100232
96276
92635
88677
84928
81505
78044
74564
71263
68007
64809
61693
58853
56031
53370
50892
48576
46132
43782
41754
39597
37749
35994
34240
32432
30785
29303
27862
26415
25101
23776
22695
21691
20702
19833
19085
18327
17618
16979
16370
15760
15134
14572
14056
13663
13299
12959
12650
12363
12113
11907
11714
11472
11432
11419
11325
11240
11110
10799
10524
10301
10090
9874
9801
9837
9851
9799
9699
9701
9600
9486
9449
9352
9300
9227
9215
9190
9186
9104
9091
9114
9082
9036
8977
8891
8792
8604
8457
8351
8293
8270
8140
8031
7957
7906
7795
7662
7569
7548
7435
7362
7353
7199
7107
7036
6990
6887
6746
6652
6569
6509
6405
6319
6169
6081
6019
5921
5784
5676
5569
5549
5518
5433
5416
5324
5238
5200
5126
5055
5016
4905
4834
4757
4675
4616
4527
4455
4492
4511
4474
4383
4335
4300
4271
4134
4095
4057
4002
3984
3927
3914
3893
3887
3848
3785
3760
3732
3760
3732
3688
3706
3680
3659
3653
3609
3534
3549
3558
3483
3453
3397
3408
3366
3358
3381
3365
3351
3343
3271
3233
3223
3202
3109
3079
3060
3038
3024
3014
2997
2997
3000
2966
2960
2946
2877
2865
2890
2852
2823
2774
2807
2797
2795
2796
2772
2719
2702
2691
2678
2692
2642
2608
2620
2612
2593
2550
2560
2596
2585
2610
2603
2585
2573
2535
2497
2450
2476
2477
2465
2470
2483
2470
2451
2404
2387
2356
2365
2346
2359
2369
2361
2360
2340
2327
2338
2349
2347
2362
2357
2361
2329
2324
2348
2385
2350
2393
2396
2396
2423
2430
2435
2416
2406
2362
2384
2395
2404
2434
2455
2440
2442
2416
2401
2417
2425
2416
2415
2398
2395
2401
2391
2410
2378
2385
2354
2372
2400
2395
2392
2350
2342
2318
2350
2312
2328
2322
2294
2297
2260
2272
2282
2279
2268
2297
2273
2274
2261
2258
2260
2290
2274
2269
2274
2297
2297
2265
2294
2282
2284
2294
2327
2363
2340
2339
2325
2292
2264
2257
2289
2280
2258
2257
2296
2290
2294
2317
2304
2285
2282
2283
2302
2293
2300
2316
2279
2257
2269
2304
2338
2315
2311
2319
2366
2351
2314
2328
2300
2296
2310
2300
2303
2349
2363
2371
2367
2381
2391
2419
2432
2398
2369
2341
2360
2361
2348
2340
2315
2341
2321
2306
2337
2323
2333
2331
2293
2316
2346
2313
2282
2318
2286
2324
2329
2323
2320
2350
2331
2298
2288
2304
2320
2298
2280
2279
2278
2306
2355
2333
2346
2360
2328
2301
2284
2263
2275
2277
2278
2273
2303
2312
2291
2286
2316
2311
2286
2264
2288
2323
2339
2327
2307
2300
2302
2309
2283
2282
2258
2213
2225
2274
2299
2294
2238
2264
2240
2214
2224
2195
2250
2281
2304
2285
2280
2300
2322
2328
2365
2380
2449
2434
2433
2399
2361
2377
2357
2354
2371
2391
2353
2310
2281
2290
2310
2275
2250
2255
2279
2284
2269
2305
2296
2297
2296
2297
2265
2290
2296
2331
2310
2318
2334
2367
2327
2338
2360
2349
2356
2364
2353
2319
2344
2343
2320
2322
2274
2271
2274
2308
2291
2270
2297
2300
2299
2296
2287
2312
2328
2315
2295
2301
2289
2283
2275
2283
2303
2312
2265
2259
2287
2334
2355
2339
2311
2336
2381
2353
2382
2364
2316
2287
2295
2292
2277
2237
2251
2222
2167
2170
2169
2180
2153
2181
2174
2203
2214
2253
2251
2270
2263
