0
53874
28836
19535
15457
12878
11116
10242
9440
8893
8599
8456
8360
7971
8113
7950
8113
8015
8138
8389
8425
8448
8813
9197
9530
9956
9879
9996
10371
10962
11430
11703
12000
12694
13021
13700
14233
14898
15271
16070
16718
17062
17887
18533
19593
20438
21395
22264
23404
24207
25569
26540
27982
29160
30800
31836
33426
35555
37208
38978
41061
42951
44930
47018
49404
51927
54518
57101
60555
63087
65438
68672
72465
76373
79693
83581
87742
91607
96378
101088
106197
110750
115943
120222
125017
129536
134036
138601
142010
144610
146863
147832
148120
148136
148100
148275
148680
148701
149075
149079
149448
149232
149672
148916
147429
146237
145112
144302
142967
141282
139781
137835
135815
134097
131556
129160
126750
124163
122990
121910
121578
121235
121063
120430
120291
119668
119910
119209
118752
118631
118802
119298
120703
121418
122025
122293
122864
123175
124014
124771
125181
125708
126082
127005
128346
129426
129852
129883
130072
130661
131127
131628
131799
132808
133881
134009
134475
134735
135686
136701
137519
138551
140770
142297
143864
145685
147253
148122
148844
149820
150762
151886
153083
153965
153929
153834
153876
153281
152894
152592
152292
153187
153496
153558
154669
155504
155974
156581
157996
159403
160716
162082
163743
166093
168107
169718
171475
173317
175077
176200
176839
176998
176872
176210
176452
176033
175928
175402
175073
174946
175078
174811
174797
175309
174920
174959
174959
174900
174946
174533
174687
174730
174271
174134
173924
173972
174403
174830
174835
175143
175574
176379
177332
178153
179207
180276
180967
182239
182186
182760
182860
182776
182406
182194
182547
182916
183584
183946
183729
183471
183725
183299
182945
182272
182052
182610
182678
181777
181515
180546
179924
179800
179529
179254
179070
178964
179268
179604
179779
180201
180811
181319
182095
183064
183423
183364
183543
183306
184035
184772
185368
185601
186490
186765
187146
187658
188768
189114
189599
189638
189540
189441
188908
188971
188652
188306
187429
186717
186614
186777
186765
186224
185679
185151
184651
184145
183093
182071
180925
180713
179818
179180
178521
178105
178262
178475
178854
178447
178934
178907
178662
179045
179725
180308
180982
181019
181532
181387
181301
182108
182887
183260
183853
185336
185859
186681
187348
188268
188226
188880
188814
189112
189461
189679
190153
190514
191014
191097
190779
190495
190697
190129
189875
189779
189456
189876
190131
190456
190287
190744
191456
191720
192522
193158
193274
193427
193776
194108
194378
194650
194597
194560
194217
194122
194043
193993
193975
193941
193550
193894
193955
194281
194359
194206
194650
194750
194735
194220
194319
194426
194166
194177
194464
194941
195079
195491
195542
195499
195546
195798
195141
195410
195627
195661
195930
196603
196747
197146
197506
197628
197783
197923
198178
198291
198578
198714
198410
198277
198543
198386
198972
198826
198773
198128
197567
197180
197254
196882
196596
196092
195923
196061
195732
195489
195128
195078
195163
195145
194981
195202
195195
195566
195832
196128
196084
196208
195950
196281
196932
197254
197670
198072
198293
198447
199200
199813
200449
200870
201078
201449
201704
201762
201669
201884
202082
202091
202090
201661
201380
201424
201151
201386
201380
201708
201746
201603
201655
202506
202974
203403
203807
203830
204228
204712
205423
205088
204844
204556
204192
203866
203427
203468
203364
203379
203632
203935
204276
204625
204916
205231
205800
206021
206189
206512
206705
206766
206754
206759
206656
206405
206160
205573
205176
204660
204538
204448
204193
203566
202823
202146
201399
200734
200641
201120
201325
201270
201006
200587
200292
200375
199263
198617
198552
197962
197899
197402
197130
197227
197073
197525
197509
197199
197592
197585
198195
198509
199125
199497
200029
200321
200735
201472
201703
202613
203394
204415
205703
206785
207804
209208
210209
211025
211898
212961
213844
214774
215331
215789
216476
217250
217600
216881
216715
215944
215273
214047
213258
212721
212785
212465
212577
212794
213363
214095
214442
215414
215800
216508
217383
217987
218315
219081
219568
220455
220919
221792
222035
221833
221566
221297
220778
