0
54054
28845
18978
15406
12846
11292
10205
9388
9160
8470
8395
8096
8088
7885
7987
8055
8165
8356
8381
8458
8548
8836
8954
9441
9571
9907
10196
10395
10980
11315
11545
12292
12568
13447
13924
14081
14714
14966
15654
16275
17386
18019
18906
19587
20331
21380
22055
23452
24716
25684
27088
28016
29018
30536
31702
33600
34912
36292
37941
39577
41470
43354
45679
47202
49616
51629
53709
56043
57846
59595
61682
63966
66299
69122
71430
74294
76076
78804
80808
83064
84741
86854
88452
90474
91547
93680
95814
97137
99112
100015
101154
102404
103362
104794
105730
106341
107894
108957
109487
109945
110411
111094
112084
112340
113087
113493
114759
116322
117239
118001
119876
120755
121879
123371
125202
127270
128704
130714
132383
134286
136006
137464
138781
139966
141622
143049
144399
146287
147613
148492
148395
148334
148116
148556
148892
148954
148662
148124
147866
147456
146908
146746
147258
147284
147648
148211
148552
149032
150136
150303
150546
150512
149968
149335
149532
149377
150438
150616
150822
151621
152235
153397
154507
155342
156115
156975
157807
158917
158824
159005
159281
159538
159647
160615
160534
161113
161373
160989
160946
161209
161581
162010
162251
162311
162277
162572
162186
162671
163550
164069
164377
164816
165932
166274
166096
166524
167301
168385
169118
169938
171145
171788
171478
172021
172592
172685
173496
174030
174675
174996
175352
175760
175932
176558
176561
176748
177107
177696
178007
178707
178838
179104
179661
180082
179970
180321
181072
181136
181482
181005
180674
181169
181053
181707
182119
181966
182633
182634
183225
183449
183910
184395
184698
184771
184849
184567
185049
185304
185673
186190
186380
186084
186559
186675
187043
187559
187861
188226
188123
187834
188442
188759
189434
189947
190160
190909
191003
191466
191664
191589
192060
191995
191997
192173
192344
192692
192921
192693
193222
193619
193944
193818
193800
194458
194739
194917
194908
195002
195335
195222
195006
194588
194679
194686
194912
195261
195544
195721
196044
195987
196354
195951
196065
195576
195557
195485
195408
195725
195419
195285
195608
195537
195402
195108
195142
194765
194799
194743
194961
195408
195367
195410
195290
195187
195540
196075
196589
196599
196931
197566
197690
197173
196971
196938
196693
196462
196516
196956
197075
197085
197095
196795
197313
197095
197501
198199
198332
198764
198998
199351
199264
198786
198533
198518
198232
197768
198365
198534
198396
198292
197846
198551
199010
199358
199353
199005
199212
199063
199264
199048
198902
198775
198725
198744
198913
199196
198963
198363
198190
197824
197815
197539
197823
197270
197066
197044
196891
196833
196834
197191
196774
196753
196579
196667
196880
196739
196469
196635
196714
196562
197049
196784
196893
197134
197269
196969
197084
197338
197255
197270
197513
197779
197566
197892
198036
197927
198084
198225
198603
199279
198876
198484
198829
199173
198935
198409
198294
198165
198184
197648
198174
198299
197954
197844
197825
198194
198419
198745
198483
198396
198683
198558
198569
198631
198761
198611
198540
199035
199240
199297
199569
198960
199016
198648
198458
198195
198377
198482
198389
198259
198230
198211
197942
197753
197844
197916
197956
198412
198316
198134
198522
198672
198736
198778
198922
198610
198281
198567
198321
198054
197723
197521
197675
198109
198041
198019
197908
197898
198490
198541
198535
198542
198671
198625
198210
198137
198413
198473
198607
198724
199022
199661
199498
199252
198850
198611
198510
199087
199308
199316
198900
198435
198030
197747
198165
198345
198106
198235
198248
198118
198356
198537
198708
198584
198561
198986
199300
198880
198726
198734
198857
198598
198800
198643
198827
199120
199352
199680
200433
200578
200753
200922
200550
200159
199527
199001
199033
198660
198467
198022
197780
197569
197765
198146
197750
197818
197633
197851
197760
198264
198042
198138
198175
198407
198855
199180
198985
198884
198964
198651
198614
198647
198529
199444
199809
199908
199867
199799
199675
199150
199188
199231
200009
200308
200630
200843
200709
200750
200704
200476
200037
200014
200124
200407
200586
200780
200668
200200
199937
200027
