0
0
0
0
0
0
0
0
0
0
0
0
0
0
0
0
0
0
0
0
0
0
1
1
1
1
1
1
1
1
1
1
1
2
2
3
4
4
4
4
7
7
7
7
7
7
8
8
10
12
13
13
13
14
14
15
16
18
18
19
19
21
22
23
23
27
29
29
30
30
30
31
34
36
39
46
49
53
60
63
65
66
73
77
80
80
80
82
84
88
90
93
96
99
99
106
111
114
114
117
120
122
124
125
127
129
134
140
146
151
154
157
160
165
167
169
171
171
174
175
176
178
180
181
184
184
186
187
192
194
194
195
198
200
203
208
210
210
212
213
215
216
220
221
221
223
226
227
230
231
233
236
237
240
240
243
244
245
245
246
246
248
249
250
253
254
255
256
257
261
262
263
264
264
264
265
266
268
268
267
268
269
269
270
271
271
273
273
273
273
273
275
277
278
279
279
279
279
279
279
279
279
280
281
282
282
282
282
282
283
283
283
284
284
285
285
285
285
285
286
286
286
286
286
286
287
287
287
287
287
287
287
287
287
287
287
287
287
287
287
288
288
288
288
288
288
288
288
288
288
288
289
289
289
289
289
289
289
289
289
289
288
288
288
288
288
288
287
287
287
286
286
286
286
286
286
285
285
285
286
286
286
286
286
286
287
287
287
287
287
287
287
287
287
287
287
287
287
287
287
287
287
287
287
287
287
287
287
287
287
287
287
287
287
287
287
287
287
287
287
287
287
287
287
287
287
287
287
287
287
287
287
287
287
287
287
287
287
287
287
287
287
287
287
287
287
287
287
287
287
287
287
287
287
287
287
287
286
286
286
286
286
286
285
285
285
285
285
285
285
285
285
285
285
285
285
285
285
285
285
285
285
285
285
285
285
285
285
284
284
284
284
284
284
284
284
284
284
284
284
284
284
284
284
284
284
284
284
284
284
284
284
284
284
284
284
284
284
284
284
284
284
284
284
284
284
284
284
284
284
284
284
284
284
284
284
284
284
284
284
284
284
284
284
284
284
284
284
284
284
284
284
284
284
284
284
284
284
284
284
284
284
284
284
284
284
284
284
284
284
284
284
284
284
284
283
283
283
283
283
283
283
283
283
283
283
283
283
283
283
283
283
283
283
283
283
283
283
283
283
282
282
282
282
282
282
282
282
282
282
282
282
282
282
282
282
282
282
282
282
282
282
282
282
282
282
282
282
282
282
282
282
282
282
282
282
282
282
282
282
282
282
282
282
282
282
282
282
282
282
282
282
282
282
282
282
282
282
282
282
282
282
282
282
282
282
282
282
282
282
282
282
282
282
282
282
282
282
282
282
282
282
282
282
282
282
282
282
282
282
282
282
282
282
282
282
282
282
282
282
282
