0
0
0
0
0
0
0
0
0
0
0
0
0
0
0
0
0
0
0
0
0
0
0
0
0
0
1
1
2
2
3
3
3
3
3
3
3
3
4
4
4
4
4
5
6
6
9
9
9
9
11
12
12
12
14
14
14
15
15
16
16
18
20
22
22
23
24
26
26
26
31
34
39
43
45
46
46
49
51
53
55
57
61
62
63
68
69
73
76
77
80
83
86
91
93
94
99
103
104
104
106
107
107
108
109
110
113
116
116
119
121
125
127
128
128
131
134
136
138
138
140
141
146
147
150
155
159
160
164
166
169
170
173
177
179
182
185
186
187
189
189
192
191
192
193
194
195
195
196
199
200
206
204
206
207
212
213
215
216
216
219
219
221
223
225
226
228
229
231
231
232
236
237
240
243
244
244
244
246
249
252
254
255
258
261
262
262
262
267
272
275
276
279
280
281
284
284
285
286
289
291
292
293
295
296
300
301
302
305
306
307
311
314
314
317
316
317
319
320
320
321
325
328
331
332
337
339
340
341
344
345
347
350
350
350
350
351
354
356
360
361
362
364
366
369
371
373
374
375
375
375
376
378
379
380
381
382
384
384
385
387
390
391
391
393
392
395
396
396
397
399
399
399
402
402
404
405
407
407
408
409
410
410
410
410
414
414
416
417
417
418
419
420
422
423
425
426
429
429
430
430
431
431
431
432
432
438
442
444
444
446
447
448
449
449
449
452
452
454
455
456
457
459
461
462
463
463
463
465
467
467
468
470
473
473
475
476
478
481
482
483
485
486
489
489
490
493
499
501
502
504
505
505
506
507
511
511
511
511
511
511
511
512
513
513
515
516
517
517
518
519
520
520
520
520
522
522
524
526
527
528
528
531
533
534
536
537
537
537
541
542
542
545
549
550
553
556
558
558
559
560
562
565
567
571
575
575
576
576
578
578
579
579
579
582
584
587
587
590
591
593
592
593
596
597
598
598
599
603
606
606
609
609
610
610
613
614
615
615
616
617
619
619
621
623
623
624
624
624
626
628
628
629
633
634
636
636
638
640
639
643
643
647
650
651
651
654
657
658
660
660
662
665
671
674
674
678
679
680
684
685
689
691
692
692
693
695
696
698
700
706
707
710
712
712
718
718
720
720
722
724
727
729
733
734
736
737
737
739
741
744
744
747
750
750
751
752
753
754
756
759
761
763
765
766
767
767
769
770
770
771
774
775
777
778
779
782
784
789
792
791
798
801
805
805
807
809
812
817
819
820
823
825
825
829
830
830
833
834
835
842
847
849
850
850
852
856
858
859
860
863
863
866
866
867
869
873
874
879
882
885
891
895
896
897
898
899
900
905
911
913
915
919
922
925
925
929
929
929
930
934
