0
0
0
0
0
0
0
0
0
0
0
0
0
0
0
0
0
0
0
1
1
1
1
1
1
1
1
1
1
1
1
2
2
3
3
3
4
4
5
5
5
5
5
6
6
8
11
11
12
12
14
14
14
15
15
16
16
17
20
21
24
24
24
25
26
28
30
33
34
37
39
42
45
46
47
48
49
50
55
57
57
58
59
62
62
65
66
69
73
76
80
80
81
84
84
86
87
88
89
90
95
96
98
98
99
104
105
107
108
108
110
111
114
117
119
120
124
128
131
134
136
138
140
143
145
147
148
152
152
152
152
152
154
157
160
160
161
166
167
170
171
175
175
180
183
187
187
190
191
195
198
200
203
204
206
206
207
209
208
208
210
212
212
214
214
217
217
221
224
226
228
229
231
233
234
235
235
235
237
237
239
240
240
242
246
248
249
250
250
256
256
256
256
257
259
261
262
265
267
268
268
272
275
277
277
278
278
279
282
284
285
286
288
290
291
292
295
298
303
303
305
305
306
307
309
313
314
317
320
321
323
323
326
330
332
337
339
341
342
342
344
345
346
348
349
350
352
354
356
358
361
362
364
366
367
367
371
372
374
374
375
379
380
381
384
385
386
386
387
389
391
391
392
393
393
393
397
397
397
398
399
399
400
403
403
403
403
405
406
408
413
413
415
416
416
416
416
419
420
422
422
422
423
425
426
426
428
429
432
433
434
435
436
436
436
438
438
439
441
444
446
449
449
450
451
454
456
456
456
459
460
460
462
463
465
466
467
467
469
473
475
476
476
476
477
479
479
479
480
481
482
482
484
485
486
488
489
489
489
490
492
493
493
494
495
497
498
498
500
501
502
505
505
506
507
508
508
509
510
511
512
515
518
520
520
520
522
522
522
526
526
528
529
532
534
538
538
539
540
542
542
542
543
543
544
546
547
547
549
552
552
553
553
556
556
560
561
563
563
564
567
567
569
569
570
572
573
576
576
581
581
584
586
588
591
592
593
596
598
603
604
608
609
610
613
615
617
619
622
624
625
625
627
627
631
633
635
636
640
640
642
646
647
649
653
656
656
658
660
663
663
664
664
664
665
667
669
670
671
670
672
674
674
674
675
675
677
678
678
680
682
682
686
689
690
690
690
692
692
692
695
696
697
698
699
699
699
700
704
704
706
707
711
714
715
717
717
718
718
721
723
727
728
729
730
731
732
736
738
740
744
747
748
749
753
754
754
755
757
761
765
768
769
770
772
775
775
775
776
779
780
781
782
787
789
796
796
797
799
802
803
807
808
809
811
812
817
819
822
823
825
827
828
829
831
830
830
832
832
834
836
836
837
839
841
841
844
849
850
851
853
856
856
856
861
864
868
873
876
877
877
