0
0
0
0
0
0
0
0
0
0
0
0
0
0
0
0
0
0
0
1
1
1
1
1
1
1
1
1
1
1
1
1
1
1
1
2
2
5
6
7
7
7
8
8
9
11
12
13
13
13
13
13
13
14
15
16
17
18
18
19
19
19
22
23
24
24
24
25
25
28
29
30
31
33
33
35
37
39
40
43
47
50
53
54
60
62
66
67
70
71
73
74
79
81
83
87
90
93
95
96
101
104
108
109
112
114
115
118
122
122
124
127
127
128
129
132
133
139
141
143
145
145
147
147
149
153
155
156
159
162
163
165
169
169
171
171
171
173
175
177
178
179
182
183
186
188
188
190
191
196
199
200
202
205
206
208
213
215
217
220
226
228
231
235
236
239
242
245
247
250
251
254
254
257
260
261
267
269
272
274
276
279
282
283
288
290
292
296
298
303
304
308
309
310
312
315
317
320
321
324
328
328
329
331
334
336
336
338
341
341
342
343
346
348
354
354
355
357
359
362
364
366
367
368
371
372
375
376
377
379
379
381
381
385
389
389
389
391
393
394
394
393
395
398
401
402
403
403
404
404
407
407
410
413
414
415
417
417
418
419
419
421
422
423
425
427
429
431
434
435
436
438
441
443
442
444
449
449
449
450
451
452
452
452
452
452
454
456
460
461
464
466
466
467
467
469
472
474
476
477
479
482
485
487
487
492
494
495
495
496
498
499
501
503
503
505
508
509
511
511
511
510
511
512
514
515
516
519
522
524
526
526
527
528
529
531
531
532
533
535
537
541
541
543
543
544
544
545
545
546
549
550
553
555
557
558
559
560
561
563
565
566
566
566
568
568
571
572
576
576
577
580
582
584
586
588
588
589
590
593
594
596
598
598
603
604
605
606
609
614
614
617
620
621
622
625
627
628
629
630
633
635
635
635
637
636
637
639
640
642
644
647
648
649
650
652
652
655
656
660
662
664
665
665
665
668
667
670
673
675
677
678
680
680
681
683
684
687
689
691
692
691
693
694
696
698
701
702
703
704
704
707
710
714
714
718
721
724
726
730
732
733
737
741
745
746
748
748
750
748
751
753
756
759
758
761
761
763
766
767
769
768
768
772
774
776
777
778
779
781
781
782
786
787
788
791
791
791
791
792
796
799
799
803
805
807
812
815
819
819
821
822
824
825
828
829
832
833
835
841
844
847
849
850
851
853
856
856
857
861
866
869
870
875
877
879
879
881
882
883
885
888
888
890
893
895
897
897
899
903
904
906
910
913
918
923
924
927
930
935
938
941
945
947
949
952
958
965
968
969
973
978
982
983
985
988
993
993
995
998
999
1001
1004
1005
1006
1006
1010
1010
1014
1017
1018
1021
1024
1027
1029
1032
1037
1038
1038
1039
1040
