0
10
42
91
126
153
183
203
243
260
233
284
315
313
278
279
285
292
292
307
284
273
278
279
281
254
227
254
246
279
265
266
263
237
234
203
190
184
168
178
175
163
163
139
128
127
136
131
139
115
102
89
94
78
83
80
69
75
77
71
79
66
57
55
45
39
49
48
50
42
38
31
33
29
26
31
25
29
25
23
21
14
18
12
15
14
12
13
19
25
12
7
11
7
7
11
9
11
11
7
10
13
16
8
11
10
5
10
8
9
9
9
15
22
19
13
10
8
11
10
9
8
17
13
11
11
11
9
14
14
16
12
9
13
10
12
11
6
12
9
5
7
10
17
9
11
12
10
16
13
11
11
9
9
11
15
11
16
15
17
20
15
11
14
13
9
7
9
9
8
8
8
8
13
10
12
6
3
6
6
8
6
10
6
9
11
10
8
8
6
6
4
11
8
6
8
8
7
9
9
5
6
8
6
4
4
4
2
5
6
10
6
6
6
6
4
5
3
4
7
8
9
3
5
6
5
5
4
4
3
8
8
9
10
14
10
7
7
4
3
4
9
9
8
8
8
10
9
11
14
14
13
13
12
5
6
8
8
13
10
10
7
6
8
7
5
9
7
5
6
6
5
9
8
5
9
14
16
14
7
4
5
11
6
9
12
10
11
11
12
11
4
8
5
10
8
12
6
4
5
7
6
2
5
6
4
3
5
7
5
3
3
6
9
5
6
1
2
4
4
4
6
3
4
3
2
1
4
6
5
6
2
2
6
3
7
8
6
8
7
4
5
5
4
4
3
8
9
11
9
7
10
6
7
6
5
6
9
6
6
6
5
5
6
7
5
4
3
4
3
7
7
5
5
6
6
4
3
2
2
2
4
6
5
2
3
7
13
11
10
10
4
4
5
10
9
6
9
3
5
3
3
4
1
1
3
6
2
3
5
4
6
5
8
7
5
7
7
4
5
5
6
4
8
8
8
6
5
5
4
5
5
5
5
2
2
4
7
7
4
2
3
1
5
8
2
0
1
4
3
2
3
2
2
6
5
4
1
2
5
6
4
3
6
3
6
4
3
3
5
6
6
5
3
5
4
3
6
4
5
7
7
8
4
1
3
3
4
2
4
3
2
2
2
2
2
1
2
3
3
3
4
2
3
2
4
1
3
1
1
1
3
3
3
0
1
1
4
3
3
5
2
2
3
5
4
3
4
6
4
4
5
4
2
5
6
7
8
5
9
9
6
7
4
4
3
2
3
4
3
5
1
5
2
1
0
5
3
1
3
3
1
0
3
4
7
4
2
3
4
4
7
3
2
1
2
6
5
7
5
4
2
4
4
2
1
4
3
2
3
2
4
3
4
3
1
4
6
6
5
5
