0
17
46
93
120
171
206
237
289
284
280
276
274
288
291
302
312
333
305
313
306
317
285
287
266
253
298
279
279
265
247
260
230
205
202
194
183
171
183
169
152
153
168
157
136
137
126
127
118
111
112
109
107
101
103
93
96
79
69
69
63
72
65
54
58
57
43
44
38
44
44
44
40
33
29
25
28
19
19
18
24
24
24
19
16
16
11
11
7
10
10
12
12
15
14
13
10
10
13
8
11
13
9
17
13
17
13
16
8
8
13
12
10
15
13
10
12
17
20
13
18
15
14
12
15
17
18
19
19
14
13
11
10
10
14
15
14
14
14
20
13
16
13
13
18
16
16
18
15
12
17
17
16
14
18
9
18
20
21
19
13
17
15
12
14
17
18
12
12
14
11
9
12
10
14
10
11
8
11
9
11
8
8
11
13
13
8
10
12
6
4
4
7
3
2
1
7
9
6
11
10
8
13
9
7
11
6
9
6
6
8
8
8
7
11
9
7
8
10
12
9
10
10
6
6
7
4
9
8
4
4
9
11
7
8
7
8
9
9
8
10
9
11
7
7
6
8
8
10
10
6
6
5
6
8
7
9
7
6
7
10
5
10
6
8
5
4
7
6
8
9
7
5
3
7
6
4
8
12
8
9
6
3
7
12
8
9
11
8
5
5
5
2
4
5
8
5
8
11
5
10
10
6
6
4
7
11
10
3
5
7
5
7
6
10
5
5
8
10
12
7
5
6
2
5
7
3
7
6
6
8
7
10
6
9
11
4
7
3
3
9
5
7
7
7
6
5
4
6
12
12
5
6
5
4
7
8
10
4
2
1
2
5
7
8
10
9
9
8
6
8
7
8
5
3
4
4
10
10
8
9
9
9
7
4
5
3
5
5
5
8
9
2
4
7
10
5
6
6
12
9
10
9
8
8
5
6
5
6
4
5
5
7
8
7
6
10
3
8
4
6
5
3
3
3
4
4
8
8
7
4
2
7
9
8
10
8
11
7
14
12
5
6
6
7
8
7
5
8
11
11
6
6
7
12
9
11
10
10
7
8
11
6
5
9
5
3
5
8
7
10
9
5
7
8
8
5
8
5
7
9
7
9
8
5
1
2
4
4
7
5
4
4
6
4
4
2
5
6
5
5
5
9
7
4
3
4
3
4
7
4
6
7
6
4
6
4
6
4
8
5
2
4
3
0
1
4
4
10
8
5
3
4
2
0
2
5
7
6
7
9
7
7
11
6
6
6
6
7
8
9
4
4
7
6
5
4
3
2
3
3
4
5
6
4
6
3
5
8
9
10
10
5
6
5
4
6
5
6
6
7
4
5
8
8
8
6
3
4
5
6
8
7
5
6
7
5
3
5
4
7
