0
11
61
90
126
155
171
195
247
236
258
269
301
297
263
297
305
294
287
300
305
282
313
303
292
249
246
241
240
235
262
236
243
224
226
196
182
172
176
170
163
151
135
142
136
136
124
121
124
108
101
101
99
76
82
72
79
72
65
61
64
65
60
67
52
42
52
50
49
44
39
41
46
45
46
44
34
36
38
33
29
20
30
26
28
26
20
21
16
19
24
23
27
27
23
19
17
12
14
18
15
22
18
17
17
20
16
20
25
18
19
19
16
16
18
24
23
19
21
17
14
14
12
14
16
21
15
11
15
17
11
7
14
15
13
10
12
14
16
17
13
8
8
9
11
14
11
11
13
10
13
11
7
11
12
11
10
5
8
10
8
7
9
10
7
4
5
11
12
13
8
10
5
7
7
12
11
7
9
6
6
5
5
10
8
9
12
10
11
6
5
6
7
12
6
2
4
6
6
6
4
4
4
4
4
6
8
7
7
7
4
7
5
6
1
2
5
9
7
6
6
8
8
13
9
6
3
5
7
9
5
7
8
8
13
10
10
6
5
7
9
7
6
7
8
6
6
11
9
12
13
19
13
13
13
11
8
5
3
5
6
7
8
10
11
7
9
10
7
9
7
4
6
3
6
6
7
5
6
8
5
3
4
3
4
7
6
3
8
7
7
10
5
6
6
4
4
4
5
7
6
6
6
6
8
4
6
4
3
3
6
8
11
8
5
5
4
5
10
9
7
6
6
8
4
5
5
5
5
6
3
2
9
7
5
4
6
5
4
5
4
2
5
5
3
2
5
4
5
5
6
3
6
7
4
1
1
4
13
8
5
5
4
6
5
3
4
5
8
10
6
9
7
7
6
6
7
12
9
7
7
5
6
6
6
7
5
7
4
6
5
7
3
7
11
13
12
9
5
6
5
6
8
11
9
9
5
9
5
5
4
3
3
5
7
2
5
7
6
9
9
7
2
5
5
5
8
7
5
9
14
8
8
13
13
8
8
8
7
3
6
4
5
3
5
6
5
4
3
2
6
4
7
7
8
8
7
7
4
6
7
11
10
9
6
4
5
7
9
11
7
4
2
2
3
4
4
8
9
6
7
7
6
12
12
5
4
7
7
5
1
2
3
2
5
9
7
5
5
3
5
6
9
5
10
3
11
11
8
10
8
6
3
6
7
8
7
4
2
5
3
3
4
10
8
9
7
3
5
3
8
7
8
8
9
7
7
4
9
7
7
8
5
11
8
4
7
4
4
4
3
5
5
3
10
8
6
4
4
6
10
8
14
9
6
6
2
4
8
7
6
3
6
7
5
6
8
5
3
5
7
10
4
3
5
10
11
6
1
3
5
5
4
9
10
7
7
5
5
4
8
