0
4
31
77
147
229
297
399
501
618
745
861
981
1097
1223
1306
1430
1516
1628
1733
1813
1931
2007
2119
2181
2262
2337
2370
2433
2475
2509
2577
2632
2661
2682
2726
2774
2791
2827
2815
2807
2849
2864
2883
2917
2913
2958
2956
2949
2946
2954
2960
2980
2983
2998
3000
3002
2995
3005
2979
2964
2982
2965
2965
2951
2954
2917
2892
2860
2842
2829
2814
2780
2751
2726
2707
2679
2633
2602
2564
2546
2510
2504
2452
2430
2379
2318
2305
2258
2226
2185
2161
2135
2103
2091
2064
2047
2029
2010
2005
1966
1932
1902
1873
1837
1829
1777
1747
1720
1672
1628
1598
1574
1535
1503
1463
1424
1394
1368
1335
1304
1260
1228
1187
1167
1130
1065
1028
978
926
882
838
812
776
743
708
679
648
615
591
566
542
521
496
485
459
438
415
392
383
361
349
338
327
313
291
283
263
250
236
219
210
200
188
181
174
170
160
154
149
140
137
130
126
121
119
116
109
102
99
89
84
82
80
78
76
74
71
69
64
62
59
57
52
50
45
43
40
38
36
34
31
28
26
26
25
25
24
23
19
18
17
15
15
15
15
13
12
12
10
10
9
8
8
7
7
7
6
6
6
6
6
6
6
6
6
6
6
5
5
4
4
4
4
4
3
2
2
2
2
2
2
2
2
1
1
1
1
1
1
1
1
0
0
0
0
0
0
0
0
0
0
0
0
0
0
0
0
0
0
0
0
0
0
0
0
0
0
0
0
0
0
0
0
0
0
0
0
0
0
0
0
0
0
0
0
0
0
0
0
0
0
0
0
0
0
0
0
0
0
0
0
0
0
0
0
0
0
0
0
0
0
0
0
0
0
0
0
0
0
0
0
0
0
0
0
0
0
0
0
0
0
0
0
0
0
0
0
0
0
0
0
0
0
0
0
0
0
0
0
0
0
0
0
0
0
0
0
0
0
0
0
0
0
0
0
0
0
0
0
0
0
0
0
0
0
0
0
0
0
0
0
0
0
0
0
0
0
0
0
0
0
0
0
0
0
0
0
0
0
0
0
0
0
0
0
0
0
0
0
0
0
0
0
0
0
0
0
0
0
0
0
0
0
0
0
0
0
0
0
0
0
0
0
0
0
0
0
0
0
0
0
0
0
0
0
0
0
0
0
0
0
0
0
0
0
0
0
0
0
0
0
0
0
0
0
0
0
0
0
0
0
0
0
0
0
0
0
0
0
0
0
0
0
0
0
0
0
0
0
0
0
0
0
0
0
0
0
0
0
0
0
0
0
0
0
0
0
0
0
0
0
0
0
0
0
0
0
0
0
0
0
0
0
0
0
0
0
0
0
0
0
0
0
0
0
0
0
0
0
0
0
0
0
0
0
0
0
0
0
0
0
0
0
0
0
0
0
0
0
0
0
0
0
0
0
0
0
0
0
0
0
0
0
0
0
0
0
0
0
0
