0
6
42
88
152
237
341
419
542
668
767
871
966
1090
1215
1318
1396
1493
1593
1683
1780
1832
1947
2006
2061
2103
2197
2236
2301
2356
2410
2467
2488
2515
2561
2562
2571
2629
2637
2679
2694
2711
2718
2718
2718
2754
2793
2792
2812
2806
2801
2803
2801
2789
2759
2779
2760
2756
2743
2730
2729
2718
2717
2704
2680
2685
2694
2695
2678
2660
2651
2618
2637
2638
2616
2613
2591
2570
2527
2500
2469
2462
2428
2405
2363
2329
2312
2287
2238
2206
2181
2134
2116
2066
2020
1970
1944
1903
1894
1871
1841
1816
1819
1783
1759
1725
1699
1667
1638
1625
1599
1587
1555
1550
1550
1535
1527
1519
1490
1476
1472
1468
1458
1452
1458
1457
1462
1468
1468
1461
1451
1447
1454
1476
1497
1490
1475
1488
1493
1490
1469
1476
1471
1453
1441
1440
1427
1431
1442
1430
1412
1405
1396
1399
1402
1402
1389
1386
1373
1388
1384
1351
1364
1337
1333
1329
1324
1309
1304
1292
1286
1304
1285
1277
1287
1268
1283
1268
1258
1238
1218
1194
1189
1182
1174
1163
1165
1161
1141
1123
1106
1094
1101
1090
1075
1079
1072
1065
1048
1060
1044
1031
1021
1014
1011
1005
996
997
989
987
982
991
991
984
963
960
959
948
945
951
945
938
933
921
910
897
905
899
912
908
899
911
903
899
905
884
897
889
900
927
911
893
879
876
868
868
864
851
866
856
858
863
849
843
853
865
874
875
864
875
881
874
875
861
856
859
856
843
862
861
876
874
878
877
876
871
882
892
888
901
913
915
913
916
904
900
876
881
872
865
860
842
817
807
802
787
778
789
776
768
780
774
764
748
739
734
721
696
695
682
664
656
647
645
640
633
620
622
620
609
611
613
611
618
614
625
633
634
624
624
637
636
618
615
598
607
593
597
611
616
633
632
625
625
614
616
620
627
623
617
608
603
603
604
596
599
587
572
559
548
536
535
525
522
513
506
507
509
507
507
510
515
506
498
507
516
508
515
522
524
524
533
550
558
562
555
563
569
588
592
603
617
608
617
623
626
628
641
645
651
665
674
697
703
705
709
715
722
715
694
692
686
674
658
655
642
626
605
583
560
554
538
518
502
482
463
435
422
403
393
369
357
348
333
313
300
291
286
272
257
247
235
218
199
195
181
173
168
160
156
152
147
144
138
136
130
126
122
114
111
105
96
94
92
85
78
72
68
65
63
60
57
53
53
48
44
42
39
37
36
34
31
31
29
27
25
24
24
24
24
23
21
21
21
20
19
19
19
19
18
18
18
18
18
18
16
13
12
12
11
9
9
9
9
8
8
8
8
5
5
4
4
4
4
4
4
4
4
3
3
3
3
3
3
3
3
3
2
2
2
2
1
1
1
1
1
1
1
1
1
1
1
1
1
1
1
1
1
1
1
1
1
1
1
1
1
1
1
1
1
1
1
1
1
0
0
0
0
0
0
0
0
0
0
0
0
0
0
0
0
0
0
0
0
0
0
0
0
0
0
0
