0
3
24
74
139
232
320
417
509
641
766
886
978
1092
1188
1306
1402
1487
1588
1681
1737
1823
1924
2009
2067
2138
2222
2273
2327
2373
2420
2488
2506
2538
2577
2611
2625
2651
2699
2744
2780
2804
2828
2868
2871
2878
2878
2904
2918
2910
2920
2915
2912
2896
2903
2909
2875
2887
2879
2839
2825
2831
2809
2812
2790
2778
2772
2752
2731
2720
2726
2707
2710
2692
2694
2676
2620
2622
2615
2595
2554
2540
2513
2467
2427
2389
2346
2332
2296
2273
2233
2190
2171
2130
2091
2073
2034
1986
1961
1945
1908
1876
1837
1814
1783
1760
1719
1696
1677
1674
1665
1639
1618
1608
1593
1580
1547
1536
1537
1545
1554
1553
1546
1536
1552
1540
1538
1552
1536
1547
1552
1579
1561
1552
1555
1559
1557
1554
1554
1563
1580
1577
1577
1564
1558
1557
1577
1581
1571
1559
1560
1592
1582
1578
1577
1591
1589
1561
1545
1561
1547
1526
1505
1485
1453
1459
1457
1466
1471
1458
1435
1425
1401
1410
1396
1396
1395
1405
1416
1405
1412
1384
1387
1378
1363
1344
1320
1322
1299
1316
1292
1282
1254
1242
1237
1244
1227
1216
1228
1217
1195
1186
1178
1163
1152
1136
1135
1107
1091
1082
1071
1062
1057
1049
1051
1038
1022
1027
1018
998
992
974
954
952
951
945
943
959
953
965
965
966
966
957
955
946
948
947
932
921
912
894
903
882
868
873
872
878
884
869
866
855
850
849
848
869
879
872
862
863
843
836
832
849
829
839
835
830
839
839
840
823
824
825
828
828
841
847
838
821
812
806
806
812
818
815
798
806
799
801
784
786
772
769
783
781
780
776
785
781
786
790
796
787
785
796
793
777
772
771
772
779
786
793
798
829
845
839
840
839
834
840
854
866
871
865
872
862
855
839
831
839
838
844
845
859
862
850
846
833
832
834
835
846
856
858
859
851
845
848
842
835
827
811
812
804
807
808
801
803
801
784
772
772
760
770
779
776
764
761
766
765
751
744
741
737
738
740
752
755
749
754
757
740
751
754
756
759
750
748
746
743
742
741
730
710
700
702
695
692
673
673
665
666
670
670
678
681
673
670
672
678
673
670
669
659
658
667
663
654
653
643
647
651
646
629
634
633
634
626
630
628
644
648
658
649
649
649
655
651
642
655
640
633
629
629
630
636
634
628
633
636
640
641
644
636
639
647
640
634
642
654
662
666
659
680
675
675
670
671
671
674
662
661
658
665
659
659
657
645
667
666
653
651
655
662
668
664
660
645
647
633
612
603
593
593
594
596
588
581
577
572
574
589
587
576
584
574
570
573
576
570
579
573
562
580
579
584
578
584
580
577
575
577
569
578
577
582
584
571
560
571
563
568
574
571
559
561
569
579
597
597
609
612
619
614
624
629
622
622
631
620
613
611
621
619
623
625
635
634
623
621
622
619
622
610
599
588
592
590
581
570
564
551
552
537
530
546
539
524
517
508
512
505
502
498
492
472
470
470
456
458
454
451
449
459
452
443
443
439
443
