0
2
25
67
143
211
315
436
536
673
785
884
980
1102
1181
1317
1409
1513
1628
1717
1833
1871
1947
2040
2118
2167
2249
2284
2316
2381
2465
2481
2521
2570
2626
2689
2737
2751
2775
2804
2860
2903
2881
2880
2892
2910
2911
2907
2897
2881
2897
2917
2919
2915
2923
2906
2899
2899
2893
2882
2884
2895
2886
2894
2865
2869
2865
2849
2840
2833
2817
2792
2807
2779
2743
2725
2689
2678
2675
2681
2646
2601
2604
2563
2537
2500
2492
2487
2469
2430
2411
2395
2395
2349
2321
2281
2260
2225
2204
2184
2181
2149
2127
2119
2072
2065
2045
2037
2007
1990
1969
1964
1961
1929
1907
1892
1875
1848
1818
1790
1776
1796
1764
1747
1720
1729
1701
1696
1709
1694
1682
1658
1651
1637
1640
1624
1616
1583
1555
1534
1532
1520
1499
1499
1495
1474
1455
1455
1458
1441
1434
1424
1414
1404
1411
1407
1403
1397
1402
1404
1375
1378
1359
1355
1347
1333
1300
1294
1283
1278
1250
1251
1252
1238
1231
1224
1229
1222
1209
1201
1194
1185
1173
1173
1157
1142
1139
1127
1108
1112
1091
1070
1053
1050
1026
1018
1019
1003
999
992
989
962
940
930
920
918
900
891
891
866
840
838
835
830
827
832
817
812
805
795
796
785
772
753
756
749
734
727
734
731
728
717
708
705
709
696
707
710
714
714
711
733
742
738
743
734
736
733
725
722
714
696
688
692
700
684
683
673
678
688
690
680
670
682
673
670
657
653
648
655
644
640
627
616
598
601
608
613
605
590
586
597
589
596
584
586
579
576
581
597
596
607
604
615
619
616
610
610
604
612
599
588
599
595
591
595
581
591
589
590
597
589
599
598
601
605
603
597
605
608
606
610
617
624
631
619
626
640
631
632
639
642
624
629
606
597
589
585
588
580
577
583
588
590
588
599
595
593
598
593
597
577
586
570
571
563
562
570
570
575
573
574
585
573
587
587
573
569
584
572
568
568
567
576
580
563
567
570
551
554
552
558
555
555
555
557
554
554
564
557
553
559
551
551
547
548
547
555
565
562
566
573
578
571
577
587
598
615
615
617
625
631
638
633
635
628
624
627
631
649
641
643
639
638
635
631
626
631
638
639
626
628
629
626
630
630
621
628
624
616
619
614
612
617
599
595
596
607
609
598
596
590
596
601
603
606
591
588
586
586
578
584
595
586
574
557
556
577
587
587
587
585
596
596
605
590
575
582
573
581
595
578
582
584
585
588
599
621
619
616
613
622
606
597
604
607
608
610
612
605
606
593
604
599
602
601
606
613
607
614
635
646
641
626
626
637
635
633
632
640
656
661
650
653
643
656
655
648
640
644
650
639
630
639
628
640
634
631
635
623
639
625
627
617
628
617
618
624
619
630
636
629
635
633
638
638
638
633
639
634
627
625
629
636
640
659
650
652
656
669
684
686
680
675
682
691
677
665
669
648
639
646
642
639
645
655
653
645
632
626
616
614
623
625
637
636
636
625
637
636
628
