0
6
31
84
162
250
333
444
531
645
764
886
1014
1121
1212
1335
1440
1538
1649
1745
1813
1900
1942
2016
2117
2214
2273
2354
2427
2473
2522
2552
2589
2633
2703
2738
2787
2817
2809
2823
2880
2887
2904
2934
2956
3000
2990
2979
2988
2972
2998
2982
2988
3001
2991
3002
2978
2970
2953
2928
2952
2917
2903
2895
2881
2855
2838
2831
2807
2785
2755
2747
2711
2679
2655
2633
2632
2609
2592
2595
2591
2554
2514
2498
2459
2461
2452
2423
2411
2386
2383
2354
2327
2300
2262
2226
2222
2188
2170
2122
2110
2090
2055
2054
2053
2017
1997
1988
1968
1956
1921
1900
1882
1885
1849
1830
1788
1771
1744
1728
1727
1710
1712
1708
1699
1705
1689
1681
1675
1663
1636
1625
1615
1610
1618
1614
1612
1606
1599
1588
1579
1571
1537
1519
1503
1513
1508
1511
1491
1490
1489
1466
1452
1435
1439
1419
1416
1395
1399
1407
1408
1399
1417
1390
1384
1373
1359
1347
1342
1325
1321
1301
1282
1261
1241
1239
1238
1233
1223
1197
1175
1182
1196
1180
1172
1167
1140
1153
1144
1130
1111
1105
1108
1098
1095
1083
1085
1092
1100
1086
1084
1090
1077
1058
1048
1043
1045
1034
1020
1034
1032
1024
1016
1004
996
981
993
987
980
964
960
946
941
940
934
926
927
932
926
931
911
890
880
886
881
891
899
902
903
906
901
904
891
874
868
879
871
871
858
842
844
849
824
808
802
806
808
814
800
784
781
782
778
765
756
755
749
740
736
733
748
745
751
767
751
762
747
743
738
730
733
737
731
727
742
718
716
720
722
722
720
715
710
708
707
715
727
722
709
707
699
698
691
686
683
688
683
684
681
687
694
687
684
685
681
670
666
649
657
652
650
649
645
634
639
630
623
608
611
610
624
629
619
610
598
614
613
601
599
599
582
577
580
578
573
566
576
581
583
594
599
591
592
589
602
605
607
596
588
592
600
600
596
603
588
587
586
589
586
599
599
587
588
588
594
606
617
615
618
617
609
600
593
586
584
601
604
617
613
622
618
616
610
611
621
630
632
636
635
650
635
629
629
636
646
651
650
645
650
647
636
620
631
629
623
618
627
617
600
600
612
620
612
607
611
607
616
611
615
610
622
630
637
626
621
616
636
644
641
648
653
648
643
641
639
631
624
617
620
618
617
607
609
601
600
602
607
613
616
607
612
606
619
614
613
607
600
602
591
605
620
613
616
626
621
620
626
623
621
625
624
619
611
603
601
603
607
608
596
605
609
619
625
616
618
611
612
609
600
591
586
589
583
585
560
560
569
568
576
567
580
588
586
602
597
598
603
612
606
605
606
618
621
618
620
621
614
610
617
606
605
615
612
618
623
626
636
644
649
649
654
654
649
646
645
646
638
633
638
636
619
607
612
609
603
599
612
619
617
614
613
604
601
596
587
589
593
596
607
601
591
596
596
602
598
611
616
626
628
620
620
625
630
631
624
613
617
607
621
619
626
619
602
598
586
588
592
588
586
583
580
