0
1
28
64
122
185
288
398
477
586
716
833
948
1041
1163
1258
1391
1508
1581
1673
1741
1839
1938
2019
2091
2132
2198
2260
2329
2385
2465
2544
2592
2637
2677
2719
2761
2791
2802
2831
2849
2860
2895
2928
2961
2965
2991
3010
3001
2987
2962
2954
2962
2982
3007
3028
3021
3003
2964
2937
2958
2965
2959
2954
2959
2949
2939
2936
2919
2884
2883
2884
2880
2847
2789
2785
2759
2690
2663
2632
2612
2601
2573
2539
2519
2500
2472
2461
2437
2409
2379
2347
2305
2284
2269
2230
2195
2189
2155
2124
2091
2082
2051
2019
1989
1939
1918
1899
1865
1849
1837
1817
1803
1823
1805
1802
1765
1757
1745
1737
1716
1696
1689
1669
1642
1620
1612
1605
1612
1602
1580
1580
1571
1576
1563
1550
1553
1535
1512
1486
1476
1458
1462
1453
1460
1438
1432
1435
1434
1420
1391
1404
1393
1377
1380
1356
1352
1341
1344
1341
1339
1332
1329
1355
1362
1367
1367
1362
1351
1324
1317
1285
1277
1272
1268
1264
1254
1243
1223
1207
1199
1193
1187
1195
1200
1192
1194
1183
1170
1165
1145
1138
1149
1142
1120
1101
1096
1087
1069
1065
1051
1048
1045
1038
1045
1035
1035
1044
1046
1038
1051
1029
1009
998
981
981
973
975
939
928
918
914
910
913
898
887
881
880
875
869
858
852
860
858
834
837
840
855
857
871
859
865
856
846
851
850
862
856
841
843
847
845
836
843
846
855
847
833
832
819
806
798
795
793
783
785
782
779
782
785
785
775
751
755
753
760
748
723
721
729
724
728
730
746
756
746
747
739
736
724
726
737
742
735
728
713
707
708
712
704
696
686
697
694
684
690
670
666
663
667
665
665
676
664
670
671
682
691
696
697
696
698
704
702
706
703
709
703
689
688
700
695
698
698
684
696
695
691
689
683
697
696
694
683
678
671
666
660
662
648
643
641
643
633
641
643
634
635
634
641
639
641
633
624
631
630
623
632
616
612
619
610
614
611
604
601
597
596
612
623
621
633
625
620
630
634
633
643
653
668
654
650
654
654
650
647
643
640
643
642
644
641
640
638
633
642
642
632
624
626
623
622
628
627
618
622
629
627
631
644
640
644
633
629
639
645
641
645
655
650
655
659
666
664
658
660
655
662
654
640
640
632
620
611
610
603
594
591
596
599
595
584
592
589
591
595
602
603
596
603
592
585
592
588
585
599
607
604
596
602
599
597
601
593
607
610
603
613
626
625
617
629
640
649
642
647
645
658
653
659
651
645
640
648
643
641
636
636
632
633
623
628
638
630
627
622
624
642
635
631
616
614
610
612
599
606
605
613
610
607
609
607
610
607
604
613
615
623
636
637
633
620
611
607
608
613
614
611
627
626
633
644
630
636
620
609
615
613
618
618
616
610
613
608
620
609
617
613
615
614
615
609
612
605
605
618
612
614
626
611
618
619
620
596
583
577
587
586
582
589
603
612
600
604
595
589
592
595
591
596
598
596
592
590
578
571
581
585
584
590
596
