0
0
0
0
0
0
0
0
0
0
1
1
1
1
2
3
3
3
3
4
4
4
5
5
6
7
7
9
10
10
11
12
12
13
15
16
21
24
27
28
31
35
38
44
53
57
60
60
62
65
69
73
75
82
84
88
92
103
111
119
126
134
147
152
162
176
183
191
199
211
222
237
248
261
276
289
298
315
328
347
357
375
386
405
413
424
437
446
456
471
484
500
514
531
547
562
572
586
603
615
625
634
656
674
694
709
725
738
755
772
783
798
811
825
844
858
873
891
911
929
940
954
970
978
994
1013
1028
1043
1055
1069
1078
1085
1103
1114
1130
1141
1159
1170
1186
1199
1215
1230
1241
1249
1266
1273
1284
1299
1308
1325
1331
1343
1350
1362
1366
1378
1384
1390
1396
1402
1410
1420
1427
1434
1439
1451
1454
1460
1467
1472
1480
1489
1494
1503
1509
1513
1519
1522
1522
1526
1529
1532
1535
1538
1538
1541
1543
1546
1548
1552
1553
1556
1557
1560
1563
1565
1567
1570
1571
1574
1578
1581
1583
1585
1586
1587
1588
1591
1594
1594
1596
1598
1599
1600
1600
1600
1601
1601
1604
1605
1607
1607
1608
1610
1611
1611
1612
1612
1612
1613
1613
1614
1614
1614
1614
1615
1615
1616
1618
1619
1620
1620
1620
1620
1621
1621
1621
1621
1621
1622
1622
1622
1622
1622
1622
1622
1622
1622
1622
1624
1624
1624
1624
1624
1624
1624
1625
1626
1626
1626
1627
1627
1627
1627
1627
1627
1628
1628
1628
1628
1628
1628
1628
1629
1629
1631
1631
1631
1631
1632
1631
1631
1631
1631
1631
1631
1631
1631
1631
1631
1631
1631
1631
1631
1631
1631
1631
1631
1631
1631
1631
1631
1631
1631
1631
1631
1631
1631
1631
1631
1630
1630
1630
1630
1630
1630
1630
1630
1630
1630
1630
1630
1630
1630
1630
1630
1630
1630
1630
1630
1630
1630
1630
1630
1630
1630
1630
1630
1630
1630
1630
1630
1630
1630
1630
1630
1630
1631
1631
1631
1631
1631
1631
1632
1632
1632
1632
1632
1632
1632
1632
1632
1632
1632
1632
1632
1632
1632
1632
1632
1632
1632
1632
1632
1632
1632
1631
1631
1632
1632
1631
1631
1631
1631
1631
1631
1631
1631
1631
1631
1631
1631
1631
1631
1631
1631
1631
1631
1631
1631
1631
1631
1631
1631
1631
1631
1631
1631
1631
1631
1631
1631
1631
1631
1630
1630
1630
1630
1630
1630
1630
1630
1630
1630
1629
1629
1629
1629
1629
1629
1629
1629
1629
1629
1629
1629
1629
1629
1629
1629
1629
1629
1629
1629
1629
1629
1629
1629
1629
1629
1629
1629
1629
1629
1629
1629
1629
1629
1629
1629
1629
1629
1628
1628
1628
1629
1629
1629
1629
1629
1629
1629
1629
1629
1629
1629
1629
1629
1629
1629
1629
1629
1629
1629
1629
1629
1629
1628
1628
1628
1629
1629
1629
1629
1629
1629
1629
1629
1629
1629
1629
1629
1629
1629
1629
1629
1629
1629
1629
1629
1629
1629
1629
1629
1629
1629
1629
1629
1629
1629
1629
1629
1629
1629
1629
1629
1629
1629
1629
1629
1629
1628
1628
1628
1628
1628
1628
1628
1628
1628
1628
1628
1628
1628
1628
1628
1628
1628
1628
1628
1628
1628
1628
1628
1628
1627
1627
1627
1626
1626
1626
1626
1626
1626
1626
1626
1626
1626
1626
1626
1626
1626
1626
1626
1626
1626
1626
1626
1626
1626
1626
1626
1626
1625
1625
1625
1625
1625
1625
1624
1624
