0
0
0
0
0
0
0
0
0
0
0
0
0
1
1
2
2
3
3
3
3
3
3
4
6
6
9
9
10
12
15
15
16
18
19
20
24
27
28
29
31
36
36
39
41
44
46
51
53
56
60
61
65
73
76
84
91
95
98
105
111
117
122
131
140
149
163
172
182
193
201
208
224
234
244
262
273
285
304
321
332
349
370
387
399
416
432
456
477
495
514
540
550
561
570
589
606
628
649
666
681
698
713
731
754
769
782
791
807
821
835
850
863
877
883
893
907
926
933
940
949
958
968
987
994
1005
1015
1024
1034
1044
1050
1057
1069
1078
1091
1106
1121
1132
1141
1152
1158
1169
1179
1191
1199
1211
1218
1226
1237
1251
1256
1261
1278
1288
1296
1306
1317
1326
1334
1345
1355
1362
1373
1389
1406
1411
1427
1435
1453
1462
1469
1482
1496
1500
1514
1524
1536
1544
1551
1559
1565
1579
1589
1600
1608
1616
1629
1643
1646
1661
1670
1677
1687
1695
1708
1719
1728
1734
1745
1760
1770
1781
1787
1797
1804
1814
1824
1829
1834
1844
1850
1857
1875
1884
1894
1908
1921
1928
1939
1950
1959
1969
1979
1986
1998
2005
2009
2019
2028
2035
2044
2052
2062
2068
2075
2079
2089
2095
2108
2117
2128
2134
2143
2154
2166
2175
2180
2184
2194
2200
2208
2214
2225
2237
2239
2246
2254
2258
2267
2280
2286
2294
2302
2311
2322
2330
2333
2340
2356
2365
2373
2380
2389
2398
2411
2416
2426
2436
2442
2453
2459
2465
2469
2483
2494
2504
2511
2514
2525
2531
2538
2544
2553
2561
2570
2575
2578
2587
2596
2604
2611
2627
2635
2643
2654
2665
2672
2679
2689
2699
2702
2704
2716
2723
2735
2745
2759
2761
2773
2784
2795
2797
2806
2813
2825
2838
2848
2858
2871
2884
2899
2903
2908
2921
2927
2935
2945
2951
2960
2970
2979
2988
3000
3008
3018
3029
3039
3051
3054
3064
3071
3089
3103
3112
3118
3130
3135
3139
3147
3152
3161
3174
3181
3191
3203
3221
3233
3238
3250
3261
3273
3282
3294
3307
3314
3324
3332
3346
3355
3369
3384
3396
3407
3417
3428
3438
3450
3466
3478
3487
3496
3509
3519
3534
3554
3568
3577
3590
3602
3612
3629
3637
3653
3663
3679
3692
3702
3710
3727
3742
3755
3770
3780
3790
3804
3827
3839
3847
3860
3869
3880
3896
3908
3918
3930
3939
3958
3970
3984
3997
4009
4023
4037
4046
4059
4069
4084
4097
4113
4118
4129
4136
4145
4153
4159
4169
4180
4193
4206
4230
4241
4256
4262
4278
4288
4301
4307
4318
4324
4340
4352
4360
4374
4384
4394
4400
4419
4432
4447
4457
4466
4477
4484
4496
4505
4520
4530
4543
4554
4566
4582
4594
4604
4617
4631
4649
4661
4671
4676
4690
4695
4707
4721
4723
4733
4740
4751
4765
4777
4784
4797
4811
4826
4837
4849
4861
4874
4885
4892
4905
4912
4923
4933
4938
4953
4963
4968
4977
4988
4994
5001
5011
5023
5025
5043
5054
5065
5081
5100
5106
5118
5127
5134
5143
5154
5163
5177
5188
5199
5207
5215
5228
5238
5247
5259
5272
5282
5294
5301
5312
5322
5335
5349
5363
5376
5387
5400
5412
5423
5429
5444
5452
5464
5481
5502
5516
5527
5542
5553
5561
5571
5581
5588
5599
5610
5627
5638
5647
5652
5665
5681
5688
5694
5708
5716
5726
5735
5744
5748
5758
5770
5777
5789
5800
5811
5821
5828
5838
5853
5862
5872
