0
0
0
0
0
0
0
0
0
0
0
0
0
0
0
0
0
1
1
2
3
3
4
4
4
4
5
5
7
7
10
13
15
16
20
22
23
23
26
29
32
34
36
37
38
41
43
45
51
54
56
60
63
71
74
76
81
84
89
96
105
116
122
131
138
145
151
160
169
179
189
199
210
218
229
236
241
257
267
275
291
301
316
325
338
353
372
382
393
414
429
441
450
459
477
489
499
513
526
537
551
560
571
583
598
607
616
626
637
651
660
674
691
700
715
726
737
750
766
770
781
800
813
826
838
849
859
879
895
905
915
926
934
941
951
955
972
980
988
1000
1013
1025
1036
1043
1049
1063
1077
1086
1097
1105
1119
1127
1141
1156
1162
1170
1184
1200
1208
1222
1230
1250
1256
1264
1272
1277
1286
1300
1308
1318
1326
1339
1346
1354
1359
1364
1369
1377
1387
1396
1404
1420
1425
1431
1441
1449
1454
1461
1477
1488
1501
1509
1515
1533
1542
1551
1565
1573
1583
1593
1603
1614
1623
1628
1641
1655
1668
1677
1686
1694
1701
1714
1719
1726
1732
1741
1753
1763
1770
1784
1795
1803
1809
1820
1829
1835
1847
1855
1860
1866
1872
1883
1892
1900
1906
1912
1922
1929
1938
1945
1953
1964
1968
1975
1983
1994
1998
2004
2011
2017
2020
2026
2036
2044
2051
2057
2066
2075
2085
2093
2098
2106
2115
2123
2131
2134
2145
2149
2155
2162
2170
2183
2190
2198
2205
2213
2225
2234
2238
2244
2253
2259
2272
2278
2291
2298
2306
2311
2317
2327
2336
2342
2344
2354
2360
2366
2370
2380
2384
2394
2403
2412
2419
2430
2436
2441
2444
2452
2459
2467
2478
2487
2494
2502
2503
2509
2519
2529
2538
2543
2549
2555
2562
2571
2577
2590
2601
2609
2615
2624
2627
2630
2633
2638
2648
2654
2661
2668
2676
2685
2689
2696
2702
2706
2715
2718
2721
2727
2734
2742
2750
2758
2771
2778
2784
2790
2800
2809
2815
2819
2824
2831
2841
2847
2852
2857
2860
2866
2876
2883
2888
2895
2897
2899
2906
2912
2919
2927
2934
2943
2950
2956
2962
2970
2979
2983
2988
2995
3004
3012
3015
3024
3040
3047
3057
3069
3073
3081
3093
3102
3109
3118
3123
3137
3146
3157
3167
3175
3183
3197
3208
3215
3228
3237
3250
3260
3270
3280
3289
3297
3313
3318
3331
3338
3348
3356
3364
3372
3376
3390
3399
3404
3411
3422
3428
3436
3440
3445
3453
3465
3478
3486
3496
3506
3515
3523
3531
3545
3554
3559
3573
3580
3589
3600
3609
3618
3626
3634
3644
3653
3665
3678
3686
3695
3700
3709
3721
3729
3737
3747
3759
3776
3787
3793
3802
3821
3836
3846
3855
3868
3876
3887
3897
3909
3927
3939
3952
3970
3983
3998
4016
4026
4037
4053
4062
4072
4087
4103
4114
4130
4139
4154
4168
4171
4180
4197
4208
4221
4236
4253
4268
4285
4296
4311
4320
4336
4342
4349
4359
4369
4380
4395
4409
4421
4431
4441
4449
4459
4471
4479
4491
4503
4509
4520
4529
4543
4557
4575
4585
4597
4604
4616
4627
4638
4644
4661
4675
4686
4694
4706
4723
4732
4742
4755
4770
4779
4785
4796
4807
4815
4833
4850
4867
4888
4901
4915
4928
4936
4953
4966
4972
4983
4990
5003
5012
5023
5031
5047
5058
5073
5087
5098
5108
5123
5134
5150
5160
5169
5174
5193
5217
5228
5246
5254
5262
5275
5289
5294
5311
5318
5327
