0
0
0
0
0
0
0
0
0
0
0
0
0
0
0
0
2
2
2
2
3
4
5
6
7
8
8
8
9
10
11
11
11
12
14
15
16
18
18
23
26
28
33
35
38
40
45
47
51
52
57
62
65
70
79
79
84
91
96
101
107
114
120
125
130
139
149
155
170
185
193
205
211
224
237
243
256
269
281
294
309
315
333
344
352
367
381
395
404
417
436
450
462
473
489
500
508
515
527
536
545
554
562
567
579
585
597
605
615
623
631
643
654
666
680
690
696
711
722
735
745
755
770
777
790
802
814
831
841
850
860
872
884
897
912
925
936
948
956
968
974
983
1002
1009
1021
1029
1040
1048
1057
1065
1076
1085
1096
1104
1108
1116
1123
1131
1142
1152
1160
1168
1182
1190
1197
1208
1219
1229
1239
1246
1251
1256
1267
1275
1291
1295
1303
1312
1320
1328
1335
1343
1362
1372
1380
1385
1395
1405
1409
1415
1431
1448
1460
1470
1482
1490
1494
1504
1522
1532
1536
1546
1556
1570
1584
1594
1607
1616
1626
1638
1650
1658
1672
1682
1692
1701
1709
1723
1732
1741
1749
1760
1771
1780
1786
1799
1805
1816
1833
1837
1845
1852
1863
1869
1878
1886
1891
1902
1914
1921
1927
1933
1944
1949
1965
1977
1987
1993
2003
2014
2023
2031
2037
2046
2052
2059
2066
2070
2076
2081
2087
2092
2098
2106
2110
2121
2126
2132
2138
2141
2152
2159
2166
2172
2177
2185
2199
2207
2216
2223
2234
2249
2256
2266
2272
2282
2287
2298
2306
2318
2322
2325
2333
2342
2346
2354
2364
2372
2380
2385
2393
2395
2400
2407
2414
2423
2434
2446
2455
2463
2475
2483
2488
2493
2503
2511
2519
2530
2539
2548
2558
2563
2572
2583
2601
2610
2620
2631
2639
2650
2660
2670
2682
2691
2698
2713
2723
2731
2739
2747
2756
2766
2772
2784
2791
2802
2812
2825
2831
2838
2848
2857
2864
2875
2884
2893
2900
2909
2914
2925
2929
2937
2944
2948
2954
2965
2969
2977
2981
2990
2993
3001
3010
3017
3027
3036
3044
3050
3055
3060
3069
3080
3086
3094
3105
3111
3116
3128
3135
3148
3157
3167
3180
3190
3198
3202
3210
3219
3223
3230
3237
3245
3251
3263
3273
3277
3285
3292
3298
3305
3311
3315
3324
3330
3338
3342
3353
3367
3372
3381
3387
3395
3403
3407
3415
3423
3438
3452
3457
3468
3471
3484
3499
3507
3520
3528
3534
3540
3544
3556
3566
3578
3592
3603
3619
3631
3645
3659
3669
3684
3694
3700
3709
3719
3731
3736
3749
3760
3770
3778
3791
3803
3819
3835
3853
3860
3870
3880
3891
3901
3906
3913
3927
3936
3939
3950
3961
3971
3978
3989
3993
4004
4017
4031
4039
4052
4067
4082
4091
4101
4112
4124
4132
4137
4152
4159
4168
4174
4185
4198
4205
4215
4226
4242
4252
4260
4275
4281
4285
4299
4310
4316
4328
4341
4359
4371
4375
4385
4392
4407
4421
4435
4444
4456
4468
4482
4494
4502
4520
4530
4541
4551
4559
4572
4585
4597
4611
4624
4639
4655
4664
4677
4690
4697
4708
4722
4728
4744
4761
4768
4778
4791
4805
4817
4822
4835
4845
4858
4868
4877
4889
4901
4918
4925
4938
4948
4957
4968
4981
4992
5002
5021
5036
5049
5061
5075
5095
5110
5122
5137
5141
5153
5168
5178
5190
5195
5204
5218
5230
5244
5260
5275
5289
5302
5317
5331
5348
5374
5385
5397
5416
