0
0
0
0
0
0
0
0
1
1
1
1
1
1
1
1
1
1
2
2
2
2
4
5
7
8
10
11
11
13
15
17
18
20
20
22
27
29
32
33
34
35
39
45
51
53
54
57
60
64
66
74
77
85
89
93
97
103
112
120
129
135
143
154
160
170
180
195
203
211
225
236
247
262
272
284
296
307
325
339
353
367
383
400
418
439
459
478
497
522
543
556
581
600
619
649
664
692
718
738
761
780
797
819
839
856
874
899
921
939
961
976
994
1017
1032
1048
1059
1074
1086
1103
1117
1125
1139
1152
1166
1176
1192
1203
1212
1225
1239
1247
1258
1268
1280
1291
1300
1305
1316
1331
1343
1350
1360
1369
1381
1388
1394
1406
1415
1420
1430
1438
1442
1449
1457
1465
1472
1480
1484
1487
1494
1504
1518
1521
1524
1531
1537
1547
1556
1561
1564
1568
1579
1583
1587
1593
1604
1607
1608
1615
1621
1628
1631
1636
1643
1648
1656
1659
1661
1663
1670
1672
1676
1683
1689
1692
1696
1699
1701
1702
1705
1708
1710
1717
1718
1725
1728
1728
1728
1733
1735
1738
1739
1743
1745
1748
1748
1749
1749
1749
1752
1756
1758
1761
1762
1762
1763
1764
1765
1767
1768
1769
1770
1771
1771
1771
1772
1773
1777
1778
1778
1779
1781
1782
1787
1788
1789
1793
1794
1795
1796
1797
1797
1798
1800
1803
1804
1808
1808
1808
1810
1811
1811
1811
1812
1812
1812
1812
1813
1814
1815
1815
1817
1818
1820
1820
1821
1823
1825
1826
1826
1826
1826
1826
1826
1828
1828
1829
1830
1830
1832
1832
1832
1832
1834
1834
1834
1835
1835
1836
1836
1838
1840
1840
1840
1840
1840
1840
1840
1840
1841
1841
1842
1842
1842
1842
1842
1842
1842
1844
1846
1846
1846
1846
1846
1846
1847
1847
1848
1848
1849
1850
1850
1852
1852
1852
1852
1852
1852
1852
1852
1852
1852
1852
1852
1852
1852
1852
1852
1852
1852
1852
1852
1852
1852
1851
1851
1851
1851
1851
1851
1851
1851
1851
1851
1851
1851
1851
1851
1851
1852
1852
1852
1852
1852
1852
1852
1852
1852
1852
1852
1852
1852
1852
1852
1852
1852
1852
1852
1852
1852
1852
1852
1852
1852
1852
1852
1852
1852
1852
1851
1851
1851
1851
1851
1851
1851
1851
1851
1851
1851
1851
1851
1851
1851
1851
1851
1851
1851
1851
1851
1851
1851
1851
1851
1851
1851
1851
1851
1851
1851
1851
1851
1851
1851
1851
1851
1851
1851
1851
1851
1851
1851
1850
1850
1850
1850
1850
1850
1850
1850
1850
1850
1850
1850
1851
1851
1851
1851
1851
1851
1851
1851
1850
1850
1849
1850
1850
1850
1850
1850
1850
1850
1850
1850
1850
1850
1850
1850
1850
1851
1851
1851
1851
1851
1851
1850
1850
1850
1850
1850
1850
1850
1850
1850
1850
1850
1850
1850
1850
1850
1850
1850
1850
1850
1850
1850
1850
1850
1850
1850
1850
1850
1850
1850
1850
1849
1849
1849
1849
1849
1849
1849
1849
1849
1849
1849
1849
1849
1849
1849
1849
1848
1848
1847
1847
1847
1847
1847
1847
1847
1847
1847
1847
1847
1847
1847
1847
1847
1847
1847
1847
1847
1847
1847
1847
1847
1848
1848
1848
1848
1848
1848
1848
1849
1849
1849
1848
1848
1848
1848
1847
1847
1847
1847
1847
1847
1847
1847
1847
1847
1847
1847
1847
1847
1848
1848
1848
1848
1848
1848
1848
1848
1848
1848
1848
1848
1848
1847
1847
1847
