0
66509
190675
287795
366981
431126
484043
527574
563631
592650
616734
636530
652930
666367
676910
684939
692121
697712
702161
706541
709691
711594
713511
715346
716590
717274
717820
717813
717689
716977
716633
716252
716567
715780
714593
713374
712026
710142
707854
706438
704673
702205
700838
698165
695994
693774
692123
689752
687653
684152
681815
678122
675393
671698
668478
664716
660412
656482
652535
648371
643923
639131
635025
629032
623467
617542
611420
604140
596520
588436
580852
571843
562234
553075
543004
533388
522880
511993
499651
487726
475399
463803
452320
441388
431512
423119
414539
406031
397926
389470
381753
373419
365716
358974
352539
346696
341365
336924
333713
331138
329113
326328
322902
318332
313228
307977
303507
297806
293026
289411
286494
285322
285071
284949
284865
284802
285840
287841
291047
295313
301141
307384
313220
319015
325321
332410
337007
340975
344549
346753
348495
348849
348698
347518
345512
343435
341479
339469
337504
335706
333525
332527
331580
331215
331129
331237
330773
330717
329846
329503
328154
326136
324432
322535
320431
318474
317126
315795
314729
313922
313828
313651
312934
312840
312358
311638
311109
309683
308571
307056
305233
303123
300535
297136
293611
289673
285770
281360
276780
271510
266304
261429
256715
251399
246186
241714
237574
233362
230388
228108
225406
223297
221300
220293
219875
218340
216678
215366
213554
211810
210147
208082
205423
203366
201220
199146
196382
194725
194080
193934
194744
195656
197142
198552
199602
200716
202284
204186
205736
207453
209523
211357
212641
214368
215991
218325
219952
221940
223750
225628
227491
229394
231475
231996
232861
232913
232495
232007
230863
228896
226519
223918
220535
217884
215083
212975
211633
210881
210982
212040
212913
213722
214817
215661
215990
216311
215956
216361
216778
216273
215293
214484
214178
213751
214326
215122
215847
216404
217132
217799
218040
217540
217749
217694
217312
216123
214564
212628
210887
208937
205903
202902
200396
197849
195736
193433
191146
188959
187276
186415
185333
184120
182962
181936
180518
179453
177942
175585
173080
170986
168054
165172
161772
157933
154876
151886
149422
147955
147082
146796
146444
146237
146476
146650
146755
147043
147494
147953
148919
149727
150802
152616
154006
156153
157774
158878
160066
160937
161731
161704
160898
159979
159024
158151
157457
158113
158402
158387
157944
157065
155519
153624
151576
149607
147905
145505
142709
139302
135684
132295
128968
125508
122661
120184
117478
114323
111279
108131
105336
102854
101296
100381
99962
99922
100397
101629
103889
106343
109514
112386
115949
119816
123214
127462
131350
135388
138565
141285
144073
146712
148561
150010
151728
152861
154168
155721
157735
160027
161870
163969
165979
168861
171989
174056
175801
176331
176471
175829
174386
172889
170440
168814
166372
161733
157279
152462
146620
139314
132562
125181
117186
109675
102019
94721
87724
81006
74500
68395
62536
57270
52537
48116
44109
40410
36863
33481
30148
27300
24898
22576
20494
18714
17065
15582
14163
12805
11652
10647
9685
8804
8084
7344
6641
6066
5496
4962
4489
4087
3733
3385
3063
2770
2547
2273
1985
1705
1479
1317
1151
1016
882
749
662
557
508
437
390
343
291
256
228
198
179
155
136
139
117
95
78
63
58
47
41
30
24
19
19
13
10
8
8
5
5
5
5
5
4
4
3
2
2
1
1
0
0
0
0
0
0
0
0
0
0
0
0
0
0
0
0
0
0
0
0
0
0
0
0
0
0
0
0
0
0
0
0
0
0
0
0
0
0
0
0
0
0
0
0
0
0
0
0
0
0
0
0
0
0
0
0
0
0
0
0
0
0
0
0
0
0
0
0
0
0
0
0
0
0
0
0
0
0
0
0
0
0
0
0
0
0
0
0
0
0
0
0
0
0
0
0
0
0
