0
66141
191416
287659
365807
429966
482998
526374
562539
591855
616237
636201
651629
665342
675644
684592
691953
697882
702581
706317
709142
711625
714418
715892
716670
716331
716417
716530
716382
716319
715388
715677
714788
713885
713772
711650
710933
709789
708722
707460
705793
704042
701607
699880
698098
696675
693646
691949
689044
686851
684322
681938
678467
674702
671429
667176
664174
659826
655514
650657
645941
642027
637152
632444
627233
621979
616643
611934
607290
601629
595683
590203
585085
579428
573844
568135
562161
555481
549436
542929
536554
529659
523938
518053
512000
506233
500707
494325
488946
482301
477887
472919
468169
463649
459329
455251
450763
446657
443426
440044
436689
433971
431370
428670
426802
424653
422489
420400
418589
416334
413582
410761
408365
405128
401537
398857
396589
393333
390105
386557
382818
379202
375319
372427
369375
367109
364677
361149
358662
355921
353822
351262
348472
347003
344794
342649
340193
337945
336292
335144
333667
331932
331459
330534
329199
328067
326505
324545
323772
322411
319706
316618
314722
312534
310750
308905
307092
303764
301202
298731
295685
293330
291324
289269
287299
284684
281488
279892
277503
274688
271776
268894
266115
263311
260966
258532
256205
253965
251772
249524
247587
245451
243281
241060
239278
237247
235340
233811
232653
230592
227621
225254
222494
220002
217611
215056
213326
211520
210390
208279
205685
203257
201619
199839
198540
197025
195592
193946
192774
192237
191138
189898
189047
187419
186152
184624
182974
181395
180565
179215
179474
179476
178404
177768
176704
176205
175954
175664
175435
174795
174115
173894
173682
173654
173951
174456
173862
173827
173737
173378
172605
172280
171509
170743
170018
169699
168689
168737
168659
167977
167399
167520
167845
167650
167571
167355
167261
166708
166075
165092
165076
164611
164635
164927
165314
164883
164738
164127
163363
163556
163403
163785
163610
164155
163704
162839
162424
161537
160827
159680
159621
159556
158499
157954
157747
157206
156884
156760
156851
156648
156754
156843
156900
156577
156559
156423
156775
156768
156109
155938
155900
156131
155298
154848
154886
154743
154372
153738
153862
153782
153305
153719
154643
154883
155461
155390
154940
155207
155516
155979
157072
157657
158104
157565
157663
157603
157469
157081
156968
156400
156363
156295
156151
156104
155955
155860
155789
155992
155980
156052
155992
155926
155401
155194
154828
154599
154912
154743
154452
154548
153717
154161
154320
154078
153585
153483
153172
153232
154035
154173
154567
154600
154267
154072
154303
154316
154113
154009
154196
154109
154647
155060
154883
154697
155096
154410
154294
154559
154799
154667
154550
154306
154696
155393
155504
154935
154897
155395
155390
155735
156456
156901
157624
158183
158744
159649
160026
160319
160191
160297
160042
159001
158669
158159
157601
156944
156405
155620
154936
154105
153868
154095
154134
154346
154902
155486
155452
155457
155395
155112
155345
155349
155462
155585
155530
155181
155168
155151
155300
154885
154639
155174
154964
154794
154572
154462
154155
153769
153610
153980
153837
154335
154480
154837
155301
155817
156202
156247
156173
156376
156322
156966
157016
157454
157769
157472
157335
157362
156573
155890
155548
155412
155030
155361
155416
155427
155379
155845
157064
157873
158283
158087
157437
156602
155964
156454
156401
156235
155631
155068
155302
155233
155189
155263
155460
154865
153697
152967
152996
152858
152945
152734
152719
152966
152842
153236
153234
152983
152455
152744
153330
153804
155458
156256
156562
156773
156994
157171
157939
158164
158761
158560
158340
158338
157819
156589
156146
155607
155204
154924
154385
153852
153554
153707
153881
154120
154905
155087
155231
155037
155266
155028
154758
154606
155150
155150
154596
153956
154247
154798
155241
155229
155195
156209
156590
156535
156429
157316
157304
156935
157058
157056
157325
157217
156595
156415
155667
155298
154796
154080
154197
154281
154047
154031
154196
154491
154743
154780
154597
154477
154456
154368
154241
154090
153749
153839
153933
153734
153542
154044
154585
154680
154187
154757
154652
154292
154392
154307
153939
153662
152661
152314
152499
152991
153091
153788
154040
154333
154645
154626
154364
