0
65975
191174
288520
366285
429267
482337
525324
561209
590472
615250
634856
651357
664956
676407
685527
692587
699520
704424
707748
710150
713581
715405
715969
716599
717706
717319
717587
717209
716274
716036
715821
714931
714620
713350
712811
711221
710084
707790
706741
705127
703110
700992
699207
697859
696623
694265
691305
687645
684994
681870
678347
675169
672386
669966
665996
662310
658726
654022
649182
644555
639714
634979
629302
624607
619524
613278
606821
600510
595725
590238
584401
577753
571714
564360
557711
550184
543522
535844
529448
523152
516798
510508
504935
499048
493505
488319
482649
477477
471942
467037
462144
457224
453958
449888
446020
443076
439147
435838
432649
430219
427907
425537
422606
419717
418012
416024
413998
411547
408791
405610
401618
398270
394483
391015
387288
382324
378050
372998
368435
363452
358473
353522
349585
345235
340894
336118
331626
326513
322422
318889
316213
314112
312446
310864
309262
308359
307341
307517
307463
307815
307863
308323
308102
307894
307179
306589
305653
304958
303263
302367
301433
301037
301723
301504
301531
301765
301240
300730
300358
298742
297114
295211
293127
290954
288622
286136
283542
280891
278891
277645
276333
275478
274654
273292
272418
270864
269897
269214
269107
268283
267415
266734
265830
265385
264617
263775
263880
263192
262580
261392
260219
259191
257153
255610
255173
254222
252562
250524
248348
246096
243623
241746
240738
238905
237385
235982
234463
232801
230589
229472
228240
226932
225899
224869
224207
223249
222599
221402
220447
218642
217669
216865
215715
214449
213547
212718
211684
210410
209220
209074
208517
207928
207328
206654
205939
205541
204008
203751
203075
202493
201533
200451
199626
198944
198229
198063
197323
196534
195541
194499
193816
193804
192890
192040
191321
190742
189470
188319
188150
188451
187638
186843
185516
184695
183202
182037
181151
179699
178797
178053
177132
176512
175935
175367
174581
173867
173608
172950
172343
171549
170722
169952
169448
168683
168290
167516
167269
167206
166319
165770
165551
166037
166022
165504
165144
165225
164995
164211
163701
163378
162551
162771
162687
162943
163270
163471
163358
163374
163326
163382
163462
163480
164039
164416
164262
164554
165067
165440
165339
164917
164704
164375
164048
164102
163742
163103
162392
161900
161057
160050
159521
159422
159575
159482
159847
160062
160051
159813
159846
159954
159736
159811
158882
158229
157873
157051
156816
156006
155245
154618
153942
153979
153942
153866
154290
155075
154742
154295
154637
154709
155174
154592
154338
154102
153885
154112
153688
153138
153167
153371
153329
153480
153351
153707
153851
153077
153256
154191
154600
154978
155605
155824
156148
156689
157213
157792
157819
158296
158498
158477
158564
158583
158826
159000
159462
159657
160025
159781
159663
159395
159821
159924
159897
159443
158865
159108
158747
158237
158523
158427
158024
157823
157941
157520
157205
156902
157216
156889
156381
155255
155344
155002
154508
154219
154111
154288
154649
155120
155386
155621
155674
155360
155576
155935
155876
155117
154743
154366
154592
154303
154047
154343
154495
154257
154345
154404
154313
153983
153516
153238
153303
153257
153407
153619
154064
154237
154292
154293
154402
154309
154350
154440
154542
155198
155467
155870
155719
155172
155188
155636
155454
155156
154848
154683
154377
154545
154288
154125
154310
154742
155255
155434
156076
155600
155644
155878
156183
156099
155705
155240
154813
154924
154317
154245
154421
154671
154630
154751
154855
154747
154058
153011
152746
152742
153204
153673
154214
153506
153477
153292
153374
153914
154492
154900
154985
155276
155831
156018
155804
155382
155051
154913
154904
155171
154852
154182
154068
154141
153533
153357
153394
154018
153845
153686
153862
153294
152902
151607
150834
150287
149683
148852
148619
149067
150195
150964
151316
151989
152876
153290
154035
154231
154651
154874
155498
156004
156504
156091
156165
155679
155956
155951
155781
155436
155017
154336
154126
153939
153892
154194
153838
153966
153931
152820
151948
151551
151535
151343
151233
151958
152093
152186
151385
150905
150251
150286
150064
149677
149541
149425
149994
150232
150099
149455
148736
148264
148402
148865
149146
149161
