0
66402
190927
288443
366414
430754
483108
525895
561563
591505
615820
635981
652403
665494
675652
684653
692665
699291
704370
707213
710359
713115
714908
715411
716897
717870
718001
718037
717503
717135
716797
716086
716421
714895
713076
711688
710785
709111
707499
705797
703873
702586
701053
699310
696651
694949
692544
690749
687261
685147
682242
678079
674877
671060
667663
663644
659214
653789
648501
644049
639456
633549
627296
622573
616717
610763
604225
598618
593454
587544
580895
573447
567284
560209
552428
545873
538002
530220
522855
514640
506579
498992
491830
486138
480145
473302
467945
463704
459721
455882
451771
448008
445006
441712
438583
435041
432323
429666
427098
424398
422242
420643
418664
417498
416296
415763
414545
412784
411116
408012
405802
401866
397078
392650
387941
382074
377681
372960
369553
365938
362448
359789
357529
356034
354359
353272
351709
350754
349298
348372
346674
346053
344775
344210
344549
343791
344052
344281
344445
344788
345197
345918
345875
346365
347447
348485
348601
348783
348550
348418
347352
346385
346062
346044
346962
347848
348346
347775
347352
346180
345088
343377
342104
341370
339593
337654
335458
333319
330608
327951
325026
322348
320204
317234
315187
311762
309556
306677
304443
302190
299370
296244
293281
290559
287470
284831
281568
278033
274918
272405
270374
267978
266819
265189
264109
263229
261436
260250
259117
258628
257645
256232
254965
253432
252186
249440
247390
246658
245517
244653
243549
242246
240342
239102
237148
235259
233661
231623
230683
228430
226386
224464
222430
220552
218735
216519
214483
212941
211007
208981
207237
205692
205046
204266
203225
202437
201025
199843
198597
197808
196930
196558
195602
195057
194155
193983
193824
193350
192592
191806
190369
189212
188187
187198
186459
185512
184471
182710
181656
181432
180550
179822
178913
178152
177276
176377
175611
174644
174115
173516
173004
172018
171699
171720
171335
171380
170960
170706
170866
171067
171710
171824
172250
172577
172101
171931
171189
170816
170278
170520
170663
170512
170653
170451
170286
169946
169790
169776
169998
170070
169802
169315
168639
168284
168345
168223
168066
167231
166843
166627
166778
166901
166952
166791
166505
166111
165183
164193
163244
162810
161986
161612
161211
160942
160291
159568
159302
158890
158339
158435
158169
158146
158457
158393
158589
158594
158189
158373
158573
158587
158575
158475
158418
158576
158795
158637
158493
158502
158360
157689
157422
156798
156541
156675
156389
156450
155797
155814
155506
154514
154933
155575
156055
156551
156833
156888
156753
156608
156219
155999
156136
155708
155470
154970
154905
155135
155299
154846
154662
154415
154819
154717
154949
154505
154673
154613
154289
154648
154534
155002
155862
156336
156397
156330
156558
156834
157486
158684
158223
157526
157320
157331
156945
156297
156080
155111
154848
154750
153726
153654
153619
153607
153441
152992
152978
153490
153401
153738
153795
154334
154332
154576
154308
153781
153189
153024
152530
152392
152418
152268
152480
152279
152355
152905
153218
153361
153478
153608
153660
154144
154755
154739
155416
154979
155142
155419
155232
155458
156085
156184
156374
156009
156245
155653
155608
155908
155451
155059
154840
155597
155624
156653
157408
157681
157957
158091
158555
158640
158168
158246
158694
158607
158650
158181
157734
158189
157859
157872
157423
157233
157383
156866
156728
156534
156324
156258
156208
155621
155014
154392
154730
154861
154294
154196
153969
153178
152874
152400
151743
151453
152183
152480
152718
152692
153326
153993
154562
154756
154781
154561
154521
154161
154032
153472
153130
152994
153236
153296
153421
154197
154156
154153
153616
153298
152984
152459
152551
153434
154012
154169
154682
154650
153911
153224
152645
152032
151589
151749
152176
152242
152096
151962
151876
152290
152563
153153
153076
153411
154049
153984
154008
154072
154496
154369
154103
153747
153809
154491
154288
154130
154043
154215
154081
154460
154625
154548
154828
155117
155917
155923
155762
155300
154664
154471
154364
153110
152996
152780
152123
151040
150758
150722
150527
149989
149635
148739
148530
148212
148533
148194
148381
148262
148135
147430
146763
146510
146151
145440
145305
145563
145676
