0
67003
191448
287983
366314
430330
483170
526677
562664
592333
617034
636914
654100
667094
678395
686832
694773
700164
704288
708752
712216
714499
715330
717157
718276
717906
717532
716536
717149
716839
716028
715909
715108
713524
713020
712165
710726
709855
708732
707319
705523
703415
701145
699398
696975
694405
692304
690525
687471
684468
681007
678072
674842
670910
666773
662463
658230
653124
647829
642650
637525
632504
627229
622158
616985
611051
604080
597927
592038
584544
575952
566029
555643
543212
531389
518984
506426
493145
479709
465147
449790
434710
417824
399917
382425
364343
346484
328375
310494
292878
276085
258979
243047
227148
211600
197100
183367
170621
158595
146701
135895
125264
115700
106582
98073
90097
82426
75299
68778
62834
57632
52764
48113
44014
40197
36597
33360
30158
27313
24636
22094
19872
17924
16097
14457
13002
11681
10591
9536
8681
7936
7146
6429
5862
5336
4796
4329
3881
3478
3095
2780
2512
2277
2018
1794
1597
1440
1261
1138
1037
943
835
752
673
609
547
484
412
371
313
280
243
202
159
127
101
85
74
60
51
42
34
26
21
18
17
17
16
15
14
11
8
6
6
6
4
4
3
3
2
1
1
1
1
0
0
0
0
0
0
0
0
0
0
0
0
0
0
0
0
0
0
0
0
0
0
0
0
0
0
0
0
0
0
0
0
0
0
0
0
0
0
0
0
0
0
0
0
0
0
0
0
0
0
0
0
0
0
0
0
0
0
0
0
0
0
0
0
0
0
0
0
0
0
0
0
0
0
0
0
0
0
0
0
0
0
0
0
0
0
0
0
0
0
0
0
0
0
0
0
0
0
0
0
0
0
0
0
0
0
0
0
0
0
0
0
0
0
0
0
0
0
0
0
0
0
0
0
0
0
0
0
0
0
0
0
0
0
0
0
0
0
0
0
0
0
0
0
0
0
0
0
0
0
0
0
0
0
0
0
0
0
0
0
0
0
0
0
0
0
0
0
0
0
0
0
0
0
0
0
0
0
0
0
0
0
0
0
0
0
0
0
0
0
0
0
0
0
0
0
0
0
0
0
0
0
0
0
0
0
0
0
0
0
0
0
0
0
0
0
0
0
0
0
0
0
0
0
0
0
0
0
0
0
0
0
0
0
0
0
0
0
0
0
0
0
0
0
0
0
0
0
0
0
0
0
0
0
0
0
0
0
0
0
0
0
0
0
0
0
0
0
0
0
0
0
0
0
0
0
0
0
0
0
0
0
0
0
0
0
0
0
0
0
0
0
0
0
0
0
0
0
0
0
0
0
0
0
0
0
0
0
0
0
0
0
0
0
0
0
0
0
0
0
0
0
0
0
0
0
0
0
0
0
0
0
0
0
0
0
0
0
0
0
0
0
0
0
0
0
0
0
0
0
0
0
0
0
0
0
0
0
0
0
0
0
0
0
0
0
0
0
0
0
0
0
0
0
0
0
0
0
0
0
0
0
0
0
0
0
0
0
0
0
0
0
0
0
0
0
0
0
0
0
0
0
0
0
0
0
0
