0
65984
190964
287460
365942
430991
483962
526218
561711
591204
615588
635820
651985
665943
676657
685535
693342
698640
703693
706731
710377
711759
713938
715424
716275
717462
717685
716943
715966
716048
715370
714284
713980
713650
712931
712077
711091
709149
707515
706388
705130
702861
701184
699718
697725
695947
693338
691651
688797
686240
684068
680737
678554
674939
671810
667390
663500
658986
656355
651601
647072
642860
638288
633181
629197
624579
619991
615537
610217
603673
597489
591315
586046
579461
573152
566564
559312
552072
545055
536583
528871
521051
512965
505114
496662
489729
482164
475447
468589
461265
454551
447761
440396
432064
424146
416693
408726
402072
395516
390056
385052
380063
375064
371095
367465
363729
361229
359795
359022
358512
358917
359272
359638
359496
359696
360501
360142
359913
358684
357615
357668
356932
355998
355249
354385
353137
352335
351027
349490
347859
346293
345515
343964
342769
341740
340734
339468
338165
336062
335208
333437
331806
330285
328428
326107
324899
323070
321299
319588
318186
317352
316333
315047
313608
312157
310752
309747
308466
307923
307332
305535
303795
302261
300155
298318
296616
294539
293458
291113
288632
286688
284980
282409
280261
278686
276614
274845
272564
270201
267980
265590
263513
261848
260025
259057
257295
255173
253542
251697
249873
247584
245303
243843
241046
239469
237805
235978
233971
232401
230244
228207
226154
223816
222282
221261
219992
219770
219421
219102
218228
217454
217017
216037
214762
214066
212728
211054
209276
208013
206831
205820
205222
204516
203493
201930
200978
199466
198341
197755
196851
196049
195287
195052
194158
193436
193001
191891
191136
191078
189907
189172
187736
187103
186584
186163
185510
184737
184288
183927
183530
183010
182940
182840
182729
182588
182367
182489
182144
181428
180198
179591
178619
177443
176465
175548
174637
173677
172372
171453
171100
170503
169782
169365
168822
168034
167671
167282
167340
167631
167529
167915
168248
168567
168450
168206
167514
166973
166481
165353
164419
163478
163109
162635
161708
160770
160262
159889
159982
160259
160421
160692
160579
160568
160891
160612
160670
160147
160136
160322
160334
160783
160162
159330
158903
158676
158524
158312
158150
157982
157992
157672
157497
156989
156383
156581
156258
156176
156458
156240
156115
156279
156463
156664
156626
156921
156809
157320
158017
158038
158265
157944
157895
157906
157764
157958
157758
157871
157460
157777
158056
158495
158612
158305
157877
157453
157155
156534
155951
155764
155246
155326
154701
153831
153592
153512
153196
153237
153884
154707
155156
155845
156138
155778
155311
155128
154902
154960
154887
155241
154995
155174
155810
156338
156747
156841
156847
157160
156965
156561
155758
155567
155354
155098
154571
153935
153717
153399
152951
152833
152648
152455
152825
152906
152967
152688
152747
152623
152265
152724
152732
153280
153677
154788
155318
155625
156132
155933
155455
155329
155120
154698
154621
154556
154927
154793
154790
155255
155340
155225
155227
155179
154924
154766
154398
153921
153389
153019
152968
153042
152697
151938
151042
150713
150446
150352
150103
149568
149706
149812
150367
151715
152506
152696
153111
153545
153844
154568
154531
154834
154718
154975
155183
154541
154041
153822
153273
153147
152551
152714
152653
152790
153151
153443
153837
154165
154738
155333
155918
156064
155957
156076
155785
155286
154880
155070
154910
154893
155069
155693
155973
156633
156692
156955
157323
157445
157481
157294
156805
156454
155765
155023
154285
154223
154141
154134
154307
154495
155471
155709
155876
156099
156138
156692
156852
157820
157677
157693
157663
157140
157563
157303
157021
156792
157066
157070
156623
157300
156861
156516
155684
155770
155436
155458
155017
154513
154586
154311
154372
154127
153756
153293
152924
152598
152312
151766
151241
150916
151203
151443
151529
151334
151046
150982
150230
150242
150447
149757
149483
149249
149786
149599
149195
149283
149332
149237
148930
148527
148351
148503
148861
149255
149922
150459
151421
151920
152169
152311
152698
152305
152827
153088
152965
152293
152095
151854
151747
151569
151375
150512
149943
150124
149199
149006
149292
148839
149006
149454
149508
150010
150484
150999
