0
66024
190311
286980
365931
430345
483464
526820
562625
592060
615577
635327
651155
664510
674598
683023
690218
696505
701173
705336
708472
711494
713640
714079
714910
715348
716245
716571
716392
716359
716333
715790
714794
713859
712572
711840
710468
709021
708105
706336
704255
702510
701218
699695
697329
695072
693226
690999
688960
685628
682340
679458
675837
672642
669862
666897
662416
658757
654364
650054
645207
640758
636035
630332
624383
620398
613901
608612
602849
596423
590701
584364
576957
569456
561839
554890
548544
541277
534818
527350
520539
514668
508030
500515
493853
487079
481237
475841
469861
464974
459588
454429
449208
445575
441238
438517
435589
433905
431375
428472
425942
422568
419687
415560
410862
407198
404784
403087
401508
400329
399177
397813
395394
393257
392173
390625
389139
388357
386839
386365
385148
383605
383742
383742
383192
382909
381482
380272
378368
375677
373367
371880
370530
368459
366568
364182
361468
359483
357063
354455
352669
351431
348982
347475
346014
344008
341108
338720
336819
335030
332741
330381
327824
325300
322870
320647
317596
315078
312447
309292
306057
303189
300770
298298
295592
293634
291365
288644
287233
284729
282099
280335
278157
276062
273761
270741
268192
265781
263070
260223
258388
257441
256130
254996
253072
251816
249650
246940
245450
243180
240951
239321
237790
236586
235488
234485
233098
231147
229938
228547
227469
226181
225417
225040
223964
223256
221970
220364
219007
218349
217227
216195
214967
213739
212512
211307
210114
209675
208677
207707
207350
206204
204919
204095
202909
201323
199289
197267
196269
195082
194042
192493
191848
191463
191138
190418
189211
188000
187624
186780
185934
184763
183580
183003
182493
181874
181308
179992
179626
178897
177668
177059
176406
175570
174038
173257
172787
172068
171245
170454
170430
170704
169999
170026
170040
169395
168498
167436
166216
165948
165540
165174
165059
164916
164528
163956
163172
162083
161112
160264
159798
159751
159536
159191
158615
158147
157553
157837
157943
157511
157742
157979
157691
157056
156727
156883
157688
157773
158263
158432
158970
159236
159211
159408
159658
159627
159348
159453
159385
159701
159961
159899
160122
160326
160040
160346
160182
160007
160100
160006
159804
159805
159754
159932
159689
159561
159682
159655
159754
160007
159874
159576
158653
157904
157555
157337
156755
156599
156660
156652
155826
155794
155036
154321
154126
153860
153798
154063
153677
153290
152799
152881
153250
152420
152316
152433
152468
152854
152903
153015
153099
152916
153220
154378
155068
155540
155847
155623
155024
154590
153883
153958
153470
153393
153151
153232
153090
153238
153853
153654
153354
153471
153701
153750
153683
153466
153575
153294
153126
153349
153674
154184
154106
154226
155183
155864
155814
155428
154892
154843
154836
154754
154831
155613
156236
155981
156767
157470
158028
158635
158883
158794
159139
158557
158008
157949
158072
158426
157726
157226
156873
156272
155748
156004
155985
155955
155488
155619
155686
156090
155806
155237
154719
154516
155062
155715
155530
155637
155730
155701
155086
154925
154986
154995
154797
154081
153664
153238
153860
154454
154655
155388
155709
155360
154981
154911
154472
154384
154219
154356
154083
154124
154362
154008
153831
154536
154244
154312
154192
153924
154405
155049
154635
154179
154051
154172
154072
153840
153167
152233
151595
151755
152399
153353
153350
152723
152274
151758
151211
150474
150620
150875
151604
151952
152117
152393
153064
153602
154205
154726
155799
157269
157547
158244
158051
157847
157920
157408
157484
157774
157503
157040
156936
156236
155360
155544
154932
154336
154178
154386
154278
154325
154267
154349
154343
154017
154054
154064
154465
155066
154858
154820
155036
155611
155598
155684
156247
156192
156712
156943
157201
156882
156583
156291
156239
155792
155544
154873
154702
154456
154276
155002
155015
155071
155156
154882
154290
154029
154528
154727
154297
154642
154227
154081
154146
154146
154126
154651
153963
153445
153300
153989
154868
155181
155744
155825
156230
156405
157141
156767
156611
156107
155531
155364
155177
154445
153722
153290
152279
151291
150457
150120
150006
149287
149377
149686
149510
149831
150440
150704
151117
