0
0
0
0
1
2
3
5
9
15
17
20
24
36
54
64
70
78
87
89
95
105
118
122
134
148
155
171
176
180
183
195
203
210
224
218
228
228
239
232
231
242
243
255
260
272
274
272
276
275
272
277
278
286
284
290
292
292
293
298
299
298
299
296
301
299
296
288
283
275
270
263
259
251
249
247
241
241
239
233
226
223
218
214
212
204
197
194
193
187
181
177
179
175
174
172
170
170
168
164
164
155
156
159
157
153
151
149
149
146
142
139
136
134
131
130
129
127
125
122
120
118
118
117
116
114
115
114
115
114
113
110
109
107
105
103
104
102
100
100
95
99
96
97
98
100
99
97
98
101
99
99
101
103
101
103
104
106
107
106
105
105
106
105
108
109
107
111
113
111
112
110
111
112
115
118
117
116
115
114
112
113
112
110
107
107
108
106
102
102
102
100
100
98
97
95
92
90
85
84
85
81
85
86
87
85
87
87
89
91
91
89
90
89
88
87
89
88
90
92
90
91
94
94
93
91
90
90
90
90
88
90
92
90
90
92
89
87
89
86
84
83
81
84
84
82
82
81
81
84
83
85
90
89
86
86
86
84
83
84
83
88
88
87
87
86
86
86
89
87
89
91
95
90
87
87
87
87
89
87
83
83
83
82
78
79
79
78
80
80
82
82
81
79
80
77
77
75
77
78
78
78
79
80
81
80
78
78
78
78
78
79
80
79
80
80
78
76
75
75
75
76
74
74
75
75
75
74
74
78
77
78
79
77
78
78
77
78
77
77
77
76
75
70
72
72
72
71
72
75
74
77
76
76
77
73
71
71
70
68
69
66
65
66
62
62
59
59
57
56
58
55
54
56
55
55
55
56
58
61
63
62
63
64
62
65
66
70
72
71
72
71
72
72
73
74
74
76
75
74
80
79
79
77
78
79
82
82
81
80
80
79
80
78
78
78
78
77
73
73
72
70
69
69
67
67
66
66
64
63
61
59
57
57
57
55
53
52
51
50
49
48
48
46
45
44
44
42
41
40
39
37
36
36
35
33
32
32
30
30
30
28
26
25
24
24
24
22
21
21
21
19
18
18
18
16
16
15
15
15
15
15
15
15
15
15
14
14
14
14
13
13
12
12
11
11
10
9
9
9
9
9
9
8
8
8
7
7
7
6
6
6
6
6
6
6
6
5
4
4
4
4
4
4
4
4
4
4
4
4
3
3
3
3
3
3
3
3
3
3
2
2
2
2
2
2
2
2
2
2
2
2
2
2
2
2
2
2
2
2
2
2
2
2
2
2
2
2
2
2
2
2
1
1
1
1
1
0
0
0
0
0
0
0
0
0
0
0
0
0
0
0
0
0
0
0
0
0
0
0
0
