0
0
0
0
2
4
4
7
13
14
21
27
33
40
46
52
59
64
63
70
77
85
102
114
121
125
129
131
135
140
148
153
166
176
192
189
193
199
199
198
210
216
230
240
241
246
253
257
263
264
268
277
283
280
287
290
290
293
293
291
290
290
288
286
288
288
283
284
284
280
277
274
274
271
271
264
265
265
266
261
259
257
254
250
244
235
232
227
222
220
218
215
211
205
202
200
197
194
192
190
187
183
178
175
172
168
169
164
162
161
160
157
158
156
154
151
151
151
151
150
150
151
150
146
146
146
147
147
148
146
143
144
138
140
142
139
139
136
133
136
134
134
134
134
131
128
132
132
132
134
132
131
128
129
127
128
132
134
134
129
129
128
127
128
127
126
124
123
123
122
118
116
114
115
111
116
115
115
118
117
117
117
115
113
114
115
114
110
111
107
106
106
105
106
109
109
106
106
103
102
98
96
97
99
101
96
99
101
97
95
96
94
92
92
88
89
90
88
88
88
89
88
88
85
85
84
84
83
83
82
80
82
84
87
87
87
84
83
81
80
80
80
81
81
81
81
79
81
82
81
81
77
77
77
75
75
76
76
76
79
80
77
76
76
76
77
79
78
77
79
78
79
80
82
82
82
81
84
83
85
79
78
78
76
76
77
79
73
74
74
75
75
73
74
75
77
75
76
73
75
74
73
74
76
78
80
81
82
82
87
87
84
86
87
91
92
90
88
87
90
91
94
96
98
96
95
93
95
94
93
94
91
94
91
92
94
95
98
101
101
99
98
97
97
96
98
98
99
100
103
102
103
101
103
102
101
101
100
101
102
101
103
105
106
108
107
104
104
102
104
104
102
98
100
97
100
102
102
101
101
102
102
101
101
102
100
100
101
100
98
94
95
95
96
98
99
99
100
98
99
102
105
103
105
106
105
106
104
105
107
105
105
103
105
104
107
105
104
105
106
106
107
113
112
112
111
109
109
112
112
112
111
114
113
114
112
110
107
107
106
104
104
106
105
103
102
96
97
96
94
94
94
96
94
95
94
97
98
95
95
97
98
96
99
100
103
105
107
107
106
104
105
103
103
102
100
97
99
100
97
97
97
96
96
92
91
93
93
93
91
93
91
90
89
88
87
87
91
88
87
89
90
90
89
88
87
88
88
86
89
84
84
84
87
87
88
87
90
90
88
88
89
85
85
87
90
95
98
95
95
94
97
99
99
97
99
98
95
98
102
104
103
106
112
113
109
111
110
112
113
110
111
112
114
114
114
113
111
110
109
103
105
109
108
106
106
106
105
101
99
97
94
92
91
91
87
85
85
86
89
87
86
86
86
83
82
82
81
82
80
80
81
81
83
81
77
75
73
74
73
71
