0
0
0
1
1
5
9
15
18
25
34
35
43
50
55
64
71
79
91
98
105
114
121
132
140
151
154
166
168
171
175
178
186
195
197
206
220
218
219
223
226
233
240
242
248
251
258
253
258
262
264
264
264
263
262
268
265
261
259
259
260
260
260
258
253
255
257
255
257
253
248
250
253
256
260
254
252
250
245
242
241
239
236
239
236
234
234
227
223
224
221
216
214
210
212
214
214
214
214
212
215
214
210
204
202
199
197
192
191
187
186
187
184
184
184
184
185
188
186
185
182
178
175
173
172
169
171
164
164
162
162
161
162
163
160
157
152
147
148
148
144
144
140
134
131
131
130
128
126
127
126
125
123
124
126
126
127
128
127
125
122
120
117
118
115
111
108
107
106
108
107
106
104
102
102
102
100
102
100
102
100
98
95
95
96
94
95
97
97
98
96
94
94
94
95
94
93
91
89
89
90
91
88
87
88
87
86
86
84
83
83
85
84
85
83
82
81
79
77
77
77
76
75
75
72
72
75
72
71
71
71
71
71
69
69
67
69
70
71
70
69
70
69
68
69
66
66
66
66
68
68
67
66
68
68
67
68
69
70
69
68
68
71
71
70
69
69
68
66
66
65
64
64
65
66
62
60
61
60
60
61
64
64
63
61
64
65
63
63
63
62
62
61
64
66
69
67
67
66
66
67
68
70
71
70
68
68
68
69
70
69
70
70
69
68
72
72
73
72
70
65
64
63
66
65
66
66
65
66
65
66
64
66
66
67
66
64
68
66
64
63
65
66
65
64
64
61
66
66
67
66
65
62
62
65
65
70
71
68
67
65
63
62
61
63
61
60
57
58
55
54
55
57
58
56
59
59
59
63
64
66
68
66
66
68
70
73
74
74
77
78
78
79
80
82
83
83
79
79
80
80
81
81
80
81
79
78
77
77
80
81
81
82
79
79
78
76
76
68
64
68
69
68
69
66
69
68
71
72
67
67
68
66
66
64
64
63
64
63
65
69
69
71
69
73
72
75
77
78
80
78
83
82
82
78
77
79
82
83
82
84
81
82
85
85
87
89
92
91
92
95
96
99
100
100
105
106
105
104
105
104
109
106
107
109
108
111
114
114
114
111
111
109
109
111
113
114
110
109
106
106
110
108
110
107
107
107
107
111
110
110
113
112
107
105
107
106
101
102
101
99
100
96
93
92
96
94
94
92
91
93
93
95
100
102
102
105
109
111
110
113
115
114
116
118
116
110
109
110
108
106
106
109
108
104
103
103
101
103
105
108
107
108
110
111
109
107
106
104
105
103
105
106
107
107
106
107
108
107
107
110
110
109
107
105
105
104
105
108
108
111
115
117
114
110
112
115
118
117
114
118
