0
0
0
1
1
2
6
9
14
17
19
22
32
44
46
49
58
62
73
75
82
92
101
110
127
133
141
153
167
172
186
196
202
206
213
223
235
231
240
247
252
261
268
266
274
278
280
280
289
291
296
292
292
290
298
299
302
302
304
299
302
296
294
294
294
294
291
287
282
280
276
271
272
267
262
258
249
247
246
246
243
245
244
240
237
229
224
219
213
206
199
194
192
188
185
180
173
171
169
167
160
157
157
155
148
145
143
142
138
136
131
127
124
120
115
113
110
109
107
105
101
100
99
97
93
90
87
86
85
84
84
81
81
80
78
75
71
70
69
68
65
64
62
62
61
61
59
58
58
56
56
54
52
52
52
50
47
47
47
47
46
46
45
45
43
43
42
41
40
40
39
39
39
39
39
38
37
37
37
37
35
34
32
30
30
28
27
26
26
24
24
24
24
24
22
22
22
22
22
21
20
20
20
18
18
18
18
18
16
15
14
14
13
13
12
12
12
12
11
11
11
11
11
11
11
11
11
11
11
11
11
11
11
11
11
11
11
10
10
10
10
10
10
10
9
9
9
9
9
9
9
9
9
9
7
7
7
7
7
7
7
7
7
7
7
7
7
7
7
7
7
7
6
6
6
6
6
6
6
5
5
5
5
5
5
5
5
5
5
5
5
5
5
5
5
5
5
5
5
5
5
5
5
4
4
4
4
4
4
4
4
4
4
4
4
4
4
4
4
3
3
3
3
3
3
3
3
3
3
3
3
3
3
3
2
2
2
2
2
2
1
0
0
0
0
0
0
0
0
0
0
0
0
0
0
0
0
0
0
0
0
0
0
0
0
0
0
0
0
0
0
0
0
0
0
0
0
0
0
0
0
0
0
0
0
0
0
0
0
0
0
0
0
0
0
0
0
0
0
0
0
0
0
0
0
0
0
0
0
0
0
0
0
0
0
0
0
0
0
0
0
0
0
0
0
0
0
0
0
0
0
0
0
0
0
0
0
0
0
0
0
0
0
0
0
0
0
0
0
0
0
0
0
0
0
0
0
0
0
0
0
0
0
0
0
0
0
0
0
0
0
0
0
0
0
0
0
0
0
0
0
0
0
0
0
0
0
0
0
0
0
0
0
0
0
0
0
0
0
0
0
0
0
0
0
0
0
0
0
0
0
0
0
0
0
0
0
0
0
0
0
0
0
0
0
0
0
0
0
0
0
0
0
0
0
0
0
0
0
0
0
0
0
0
0
0
0
0
0
0
0
0
0
0
0
0
0
0
0
0
0
0
0
0
0
0
0
0
0
0
0
0
0
0
0
0
0
0
0
0
0
0
0
0
0
0
0
0
0
0
0
0
0
0
0
0
0
0
0
0
0
