0
195
436
667
869
1075
1308
1539
1762
1961
2169
2387
2609
2812
3028
3236
3459
3693
3914
4105
4314
4524
4744
4929
5117
5318
5540
5732
5930
6153
6351
6575
6783
6985
7162
7345
7543
7765
7972
8157
8326
8525
8718
8926
9155
9387
9591
9791
9998
10196
10408
10625
10838
11056
11277
11471
11706
11872
12119
12321
12545
12750
12954
13144
13352
13569
13765
13975
14167
14395
14617
14814
15023
15237
15435
15652
15873
16092
16309
16480
16706
16922
17134
17333
17533
17730
17963
18183
18391
18592
18799
18996
19194
19431
19668
19911
20112
20326
20527
20733
20965
21172
21373
21577
21787
21980
22182
22417
22639
22864
23078
23281
23467
23691
23903
24108
24324
24506
24684
24877
25079
25273
25476
25697
25904
26106
26335
26551
26757
26951
27144
27350
27555
27736
27970
28168
28359
28559
28754
28965
29162
29362
29560
29803
30013
30226
30419
30627
30831
31043
31255
31451
31676
31883
32057
32263
32474
32658
32877
33053
33269
33471
33697
33890
34099
34302
34488
34700
34912
35125
35364
35586
35811
36014
36208
36433
36638
36850
37061
37246
37435
37623
37824
38015
38254
38466
38678
38897
39097
39305
39522
39739
39971
40187
40415
40618
40840
41036
41229
41426
41663
41866
42081
42281
42471
42685
42881
43095
43290
43494
43708
43903
44102
44328
44556
44739
44965
45205
45411
45598
45813
46020
46215
46456
46659
46855
47063
47251
47437
47675
47893
48109
48293
48484
48723
48908
49132
49324
49543
49749
49961
50157
50342
50576
50794
50986
51183
51404
51600
51805
51998
52202
52433
52670
52858
53063
53251
53468
53674
53897
54110
54336
54548
54762
54959
55179
55393
55588
55792
55992
56198
56401
56618
56824
57031
57216
57415
57629
57854
58050
58237
58462
58672
58869
59083
59283
59498
59723
59927
60140
60359
60553
60753
60936
61127
61339
61526
61731
61930
62133
62325
62554
62769
62970
63163
63389
63595
63811
64015
64200
64396
64614
64823
65042
65228
65434
65622
65825
66029
66247
66453
66629
66848
67065
67266
67468
67677
67879
68099
68299
68493
68718
68909
69102
69297
69506
69711
69908
70109
70313
70509
70714
70917
71119
71302
71491
71706
71919
72128
72324
72534
72743
72935
73160
73347
73548
73762
73939
74125
74330
74542
74733
74935
75134
75314
75495
75685
75887
76099
76283
76487
76676
76876
77062
77254
77480
77675
77870
78044
78226
78420
78618
78796
79002
79168
79383
79590
79784
79983
80189
80375
80556
80754
80939
81127
81314
81504
81734
81903
82094
82318
82508
82700
82904
83100
83290
83471
83662
83879
84089
84283
84508
84705
84902
85109
85321
85510
85706
85890
86099
86298
86506
86692
86887
87073
87281
87474
87670
87872
88060
88258
88436
88651
88842
89025
89223
89416
89632
89836
90026
90242
90442
90618
90845
91055
91245
91446
91650
91854
92054
92250
92453
92657
92832
93033
93235
93467
93638
93844
94027
94206
94409
94624
94836
95026
95237
95434
95648
95847
96052
96240
96460
96671
96883
97103
97288
97481
97679
97869
98089
98307
98502
98726
98934
99116
99326
99524
99711
99898
100089
100288
100495
100659
100861
101072
101272
101482
101649
101844
102017
102199
102389
102580
102768
102963
103166
103369
103556
103732
103960
104163
104333
104534
104735
104944
105151
105342
105530
105708
105903
106075
106301
106496
106667
106869
107067
107256
107451
107663
107842
108043
108241
108448
108632
108842
109047
109257
109432
109641
109827
110014
110234
110407
110596
110808
111013
111225
111416
111632
111827
112001
112192
112390
112541
112735
112940
113147
113335
113519
113702
113872
114068
114244
114454
114632
114810
115002
115182
115351
115554
115750
115953
116139
116332
116506
116747
116946
117142
117308
117521
117705
117881
118068
118279
118461
118656
118859
119020
119234
119395
119598
119804
119979
120175
120358
120545
120747
120925
121110
121297
121475
