0
217
417
622
836
1056
1261
1490
1730
1934
2148
2367
2549
2753
2948
3126
3329
3543
3736
3954
4158
4336
4529
4743
4954
5132
5328
5568
5786
6011
6237
6424
6621
6825
7039
7239
7421
7640
7871
8049
8265
8455
8643
8853
9057
9236
9418
9610
9825
10012
10190
10391
10583
10778
11001
11206
11423
11641
11859
12053
12254
12446
12659
12885
13073
13299
13505
13722
13916
14128
14330
14519
14746
14915
15119
15323
15528
15740
15929
16146
16342
16525
16753
16952
17162
17374
17587
17790
18001
18230
18435
18637
18832
19073
19247
19454
19683
19891
20090
20308
20539
20750
20967
21202
21415
21619
21829
22058
22265
22471
22676
22892
23106
23274
23469
23680
23876
24094
24304
24493
24697
24900
25111
25322
25522
25726
25941
26147
26336
26525
26743
26946
27191
27398
27597
27805
28024
28219
28391
28590
28785
28984
29214
29447
29646
29873
30088
30254
30454
30657
30872
31083
31299
31533
31734
31924
32116
32315
32526
32730
32945
33143
33379
33597
33813
34028
34260
34462
34637
34818
35039
35258
35441
35666
35886
36091
36295
36503
36711
36923
37131
37346
37518
37748
37948
38174
38393
38594
38833
39041
39266
39464
39645
39867
40080
40291
40488
40690
40878
41096
41280
41501
41715
41908
42104
42321
42523
42731
42918
43106
43306
43513
43724
43927
44133
44341
44549
44778
44976
45176
45383
45587
45804
46014
46213
46419
46627
46826
47055
47262
47471
47687
47912
48117
48303
48512
48716
48897
49100
49308
49502
49711
49901
50102
50289
50485
50690
50872
51085
51287
51513
51713
51933
52129
52322
52531
52725
52934
53136
53366
53565
53775
53991
54171
54390
54593
54802
54992
55195
55391
55568
55771
55980
56171
56373
56562
56755
56976
57164
57383
57577
57764
57985
58188
58416
58624
58849
59053
59262
59472
59678
59895
60072
60265
60468
60658
60880
61064
61263
61455
61649
61831
62032
62221
62404
62612
62831
63054
63242
63457
63655
63842
64036
64243
64448
64662
64849
65037
65269
65460
65647
65826
66018
66204
66408
66597
66815
67045
67282
67494
67687
67903
68076
68259
68463
68673
68860
69016
69221
69432
69639
69836
70050
70230
70454
70641
70849
71048
71241
71435
71622
71822
72011
72229
72415
72634
72829
73021
73234
73420
73620
73803
74013
74231
74412
74631
74842
75031
75250
75449
75661
75858
76043
76231
76411
76603
76813
77043
77208
77395
77570
77775
77967
78174
78380
78568
78776
78972
79153
79329
79536
79751
79959
80152
80378
80581
80759
80931
81120
81333
81504
81715
81915
82089
82282
82472
82635
82838
83054
83254
83454
83628
83812
84009
84194
84382
84575
84736
84940
85142
85330
85504
85687
85893
86103
86281
86458
86666
86862
87050
87239
87413
87624
87835
88017
88199
88405
88580
88773
88952
89140
89338
89524
89704
89887
90058
90268
90455
90636
90826
91047
91250
91433
91619
91805
91990
92196
92387
92578
92780
92976
93176
93388
93582
93769
93957
94127
94304
94498
94695
94883
95071
95250
95431
95625
95811
95985
96185
96367
96544
96731
96915
97127
97316
97533
97747
97907
98097
98273
98464
98660
98862
99037
99231
99428
99633
99841
100031
100214
100426
100617
100775
100972
101154
101344
101537
101715
101887
102073
102294
102473
102664
102845
103060
103264
103458
103645
103832
104018
104191
104382
104547
104728
104938
105114
105299
105509
105715
105918
106108
106311
106493
106702
106887
107061
107250
107461
107634
107831
108010
108188
108403
108608
108788
108969
109140
109323
109517
109717
109917
110117
110323
110506
110689
110877
111058
111244
111436
111618
111823
112013
112210
112412
112609
112800
112995
113203
113381
113587
113763
113918
114121
114298
114489
114699
114901
115091
115259
115453
115639
115822
116013
116229
116438
116637
116834
117006
117196
117377
117559
117759
117949
118151
118349
118563
118740
118901
119087
119280
119475
119685
