0
244
455
679
885
1095
1307
1535
1747
1956
2151
2401
2608
2820
3036
3244
3442
3635
3832
4047
4271
4461
4661
4857
5039
5230
5436
5648
5816
6014
6221
6403
6619
6830
7032
7246
7467
7673
7860
8074
8255
8481
8691
8904
9111
9324
9539
9748
9942
10140
10346
10553
10726
10934
11132
11334
11532
11744
11913
12125
12337
12550
12761
12991
13184
13378
13565
13767
13964
14195
14409
14619
14839
15030
15208
15424
15624
15818
16022
16226
16456
16668
16895
17107
17319
17510
17700
17898
18106
18311
18531
18737
18950
19168
19396
19623
19821
20021
20237
20465
20688
20907
21114
21315
21541
21765
21984
22186
22370
22626
22834
23056
23267
23491
23687
23883
24121
24328
24551
24737
24934
25118
25321
25530
25752
25970
26194
26385
26599
26821
27033
27262
27469
27661
27853
28064
28277
28500
28710
28899
29098
29311
29510
29716
29918
30135
30346
30524
30724
30945
31154
31355
31564
31762
31969
32191
32401
32586
32817
33005
33243
33463
33683
33903
34121
34331
34520
34721
34964
35193
35398
35597
35798
35972
36177
36390
36578
36783
37018
37235
37450
37667
37872
38070
38246
38475
38682
38877
39088
39298
39481
39705
39908
40116
40321
40523
40745
40921
41113
41329
41534
41733
41939
42145
42370
42593
42792
43003
43205
43378
43595
43782
44001
44191
44398
44612
44820
45030
45244
45459
45659
45866
46067
46259
46464
46656
46852
47080
47300
47492
47682
47889
48114
48333
48534
48772
48970
49173
49373
49579
49770
49966
50168
50373
50573
50804
51011
51212
51411
51620
51815
52017
52219
52428
52655
52853
53094
53297
53481
53674
53868
54073
54274
54486
54672
54888
55092
55275
55493
55686
55876
56082
56274
56453
56659
56878
57067
57289
57483
57689
57879
58073
58285
58495
58690
58922
59155
59348
59552
59751
59936
60139
60327
60553
60763
60935
61134
61318
61520
61723
61915
62111
62284
62501
62718
62935
63141
63360
63571
63772
63999
64199
64425
64624
64836
65042
65235
65448
65668
65874
66063
66261
66433
66618
66822
67037
67244
67435
67631
67843
68016
68212
68403
68621
68791
69000
69199
69416
69634
69826
70043
70254
70445
70642
70829
71025
71214
71404
71610
71821
72013
72217
72426
72629
72815
73035
73245
73439
73619
73795
74007
74179
74361
74543
74716
74931
75134
75337
75557
75771
75989
76212
76402
76612
76784
76954
77153
77352
77566
77767
77974
78165
78364
78565
78765
78964
79183
79384
79571
79775
79984
80161
80370
80594
80781
80977
81165
81362
81535
81734
81939
82163
82377
82559
82758
82958
83167
83367
83566
83768
83946
84135
84336
84536
84728
84939
85125
85309
85514
85670
85869
86076
86268
86464
86686
86890
87100
87304
87502
87695
87876
88066
88273
88463
88664
88865
89070
89264
89444
89655
89866
90074
90267
90481
90692
90888
91086
91276
91446
91625
91804
91978
92170
92365
92576
92788
92988
93173
93363
93552
93742
93947
94144
94351
94569
94768
94964
95176
95348
95532
95705
95897
96095
96279
96492
96688
96874
97074
97288
97489
97699
97927
98106
98314
98534
98749
98946
99153
99347
99543
99750
99942
100112
100279
100496
100703
100913
101101
101293
101471
101655
101813
102002
102180
102372
102570
102772
102946
103128
103304
103489
103696
103888
104065
104282
104480
104685
104884
105085
105280
105459
105640
105842
106034
106232
106429
106602
106775
106973
107177
107356
107543
107742
107936
108137
108328
108521
108706
108898
109080
109267
109464
109640
109828
110042
110224
110443
110626
110817
110990
111170
111367
111584
111756
111937
112116
112296
112473
112651
112848
113030
113232
113406
113594
113766
113937
114138
114329
114511
114688
114890
115098
115296
115483
115675
115883
116052
116262
116451
116638
116814
116997
117168
117350
117528
117720
117922
118114
118288
118472
118658
118848
119057
119253
119473
119654
119848
120023
120217
120388
120555
