0
228
451
674
902
1133
1334
1578
1807
2019
2216
2447
2672
2862
3082
3289
3488
3674
3871
4079
4278
4472
4679
4875
5067
5254
5476
5699
5914
6115
6308
6498
6703
6883
7099
7281
7512
7744
7979
8192
8393
8568
8757
9012
9218
9435
9646
9835
10056
10290
10493
10688
10878
11095
11291
11478
11709
11898
12095
12302
12513
12729
12953
13147
13376
13593
13799
14006
14209
14416
14623
14815
15010
15215
15451
15673
15883
16098
16296
16500
16720
16938
17140
17358
17559
17783
17997
18194
18388
18613
18841
19053
19261
19461
19697
19911
20135
20330
20535
20735
20942
21156
21346
21546
21769
22018
22217
22465
22660
22863
23059
23281
23495
23714
23914
24130
24330
24551
24772
24982
25189
25384
25619
25826
26020
26244
26453
26646
26886
27074
27295
27503
27707
27915
28115
28325
28549
28753
28977
29198
29423
29622
29850
30065
30280
30504
30719
30905
31122
31315
31506
31719
31947
32179
32415
32613
32797
32996
33216
33429
33633
33821
34045
34262
34475
34667
34871
35069
35279
35494
35706
35904
36102
36302
36505
36689
36910
37139
37342
37537
37754
37968
38139
38359
38581
38798
39003
39198
39391
39607
39808
40009
40212
40435
40634
40848
41046
41261
41448
41653
41871
42085
42297
42494
42703
42910
43136
43326
43539
43736
43944
44150
44362
44548
44757
44953
45183
45375
45558
45751
45933
46143
46375
46563
46766
46970
47176
47405
47594
47773
47979
48177
48365
48588
48774
48979
49175
49359
49539
49766
49989
50185
50403
50612
50778
50975
51168
51379
51586
51834
52050
52257
52459
52674
52899
53113
53332
53528
53731
53933
54134
54349
54559
54776
54972
55186
55389
55592
55787
56009
56223
56440
56634
56855
57054
57256
57495
57712
57932
58157
58350
58558
58773
58966
59179
59387
59614
59802
60007
60209
60428
60632
60842
61029
61219
61430
61617
61839
62064
62252
62464
62658
62854
63050
63256
63463
63680
63868
64057
64251
64448
64635
64825
65029
65212
65417
65617
65806
66028
66237
66466
66670
66869
67056
67241
67439
67669
67879
68066
68289
68519
68708
68885
69087
69287
69505
69716
69926
70119
70282
70486
70704
70903
71098
71290
71497
71699
71896
72111
72285
72488
72693
72882
73074
73264
73462
73682
73885
74105
74304
74503
74689
74886
75064
75267
75463
75638
75843
76024
76249
76463
76660
76875
77079
77288
77481
77689
77897
78093
78313
78502
78675
78872
79066
79282
79491
79682
79863
80067
80249
80440
80621
80820
81010
81202
81400
81600
81804
81993
82203
82411
82607
82793
83004
83202
83420
83599
83801
83988
84206
84412
84596
84772
84990
85190
85398
85592
85799
86000
86204
86402
86626
86823
87021
87240
87437
87627
87812
87992
88184
88404
88573
88742
88948
89124
89302
89489
89669
89854
90047
90235
90412
90620
90807
90993
91162
91370
91545
91708
91890
92086
92292
92501
92714
92919
93131
93311
93508
93687
93864
94058
94259
94438
94645
94835
95038
95225
95409
95609
95815
96007
96207
96382
96570
96764
96973
97172
97353
97561
97756
97937
98145
98328
98532
98742
98929
99096
99278
99471
99662
99856
100067
100273
100471
100653
100849
101017
101200
101378
101559
101756
101966
102152
102376
102540
102758
102953
103144
103344
103542
103739
103947
104161
104344
104554
104746
104921
105124
105316
105530
105711
105918
106119
106323
106537
106730
106922
107094
107298
107471
107648
107821
108007
108197
108391
108548
108737
108935
109104
109299
109481
109689
109875
110043
110228
110421
110574
110756
110955
111144
111345
111543
111742
111908
112079
112263
112435
112612
112814
113007
113214
113372
113551
113754
113932
114119
114300
114478
114680
114892
115092
115276
115457
115645
115829
116028
116223
116433
116591
116791
116986
117173
117359
117539
117714
117903
118100
118282
118464
118650
118846
119020
119226
119401
119589
119767
119967
120167
120371
120581
120752
