0
210
421
653
881
1089
1272
1509
1700
1933
2135
2332
2557
2748
2966
3166
3399
3622
3815
4005
4210
4390
4598
4818
5016
5239
5446
5669
5870
6054
6250
6438
6646
6839
7037
7251
7418
7606
7798
8002
8221
8434
8654
8852
9065
9282
9486
9676
9881
10112
10314
10525
10744
10968
11188
11405
11616
11818
11992
12206
12396
12599
12820
13030
13242
13438
13638
13843
14047
14239
14434
14649
14880
15115
15316
15542
15756
15960
16142
16345
16577
16773
17000
17214
17439
17673
17879
18060
18268
18490
18684
18892
19112
19328
19526
19738
19926
20126
20347
20542
20747
20977
21206
21408
21596
21804
22017
22199
22410
22621
22832
23073
23280
23509
23732
23939
24134
24355
24538
24794
25018
25206
25414
25637
25844
26027
26235
26446
26675
26866
27056
27279
27454
27676
27884
28069
28287
28532
28744
28942
29170
29372
29568
29752
29957
30167
30336
30542
30768
30996
31185
31376
31580
31782
31984
32186
32398
32612
32793
33015
33200
33398
33602
33807
34016
34216
34417
34610
34827
35002
35187
35409
35612
35807
36020
36217
36440
36644
36849
37065
37274
37483
37702
37920
38134
38322
38522
38714
38921
39163
39347
39561
39787
40007
40205
40404
40634
40840
41042
41241
41442
41678
41892
42103
42311
42519
42715
42898
43111
43297
43516
43695
43908
44141
44331
44515
44717
44916
45132
45323
45577
45819
46015
46212
46434
46652
46882
47087
47275
47486
47697
47883
48091
48299
48473
48673
48858
49068
49264
49471
49677
49898
50098
50274
50478
50705
50913
51121
51360
51575
51767
51983
52208
52416
52595
52803
52985
53186
53413
53643
53816
54019
54214
54429
54615
54827
55046
55226
55402
55596
55805
56000
56215
56391
56594
56789
57009
57218
57423
57610
57837
58029
58234
58457
58650
58859
59048
59251
59473
59680
59876
60063
60255
60453
60642
60863
61083
61289
61518
61723
61942
62131
62322
62533
62753
62948
63143
63349
63520
63709
63938
64116
64319
64529
64723
64917
65126
65336
65551
65726
65914
66112
66295
66512
66731
66952
67144
67346
67572
67763
67976
68204
68416
68633
68833
69015
69192
69420
69604
69785
69985
70176
70395
70625
70827
71004
71191
71379
71591
71815
72024
72212
72400
72602
72824
73023
73230
73449
73638
73832
74037
74227
74411
74617
74809
75001
75199
75406
75592
75776
75996
76200
76373
76571
76788
76977
77187
77387
77581
77784
77977
78171
78372
78585
78802
78989
79199
79391
79573
79775
79979
80175
80389
80588
80800
80982
81168
81355
81546
81748
81957
82154
82351
82530
82723
82920
83114
83341
83553
83748
83956
84165
84374
84568
84754
84937
85144
85362
85555
85763
85952
86123
86314
86505
86713
86911
87095
87312
87503
87697
87879
88101
88301
88495
88692
88891
89072
89300
89477
89664
89854
90045
90231
90416
90593
90796
91012
91218
91412
91586
91768
91950
92149
92348
92566
92776
92992
93194
93398
93591
93798
93979
94176
94349
94548
94728
94915
95124
95335
95542
95720
95886
96062
96274
96488
96694
96900
97105
97309
97502
97683
97877
98070
98256
98441
98641
98824
99036
99234
99412
99586
99792
99964
100144
100339
100507
100714
100888
101074
101285
101468
101655
101839
102027
102222
102402
102559
102748
102939
103152
103316
103499
103698
103927
104134
104319
104531
104731
104934
105139
105322
105505
105698
105896
106119
106304
106506
106697
106880
107066
107268
107463
107660
107881
108083
108266
108473
108684
108901
109097
109292
109503
109677
109850
110032
110225
110418
110610
110785
110986
111196
111388
111589
111771
111964
112153
112304
112489
112694
112883
113065
113247
113446
113631
113814
113986
114172
114369
114559
114765
114955
115159
115306
115491
115676
115876
116081
116236
116427
116628
116813
116993
117177
117357
117532
117723
117936
118128
118306
118514
118708
118894
119084
119262
119470
119675
119876
120086
120295
120477
120651
