0
0
6
22
74
135
186
272
383
462
539
644
737
806
862
929
996
1079
1159
1194
1267
1304
1341
1355
1391
1424
1469
1503
1537
1525
1557
1574
1590
1605
1615
1637
1655
1652
1665
1661
1657
1676
1674
1652
1661
1673
1670
1655
1654
1669
1653
1620
1598
1574
1561
1545
1528
1494
1482
1452
1424
1383
1359
1345
1320
1287
1256
1234
1203
1192
1167
1136
1106
1070
1041
1003
981
940
919
885
868
841
830
823
808
801
780
780
760
751
748
743
743
748
740
744
724
711
702
681
666
649
636
619
596
583
580
563
548
525
511
490
460
442
434
419
404
382
372
347
344
334
325
307
291
281
268
260
253
246
236
227
218
202
182
168
165
151
142
132
121
120
115
107
100
97
95
92
89
88
80
76
73
70
68
62
57
56
54
50
48
45
42
39
38
35
35
34
32
29
28
24
24
22
22
21
19
17
16
14
13
12
12
11
11
10
10
10
9
6
6
5
5
5
4
3
3
3
3
3
3
2
2
2
2
1
1
1
1
1
1
1
1
1
1
0
0
0
0
0
0
0
0
0
0
0
0
0
0
0
0
0
0
0
0
0
0
0
0
0
0
0
0
0
0
0
0
0
0
0
0
0
0
0
0
0
0
0
0
0
0
0
0
0
0
0
0
0
0
0
0
0
0
0
0
0
0
0
0
0
0
0
0
0
0
0
0
0
0
0
0
0
0
0
0
0
0
0
0
0
0
0
0
0
0
0
0
0
0
0
0
0
0
0
0
0
0
0
0
0
0
0
0
0
0
0
0
0
0
0
0
0
0
0
0
0
0
0
0
0
0
0
0
0
0
0
0
0
0
0
0
0
0
0
0
0
0
0
0
0
0
0
0
0
0
0
0
0
0
0
0
0
0
0
0
0
0
0
0
0
0
0
0
0
0
0
0
0
0
0
0
0
0
0
0
0
0
0
0
0
0
0
0
0
0
0
0
0
0
0
0
0
0
0
0
0
0
0
0
0
0
0
0
0
0
0
0
0
0
0
0
0
0
0
0
0
0
0
0
0
0
0
0
0
0
0
0
0
0
0
0
0
0
0
0
0
0
0
0
0
0
0
0
0
0
0
0
0
0
0
0
0
0
0
0
0
0
0
0
0
0
0
0
0
0
0
0
0
0
0
0
0
0
0
0
0
0
0
0
0
0
0
0
0
0
0
0
0
0
0
0
0
0
0
0
0
0
0
0
0
0
0
0
0
0
0
0
0
0
0
0
0
0
0
0
0
0
0
0
0
0
0
0
0
0
0
0
0
0
0
0
0
0
0
0
0
0
0
0
0
0
0
0
0
0
0
0
0
0
0
0
0
0
0
0
0
0
0
0
0
0
0
0
0
0
0
0
0
0
0
0
0
0
0
0
0
0
0
0
0
0
