0
2
6
27
62
111
164
240
307
388
479
562
662
764
849
895
967
1041
1102
1141
1204
1253
1308
1330
1362
1369
1397
1431
1451
1463
1510
1536
1576
1606
1607
1615
1623
1641
1673
1670
1660
1667
1660
1638
1632
1629
1627
1616
1588
1566
1573
1568
1538
1536
1533
1517
1504
1486
1454
1452
1433
1415
1387
1373
1340
1312
1295
1269
1243
1204
1171
1147
1129
1108
1065
1044
1034
1016
990
961
932
903
875
854
821
788
758
741
713
692
662
638
607
597
589
568
560
550
549
544
527
527
522
497
504
496
494
496
498
514
518
525
539
539
536
560
577
590
604
626
636
652
672
671
686
716
726
740
769
791
789
793
808
812
821
816
833
842
842
859
849
844
836
838
853
862
867
876
887
887
894
895
892
897
897
903
914
920
922
898
904
893
890
881
884
879
874
878
878
884
885
879
875
870
867
875
883
872
868
861
850
842
846
854
848
841
849
851
841
844
830
814
821
816
805
776
767
749
737
724
721
713
714
717
713
704
692
696
699
693
685
697
707
697
714
700
711
713
719
729
744
757
766
773
765
779
782
781
785
794
808
803
799
774
769
748
728
722
723
710
698
703
715
706
710
707
700
686
688
693
699
713
723
733
739
724
728
733
740
744
743
753
764
771
770
779
777
792
806
803
823
822
832
827
834
816
811
797
795
809
804
797
790
775
777
775
768
760
767
778
781
782
776
783
788
785
785
782
777
789
773
794
793
782
791
800
797
810
828
824
825
824
839
848
878
891
884
890
881
893
898
916
926
940
945
957
955
961
948
964
959
938
932
934
947
941
936
935
947
942
943
948
950
937
938
945
941
939
928
923
916
901
900
891
910
896
899
903
879
884
891
890
896
905
898
914
894
878
878
870
876
865
844
843
847
848
851
860
855
854
859
863
859
865
860
866
868
873
872
872
882
895
894
900
906
888
900
894
880
887
894
886
876
885
888
885
879
856
849
847
848
866
862
845
859
885
893
884
883
868
864
862
867
872
873
878
885
893
887
893
909
935
935
954
952
947
941
932
923
924
913
920
928
940
952
975
954
956
950
944
945
959
961
975
956
969
964
941
940
949
947
926
933
915
907
901
902
905
895
888
902
892
886
881
896
900
908
905
890
895
895
896
876
870
881
893
867
868
880
873
874
891
895
891
885
883
886
879
875
869
856
844
850
840
849
847
833
829
824
817
820
817
819
814
827
823
836
852
860
882
887
889
886
881
879
894
898
878
886
913
933
922
929
921
938
935
955
947
966
980
990
1004
1005
1004
1020
1028
1021
1019
1031
1023
1022
997
998
996
988
998
995
989
979
963
946
935
932
924
922
916
882
874
859
846
833
825
824
827
816
817
819
813
809
807
807
795
788
787
783
784
787
782
786
784
777
768
756
744
732
724
717
710
718
718
712
