0
1
5
32
62
130
201
270
342
437
519
617
700
779
870
912
982
1042
1090
1119
1165
1224
1255
1311
1344
1362
1386
1423
1441
1472
1480
1513
1518
1523
1543
1558
1567
1549
1545
1549
1530
1519
1548
1556
1566
1575
1560
1575
1567
1549
1538
1519
1506
1478
1466
1433
1447
1451
1449
1429
1430
1392
1379
1387
1379
1358
1354
1323
1306
1304
1285
1275
1247
1208
1194
1169
1166
1153
1139
1115
1090
1064
1048
1040
1022
1005
991
975
942
944
931
927
914
899
894
878
856
838
833
839
821
826
817
814
805
811
801
800
782
785
777
778
777
768
780
776
754
751
749
755
760
760
761
759
752
764
764
768
759
743
745
734
724
746
741
757
755
743
747
724
728
731
734
728
728
735
728
727
745
737
724
706
696
693
682
684
684
698
691
684
682
685
674
650
662
667
691
683
679
685
671
679
670
661
656
662
654
664
658
646
637
625
618
629
628
639
642
650
641
649
638
650
635
635
638
632
631
623
620
607
592
588
583
591
599
600
583
578
572
553
548
555
559
554
552
551
542
533
536
544
546
534
527
527
517
516
525
516
529
528
514
517
524
541
550
554
553
549
554
552
558
563
573
563
563
567
569
566
577
587
588
590
583
587
580
580
587
590
596
574
565
570
570
573
586
590
587
600
583
584
578
580
580
570
574
586
577
581
575
580
591
600
615
625
633
630
640
634
632
648
639
652
655
648
649
648
643
647
646
642
639
652
663
648
644
641
643
637
648
664
666
670
656
648
644
654
658
660
650
651
666
672
666
657
642
641
658
672
682
694
704
719
713
710
719
714
717
723
715
714
717
725
727
738
767
777
771
766
769
782
781
775
763
762
773
773
768
767
761
771
778
797
788
797
809
808
796
797
804
788
779
793
781
787
784
778
776
776
781
788
793
799
807
827
818
826
834
826
833
829
854
871
882
876
872
856
871
883
878
856
858
857
872
880
897
888
884
869
858
872
883
877
885
895
879
888
886
882
888
890
902
891
895
889
902
909
901
918
934
915
909
898
924
927
927
924
929
933
946
942
951
960
976
967
984
980
972
968
975
973
985
970
956
951
967
976
985
987
971
982
978
1010
1019
1030
1046
1044
1063
1067
1067
1071
1080
1113
1096
1094
1090
1086
1078
1068
1082
1093
1078
1076
1064
1087
1079
1078
1068
1062
1075
1085
1096
1068
1049
1055
1049
1052
1048
1053
1037
1041
1049
1042
1034
1025
1027
1032
1045
1047
1046
1043
1053
1059
1061
1073
1084
1095
1089
1083
1088
1080
1091
1082
1097
1067
1070
1093
1068
1065
1057
1067
1056
1050
1059
1071
1075
1053
1053
1081
1080
1064
1070
1064
1059
1060
1086
1097
1102
1109
1098
1096
1096
1108
1105
1115
1116
1092
1085
1089
1092
1107
1104
1115
1104
1105
1120
1131
1137
1145
1125
1130
1142
1127
1118
1112
1124
1150
1148
1156
1174
1171
1159
1182
1182
1206
1197
1184
1186
1194
1187
1197
1194
1179
1174
1163
1161
1151
1127
1138
1134
1150
1142
