0
3
10
27
65
126
179
247
317
398
489
603
681
734
808
893
957
1027
1088
1138
1200
1238
1311
1350
1368
1420
1463
1481
1483
1512
1517
1538
1552
1567
1609
1629
1656
1654
1670
1675
1664
1670
1671
1663
1665
1667
1627
1615
1602
1564
1555
1541
1520
1513
1519
1467
1429
1417
1407
1398
1365
1352
1331
1322
1309
1300
1268
1234
1234
1204
1174
1162
1142
1135
1117
1104
1071
1042
1015
993
976
957
952
955
938
919
925
897
880
868
863
862
872
866
854
841
836
825
820
808
799
795
777
781
785
780
758
765
783
773
773
756
749
739
744
743
748
759
748
756
745
734
736
740
742
735
730
718
723
716
701
696
674
677
670
661
650
649
643
648
650
657
647
655
650
660
662
674
680
697
697
701
702
692
709
698
700
702
690
695
695
701
713
705
692
699
694
679
701
693
687
694
694
703
702
715
706
698
710
711
709
716
726
740
748
739
740
740
745
749
746
757
758
760
746
742
752
749
750
759
749
752
742
735
740
722
729
742
749
741
731
728
723
728
733
747
738
748
734
721
717
716
704
701
700
706
716
709
698
700
700
709
698
689
692
684
671
675
663
674
685
689
685
684
682
694
677
686
701
701
698
702
706
706
700
701
721
723
712
713
717
717
709
711
713
714
718
705
692
698
690
692
696
696
692
686
668
668
670
658
661
669
675
681
680
681
680
676
660
657
653
660
641
656
651
653
661
664
660
668
669
666
677
667
675
676
678
675
683
692
702
716
720
722
723
704
716
714
707
714
718
731
715
719
718
718
724
729
724
728
722
710
720
720
728
731
740
753
759
751
728
722
728
725
736
736
726
716
721
722
720
704
706
716
706
709
708
703
720
720
730
744
727
730
745
742
742
735
743
747
747
749
748
743
755
754
767
777
772
761
757
759
745
742
772
789
789
792
809
802
827
837
831
850
859
865
855
853
855
874
885
892
890
904
897
901
918
909
894
906
912
906
892
878
887
875
869
886
890
879
884
875
879
880
879
862
874
875
875
874
873
886
897
899
906
924
911
914
913
914
909
913
919
927
918
918
946
948
955
950
954
949
933
919
916
921
938
943
936
941
950
943
948
944
958
964
953
962
955
969
952
951
974
974
979
1005
1000
1000
992
989
977
995
1017
1020
1019
1013
1008
1002
1019
992
1012
1010
1005
1014
1020
1007
1000
1035
1034
1025
1030
1034
1043
1033
1025
1017
1020
1001
1009
1023
1023
1010
984
1000
997
1021
1017
1035
1047
1064
1050
1046
1038
1058
1050
1057
1062
1059
1059
1060
1064
1062
1073
1086
1087
1087
1082
1084
1075
1061
1063
1059
1042
1031
1040
1038
1066
1065
1075
1059
1054
1034
1034
1038
1040
1054
1070
1078
1077
1094
1098
1103
1094
1117
1112
1099
1089
1082
1084
1079
1068
1067
1062
1088
1092
1093
1098
1105
1092
1101
1109
1110
1121
1114
1116
1133
1146
1136
1128
1132
1124
1102
1093
1090
1114
1114
1123
1118
1145
1136
1139
