0
2
13
36
70
116
187
245
326
422
505
579
683
799
849
912
997
1061
1141
1191
1220
1258
1290
1328
1386
1451
1483
1515
1541
1553
1584
1609
1590
1595
1634
1655
1651
1647
1635
1634
1631
1622
1642
1609
1594
1589
1605
1599
1582
1555
1554
1552
1549
1546
1533
1518
1500
1476
1451
1461
1420
1402
1374
1354
1316
1305
1254
1240
1225
1228
1187
1190
1156
1119
1093
1074
1043
1034
1028
995
956
932
911
885
881
857
861
840
827
814
789
779
798
785
783
782
784
792
795
798
796
798
793
806
807
794
783
775
758
768
762
760
747
742
727
720
731
734
730
734
732
729
726
720
719
719
714
718
715
717
722
726
726
717
724
729
718
735
743
737
740
747
750
772
789
797
802
796
815
822
831
835
839
844
835
841
847
852
865
852
854
848
846
867
857
847
840
856
858
856
861
848
856
859
852
850
842
847
845
839
831
834
821
814
821
801
804
784
780
780
795
808
800
812
797
791
789
784
788
776
769
798
792
792
805
789
784
788
776
774
779
779
776
779
776
773
771
759
762
747
748
736
743
741
739
725
719
707
701
690
689
699
703
700
692
691
681
660
666
669
668
661
669
676
673
661
653
653
659
673
665
657
637
638
632
642
626
627
626
624
612
615
620
625
625
641
653
642
642
651
648
648
643
645
631
642
642
650
627
622
616
611
619
615
610
629
628
618
619
628
621
637
630
655
663
664
666
661
675
662
662
678
672
661
685
668
679
680
682
687
695
690
689
689
692
690
674
674
680
675
675
654
649
655
659
664
656
667
672
667
683
683
677
693
688
674
688
685
686
695
702
708
699
718
706
719
724
725
734
737
734
725
743
738
739
728
731
738
735
728
723
724
728
742
744
738
748
754
758
768
774
793
770
775
787
785
781
800
808
819
821
816
809
812
819
831
836
837
842
865
873
863
875
868
839
826
824
832
828
836
845
861
855
862
876
870
861
849
832
823
829
837
824
837
861
868
855
863
869
869
865
865
881
875
858
874
876
887
890
882
892
877
885
902
912
901
899
885
883
887
879
871
860
844
838
839
854
890
907
907
929
922
908
901
887
883
893
891
901
893
910
916
943
940
945
955
961
956
950
942
940
941
953
959
959
965
963
971
980
986
1000
1002
1013
1021
1008
1018
1005
1013
1016
1017
1032
1045
1032
1038
1042
1039
1048
1044
1030
1034
1027
1003
1020
1015
1025
1030
1029
1027
1025
1032
1014
1024
1025
1026
1019
1029
1040
1038
1046
1044
1056
1055
1040
1030
1015
1019
1023
1018
1025
1019
1023
1025
1021
1022
1020
1030
1051
1046
1055
1041
1017
1020
1038
1035
1041
1051
1036
1043
1046
1055
1062
1082
1103
1111
1103
1104
1097
1098
1080
1075
1081
1077
1084
1103
1108
1095
1110
1103
1115
1126
1142
1132
1133
1150
1142
1142
1149
1155
1138
1132
1118
1126
1154
1132
1128
1133
1130
1128
1129
1137
1122
1131
1129
1114
1098
1099
1081
1077
1067
1070
1036
