0	0
0.1	2.1
0.2	9.5
0.3	31.3
0.4	69.9
0.5	127.1
0.6	187
0.7	262.8
0.8	342.1
0.9	431.2
1	517.8
1.1	611.7
1.2	695.8
1.3	780.8
1.4	853.4
1.5	926.6
1.6	998.9
1.7	1061.8
1.8	1119.6
1.9	1163.6
2	1210.7
2.1	1251
2.2	1295.8
2.3	1327.7
2.4	1366.9
2.5	1400.2
2.6	1433.3
2.7	1460.8
2.8	1482.4
2.9	1497.7
3	1514.4
3.1	1540.8
3.2	1555.6
3.3	1568.2
3.4	1576.3
3.5	1588.9
3.6	1598.4
3.7	1596.6
3.8	1603.9
3.9	1599.5
4	1594.1
4.1	1595.8
4.2	1596.3
4.3	1590.3
4.4	1593.4
4.5	1593.1
4.6	1584.1
4.7	1575.5
4.8	1563.8
4.9	1548.5
5	1539.7
5.1	1530.9
5.2	1517.1
5.3	1501.8
5.4	1494.7
5.5	1473.3
5.6	1462.4
5.7	1446.6
5.8	1429.6
5.9	1411.4
6	1390.5
6.1	1367.1
6.2	1352.4
6.3	1342
6.4	1321.3
6.5	1305.4
6.6	1285.4
6.7	1260.7
6.8	1248.9
6.9	1227.8
7	1202.9
7.1	1185.5
7.2	1163.1
7.3	1139.1
7.4	1113.2
7.5	1093
7.6	1073.7
7.7	1050.3
7.8	1034.3
7.9	1010.7
8	989.2
8.1	965.2
8.2	945.2
8.3	927.3
8.4	907.9
8.5	886.1
8.6	872.7
8.7	857
8.8	836.8
8.9	822.8
9	805.5
9.1	794.4
9.2	782.2
9.3	769.5
9.4	758.7
9.5	747.3
9.6	733.7
9.7	720.9
9.8	711.7
9.9	704.2
10	691.7
10.1	686.1
10.2	676.7
10.3	665.9
10.4	660.3
10.5	648.9
10.6	642.4
10.7	639
10.8	632.2
10.9	626.3
11	621.3
11.1	616.9
11.2	611
11.3	603.8
11.4	601.5
11.5	600.1
11.6	598.6
11.7	598.2
11.8	593.1
11.9	598.3
12	598.8
12.1	598.9
12.2	600.5
12.3	601.8
12.4	603.3
12.5	609.5
12.6	613.2
12.7	615.7
12.8	617
12.9	620.8
13	622.7
13.1	623.2
13.2	622.9
13.3	628.7
13.4	628.6
13.5	624.6
13.6	624.5
13.7	624.9
13.8	628.9
13.9	626.9
14	625.4
14.1	627
14.2	624.1
14.3	625.4
14.4	627.8
14.5	631.7
14.6	630.6
14.7	631.4
14.8	636.2
14.9	635.5
15	633.8
15.1	636.2
15.2	632.8
15.3	630.2
15.4	627.3
15.5	626.3
15.6	628.9
15.7	627.7
15.8	625.1
15.9	617.7
16	616.4
16.1	612.1
16.2	612.1
16.3	612.6
16.4	613.7
16.5	613.6
16.6	612.9
16.7	612.5
16.8	613.5
16.9	613.6
17	610.7
17.1	609.4
17.2	607.5
17.3	602.9
17.4	602.2
17.5	601.1
17.6	600.2
17.7	599.7
17.8	601.2
17.9	594.9
18	589.9
18.1	587.8
18.2	584.6
18.3	586.9
18.4	585.6
18.5	581.4
18.6	584.5
18.7	583.8
18.8	579.7
18.9	580.5
19	581.4
19.1	583.2
19.2	581.4
19.3	582.4
19.4	575.8
19.5	567.7
19.6	564.1
19.7	561.4
19.8	561.6
19.9	556.3
20	555.3
20.1	555.2
20.2	550.3
20.3	549.6
20.4	552.6
20.5	548.1
20.6	542.9
20.7	546.2
20.8	541.2
20.9	539
21	537.6
21.1	537.7
21.2	539.1
21.3	535.7
21.4	539.3
21.5	533.3
21.6	532.2
21.7	532.3
21.8	531.6
21.9	531.9
22	532.4
22.1	531.5
22.2	530.2
22.3	530.4
22.4	527.7
22.5	529.6
22.6	531.6
22.7	528.8
22.8	530.5
22.9	529.9
23	532.3
23.1	532.4
23.2	534.1
23.3	533.1
23.4	535.1
23.5	535.5
23.6	534.9
23.7	531.2
23.8	532.3
23.9	531.4
24	532.6
24.1	529.4
24.2	534.9
24.3	533.3
24.4	531.5
24.5	532.4
24.6	528.8
24.7	530.7
24.8	535.1
24.9	540.3
25	540.6
25.1	541.8
25.2	540.4
25.3	542.3
25.4	541.2
25.5	543
25.6	546.1
25.7	548
25.8	546.5
25.9	545.1
26	543.7
26.1	543.9
26.2	541.3
26.3	547.6
26.4	547.5
26.5	549.4
26.6	548.7
26.7	549.4
26.8	547.9
26.9	551.9
27	552.7
27.1	554.2
27.2	557.8
27.3	557.1
27.4	557.6
27.5	557.9
27.6	552.7
27.7	553.1
27.8	551.3
27.9	553.2
28	554.3
28.1	551.7
28.2	552.3
28.3	549.6
28.4	549.1
28.5	550.1
28.6	547.9
28.7	545.5
28.8	546.4
28.9	548
29	543.1
29.1	548.3
29.2	546.8
29.3	552.4
29.4	556.6
29.5	559.6
29.6	562.1
29.7	557.8
29.8	555.8
29.9	558
30	555.1
30.1	557.3
30.2	557.8
30.3	554.6
30.4	558.4
30.5	556.3
30.6	559
30.7	555.2
30.8	558.1
30.9	558.4
31	560.8
31.1	559.9
31.2	559.5
31.3	560.5
31.4	564.5
31.5	564.9
31.6	565.6
31.7	570.3
31.8	569.7
31.9	572.2
32	572.9
32.1	573.7
32.2	571.7
32.3	573.4
32.4	575.2
32.5	575.6
32.6	579.7
32.7	584.5
32.8	585.2
32.9	586.4
33	588
33.1	586.2
33.2	587.1
33.3	587.7
33.4	590.5
33.5	588
33.6	591
33.7	592.4
33.8	598.3
33.9	601.3
34	599.6
34.1	604
34.2	602.1
34.3	604.2
34.4	608.3
34.5	611.1
34.6	612.1
34.7	612.1
34.8	613.5
34.9	618.2
35	619.3
35.1	611.3
35.2	611
35.3	611.2
35.4	613.9
35.5	610.2
35.6	612.6
35.7	611.8
35.8	605.5
35.9	604.2
36	607
36.1	609.8
36.2	605
36.3	603.6
36.4	605.3
36.5	606.4
36.6	602.6
36.7	603.8
36.8	607.6
36.9	607.6
37	610.9
37.1	615.3
37.2	611.5
37.3	610.9
37.4	614
37.5	614.3
37.6	621.5
37.7	628.2
37.8	633.3
37.9	639.6
38	639.6
38.1	641.5
38.2	640.9
38.3	643.7
38.4	650.8
38.5	656
38.6	659.5
38.7	661.1
38.8	667.6
38.9	668.7
39	677.2
39.1	685.2
39.2	689.1
39.3	692.4
39.4	692.3
39.5	688.3
39.6	686.8
39.7	690.9
39.8	687.4
39.9	689.8
40	693.6
40.1	693.6
40.2	692.8
40.3	698.7
40.4	699.7
40.5	697.9
40.6	693.4
40.7	682.8
40.8	675.6
40.9	676.6
41	679.5
41.1	679.8
41.2	677.1
41.3	675.6
41.4	678.8
41.5	678.9
41.6	676.6
41.7	677.7
41.8	677.6
41.9	674.9
42	674.2
42.1	670.1
42.2	670.8
42.3	671.6
42.4	668.4
42.5	670.5
42.6	668.2
42.7	670.8
42.8	670.9
42.9	667.4
43	665.9
43.1	663.9
43.2	665
43.3	666.8
43.4	668.3
43.5	663.9
43.6	661.1
43.7	656.9
43.8	658.5
43.9	655.4
44	654.7
44.1	657
44.2	659.4
44.3	656.6
44.4	656.2
44.5	658.1
44.6	660.1
44.7	660.7
44.8	663
44.9	662.1
45	665.8
45.1	663.9
45.2	657.3
45.3	659.5
45.4	657.6
45.5	660.1
45.6	661.6
45.7	660.2
45.8	655
45.9	662.6
46	669
46.1	668.5
46.2	676
46.3	676.5
46.4	679.4
46.5	681.9
46.6	685.1
46.7	688.6
46.8	687
46.9	687.1
47	688.6
47.1	688.3
47.2	691.7
47.3	694.5
47.4	700.1
47.5	701.4
47.6	701.6
47.7	699
47.8	698.1
47.9	698.6
48	699.8
48.1	701
48.2	700.7
48.3	707.1
48.4	707.1
48.5	713.6
48.6	710.8
48.7	711.3
48.8	714
48.9	710.2
49	713.4
49.1	716.2
49.2	711.4
49.3	714.2
49.4	711.3
49.5	711.6
49.6	711.9
49.7	716
49.8	714.5
49.9	713.8
50	713.8
50.1	711.1
50.2	714.9
50.3	710
50.4	709.7
50.5	709.7
50.6	709
50.7	706.4
50.8	708.1
50.9	711.6
51	714.8
51.1	719
51.2	715.2
51.3	718.8
51.4	716.4
51.5	721.8
51.6	721.4
51.7	724.5
51.8	728
51.9	729.5
52	728.3
52.1	726.9
52.2	726.7
52.3	723.6
52.4	719.1
52.5	724
52.6	719.3
52.7	718.3
52.8	720
52.9	725
53	727.3
53.1	723.6
53.2	727.9
53.3	726.3
53.4	730.7
53.5	733.9
53.6	736.1
53.7	739.4
53.8	739.4
53.9	737.6
54	737.8
54.1	741.7
54.2	741.1
54.3	740.6
54.4	747.8
54.5	751.6
54.6	756.2
54.7	755.5
54.8	757.6
54.9	756.6
55	755.2
55.1	755.2
55.2	755
55.3	754.3
55.4	753.1
55.5	756.4
55.6	757.8
55.7	757.4
55.8	757.3
55.9	760.5
56	756.5
56.1	755.8
56.2	754.7
56.3	757.7
56.4	761.8
56.5	759.7
56.6	757.1
56.7	756.4
56.8	753.7
56.9	751.1
57	750.3
57.1	750.2
57.2	748.7
57.3	753.8
57.4	752.7
57.5	756
57.6	753.6
57.7	754
57.8	753.2
57.9	753.8
58	754.6
58.1	756.1
58.2	756.9
58.3	754.7
58.4	754.6
58.5	756.3
58.6	757.2
58.7	759.6
58.8	759.2
58.9	759.5
59	753.3
59.1	749.3
59.2	743.9
59.3	739.9
59.4	739.7
59.5	737.7
59.6	734.8
59.7	739.3
59.8	742.1
59.9	744.4
60	741.4
