0
91
200
292
351
372
413
448
432
456
440
437
418
429
447
448
429
406
393
396
390
370
391
416
430
446
445
452
474
496
511
524
537
545
562
562
585
618
646
660
704
692
734
745
778
797
829
881
910
931
949
982
1017
1055
1083
1102
1146
1218
1258
1316
1342
1395
1436
1479
1552
1617
1682
1745
1821
1905
1981
2061
2132
2205
2289
2362
2426
2508
2590
2661
2749
2816
2883
2954
3021
3093
3166
3246
3332
3398
3456
3535
3622
3688
3774
3853
3923
4009
4081
4159
4226
4299
4391
4496
4596
4692
4770
4864
4955
5056
5176
5271
5363
5486
5570
5649
5778
5870
5974
6075
6173
6289
6401
6497
6595
6688
6806
6917
7022
7123
7220
7332
7424
7545
7644
7762
7865
7977
8085
8197
8298
8396
8493
8600
8703
8839
8948
9045
9154
9252
9357
9458
9562
9661
9756
9882
9992
10106
10204
10320
10429
10532
10636
10745
10868
10969
11081
11175
11292
11397
11490
11584
11689
11788
11901
12015
12106
12226
12338
12440
12542
12640
12742
12840
12940
13040
13143
13243
13338
13438
13536
13648
13752
13847
13948
14059
14161
14261
14380
14491
14601
14704
14816
14921
15023
15119
15249
15350
15451
15562
15671
15794
15900
15993
16084
16194
16303
16415
16519
16609
16711
16805
16919
17027
17141
17235
17338
17439
17555
17648
17741
17844
17943
18047
18155
18249
18345
18433
18525
18623
18718
18808
18918
19043
19148
19254
19369
19479
19588
19694
19788
19901
20002
20107
20223
20334
20428
20540
20652
20750
20872
20965
21071
21177
21293
21390
21503
21618
21714
21813
21898
21999
22108
22216
22335
22436
22530
22630
22741
22842
22938
23044
23149
23234
23330
23438
23550
23653
23759
23848
23945
24058
24162
24261
24347
24467
24561
24649
24782
24880
24973
25093
25217
25310
25419
25529
25642
25741
25840
25931
26033
26148
26226
26328
26420
26517
26634
26746
26843
26945
27054
27147
27249
27355
27451
27565
27667
27785
27871
27958
28063
28157
28254
28369
28475
28553
28647
28744
28860
28968
29069
29177
29269
29395
29501
29586
29688
29811
29915
30022
30104
30206
30308
30409
30509
30613
30709
30818
30923
31025
31135
31236
31340
31439
31532
31632
31716
31815
31911
32015
32097
32214
32322
32421
32528
32639
32724
32828
32928
33042
33153
33256
33353
33464
33545
33637
33763
33875
33972
34096
34222
34316
34417
34518
34625
34726
34820
34939
35044
35156
35255
35362
35456
35555
35653
35740
35835
35961
36067
36155
36254
36351
36457
36554
36651
36757
36885
36975
37065
37160
37251
37355
37462
37569
37678
37776
37863
37964
38064
38195
38310
38427
38535
38644
38744
38849
38950
39054
39144
39241
39330
39444
39544
39640
39740
39836
39940
40040
40137
40236
40334
40423
40518
40618
40732
40841
40934
41040
41148
41269
41365
41475
41582
41698
41797
41888
41990
42121
42217
42332
42421
42532
42617
42733
42839
42942
43043
43116
43213
43329
43422
43518
43603
43713
43815
43909
44004
44095
44202
44286
44383
44475
44580
44674
44763
44863
44957
45071
45159
45266
45392
45512
45612
45713
45804
45884
45983
46086
46188
46287
46375
46462
46567
46682
46775
46870
46966
47068
47159
47256
47353
47438
47535
47636
47735
47840
47933
48036
48137
48227
48322
48416
48518
48602
48680
48792
48900
48980
49079
49165
49264
49356
49441
49557
49655
49746
49833
49931
50029
50129
50248
50341
50446
50534
50646
50745
50837
50945
51034
51142
51239
51348
51455
51557
51658
51767
51855
51954
52045
52144
52234
52328
52430
52513
52594
52703
52791
52876
52979
53080
53177
53297
53401
53500
53613
53691
53788
53904
54020
54101
54189
54271
54356
54461
54571
54667
54758
54863
54962
55049
55143
