0
96
189
274
329
386
427
455
476
472
459
447
455
424
439
429
415
419
424
398
404
422
384
392
414
443
446
471
486
496
516
540
539
554
596
586
595
609
646
681
698
734
776
802
833
881
903
931
969
1014
1009
1019
1059
1092
1141
1158
1165
1220
1254
1322
1366
1411
1455
1511
1544
1600
1636
1687
1754
1804
1868
1909
1964
2021
2091
2161
2211
2285
2359
2397
2467
2521
2585
2638
2715
2770
2831
2911
2987
3059
3143
3213
3287
3365
3433
3492
3565
3626
3690
3771
3845
3914
4003
4059
4137
4217
4274
4346
4407
4484
4572
4636
4694
4764
4811
4894
4962
5040
5098
5158
5224
5278
5346
5415
5480
5531
5594
5647
5709
5758
5804
5859
5914
5946
5991
6067
6117
6173
6217
6284
6365
6438
6488
6540
6615
6683
6721
6785
6859
6924
7027
7060
7127
7198
7272
7338
7422
7521
7579
7636
7696
7765
7825
7894
7943
8024
8113
8179
8248
8299
8380
8430
8492
8563
8630
8698
8749
8829
8893
8941
9016
9093
9142
9227
9289
9366
9441
9510
9588
9660
9720
9764
9819
9890
9968
10034
10089
10162
10218
10270
10316
10375
10456
10533
10593
10645
10708
10777
10843
10889
10936
10997
11052
11123
11194
11296
11375
11442
11507
11589
11671
11736
11794
11869
11939
12013
12081
12129
12199
12283
12361
12445
12496
12577
12638
12710
12767
12854
12941
13015
13087
13145
13210
13287
13343
13395
13486
13553
13641
13708
13771
13844
13900
13968
14051
14126
14185
14261
14360
14413
14502
14571
14657
14712
14789
14852
14925
14984
15065
15123
15179
15266
15345
15396
15453
15516
15590
15648
15715
15781
15848
15906
15966
16030
16103
16158
16218
16283
16359
16437
16498
16600
16669
16736
16804
16879
16942
16999
17074
17135
17188
17269
17332
17406
17462
17530
17577
17653
17725
17794
17862
17949
18020
18063
18138
18194
18237
18288
18346
18411
18488
18543
18605
18674
18730
18777
18821
18876
18927
18994
19074
19140
19203
19250
19323
19392
19441
19498
19556
19597
19649
19714
19773
19842
19882
19930
19998
20056
20105
20135
20158
20206
20277
20322
20392
20450
20508
20552
20590
20649
20698
20773
20841
20903
20951
21004
21068
21121
21163
21226
21279
21331
21411
21473
21533
21592
21641
21701
21749
21776
21806
21872
21926
21997
22043
22103
22163
22211
22247
22293
22338
22395
22433
22486
22532
22565
22628
22656
22715
22765
22806
22886
22939
22981
23046
23100
23146
23194
23272
23333
23363
23429
23468
23517
23571
23615
23669
23721
23751
23795
23840
23900
23937
23964
24006
24078
24116
24172
24212
24252
24290
24329
24374
24417
24456
24508
24542
24577
24592
24637
24661
24701
24756
24799
24871
24905
24949
25002
25054
25090
25141
25182
25227
25270
25299
25338
25374
25427
25499
25518
25542
25609
25651
25701
25724
25766
25799
25833
25887
25938
25982
26033
26079
26126
26137
26182
26240
26288
26322
26364
26401
26461
26523
26568
26594
26610
26632
26677
26713
26751
26781
26823
26854
26918
26976
26987
27041
27055
27100
27149
27169
27211
27262
27313
27342
27368
27408
27430
27471
27502
27525
27566
27601
27642
27684
27714
27745
27774
27812
27846
27900
27947
28019
28055
28109
28182
28227
28236
28249
28295
28349
28378
28420
28475
28506
28526
28569
28599
28612
28653
28683
28702
28753
28783
28805
28822
28852
28897
28925
28962
28998
29053
29115
29157
29185
29217
29257
29291
29324
29348
29373
29405
29454
29502
29543
29581
29602
29656
29687
29733
29755
29791
29842
29874
29933
29977
30006
30047
30071
30101
30126
30155
30200
30220
30244
30300
30361
30405
30431
30470
30508
30547
30587
30610
30645
30693
30733
30750
30783
30810
30825
