0
119
214
309
376
422
459
464
464
483
487
447
445
445
429
404
389
387
403
403
419
424
438
447
459
473
475
446
462
465
472
474
505
520
562
585
594
632
633
652
696
713
745
778
789
802
820
866
910
928
964
1003
1036
1096
1126
1182
1219
1235
1286
1312
1330
1402
1457
1502
1544
1596
1647
1715
1768
1818
1886
1964
2048
2103
2168
2245
2305
2384
2453
2535
2634
2714
2797
2895
2993
3072
3154
3227
3303
3397
3491
3601
3705
3814
3909
4013
4109
4208
4305
4404
4515
4628
4748
4849
4950
5059
5172
5267
5394
5504
5608
5710
5804
5908
6012
6114
6213
6324
6428
6528
6624
6727
6846
6951
7059
7174
7271
7384
7498
7604
7705
7803
7905
8016
8108
8218
8329
8432
8533
8638
8762
8882
8981
9083
9196
9293
9393
9490
9601
9695
9790
9908
10015
10123
10231
10330
10425
10531
10645
10735
10849
10965
11074
11177
11291
11380
11490
11579
11687
11788
11881
11992
12094
12202
12309
12417
12519
12620
12718
12833
12949
13066
13171
13296
13420
13525
13618
13707
13820
13932
14027
14139
14223
14313
14408
14522
14616
14753
14865
14987
15097
15209
15321
15421
15525
15634
15739
15850
15950
16050
16156
16256
16373
16483
16571
16680
16798
16920
17029
17127
17217
17319
17417
17517
17628
17720
17806
17907
18013
18102
18205
18316
18408
18527
18654
18762
18862
18964
19072
19191
19299
19380
19496
19623
19735
19831
19932
20036
20135
20240
20358
20468
20579
20675
20777
20887
20988
21097
21194
21303
21406
21504
21603
21694
21797
21892
21995
22094
22185
22309
22404
22508
22599
22708
22830
22930
23022
23125
23245
23357
23485
23600
23696
23811
23901
24006
24132
24238
24349
24450
24540
24622
24705
24813
24922
25032
25150
25264
25371
25467
25568
25667
25776
25873
25983
26090
26192
26274
26375
26482
26580
26684
26792
26888
26976
27071
27175
27263
27377
27479
27581
27686
27774
27860
27963
28059
28177
28264
28362
28457
28553
28642
28750
28833
28927
29025
29104
29208
29307
29401
29490
29598
29704
29797
29885
29983
30091
30188
30283
30390
30485
30584
30673
30772
30856
30953
31032
31128
31219
31327
31428
31522
31632
31714
31824
31919
32016
32111
32205
32317
32421
32513
32600
32693
32800
32924
33001
33094
33191
33313
33408
33502
33597
33680
33777
33877
33977
34063
34189
34305
34424
34528
34615
34700
34799
34903
34996
35097
35201
35296
35396
35485
35586
35693
35784
35897
36001
36097
36204
36309
36395
36479
36573
36664
36752
36854
36966
37075
37181
37288
37388
37479
37575
37665
37779
37867
37965
38076
38175
38274
38371
38455
38566
38655
38746
38835
38925
39031
39139
39233
39337
39421
39535
39625
39711
39801
39907
40022
40115
40213
40334
40419
40533
40630
40720
40818
40913
41005
41111
41217
41312
41392
41500
41597
41697
41804
41918
42011
42105
42205
42294
42400
42498
42598
42683
42800
42899
42997
43088
43172
43271
43387
43499
43605
43699
43797
43905
43998
44086
44192
44278
44375
44480
44596
44684
44788
44880
44986
45101
45190
45302
45382
45467
45588
45697
45799
45893
45984
46092
46209
46312
46419
46524
46616
46700
46785
46882
46988
47087
47186
47300
47405
47500
47588
47672
47773
47866
47976
48077
48173
48274
48365
48479
48579
48672
48773
48876
48958
49064
49170
49282
49379
49466
49568
49664
49768
49850
49952
50056
50148
50253
50354
50473
50550
50641
50733
50840
50923
51026
51102
51209
51317
51427
51542
51658
51747
51870
51974
52064
52179
52271
52362
52459
52567
52669
52765
52859
52953
53034
53126
53212
53305
53414
53487
53590
53680
53772
53884
53976
54070
54164
54275
54383
54473
54569
54665
54779
54893
54989
55075
55181
