0
133
221
293
362
376
430
446
443
429
437
456
447
425
420
418
401
401
383
377
385
395
424
436
433
438
439
485
481
498
519
525
518
537
567
585
597
607
632
672
710
719
776
808
827
848
871
900
951
973
1011
1039
1094
1152
1192
1220
1250
1284
1316
1349
1384
1441
1445
1485
1547
1607
1650
1699
1727
1812
1865
1918
1994
2036
2083
2130
2181
2246
2297
2376
2418
2496
2553
2633
2706
2770
2831
2884
2973
3036
3100
3170
3213
3293
3365
3457
3537
3610
3675
3730
3805
3894
3960
4043
4111
4195
4253
4342
4420
4498
4577
4628
4694
4756
4814
4870
4911
4996
5059
5129
5200
5266
5336
5398
5455
5526
5560
5618
5698
5750
5825
5882
5966
6021
6077
6165
6197
6278
6329
6388
6456
6525
6584
6652
6737
6797
6869
6945
7024
7107
7156
7209
7272
7330
7406
7459
7527
7610
7693
7737
7791
7853
7904
7967
8015
8074
8123
8179
8222
8289
8341
8406
8459
8525
8578
8637
8711
8798
8857
8944
9028
9104
9170
9240
9294
9348
9415
9486
9548
9629
9720
9795
9872
9927
9993
10053
10117
10205
10258
10334
10411
10464
10528
10622
10696
10755
10821
10888
10948
10997
11071
11155
11223
11297
11369
11431
11497
11579
11618
11689
11751
11810
11871
11927
11999
12072
12135
12196
12255
12342
12388
12467
12515
12579
12644
12732
12795
12885
12956
13021
13074
13162
13217
13278
13335
13405
13456
13521
13563
13620
13693
13772
13838
13916
13991
14054
14105
14159
14232
14268
14327
14392
14468
14541
14629
14687
14769
14815
14861
14929
15005
15047
15104
15175
15245
15312
15408
15474
15551
15600
15668
15749
15812
15888
15947
16007
16076
16152
16210
16288
16346
16393
16456
16512
16543
16602
16666
16744
16820
16882
16939
16991
17048
17133
17168
17244
17296
17359
17416
17463
17541
17609
17649
17709
17770
17831
17880
17944
18001
18046
18116
18164
18214
18278
18349
18415
18468
18544
18612
18676
18724
18782
18836
18880
18940
19008
19070
19129
19183
19232
19287
19351
19408
19462
19536
19612
19638
19670
19714
19741
19802
19883
19932
19967
20024
20069
20109
20172
20224
20297
20342
20408
20433
20485
20526
20600
20669
20726
20791
20848
20882
20944
21001
21053
21083
21124
21178
21230
21273
21327
21384
21447
21510
21556
21621
21663
21705
21772
21825
21878
21948
22001
22048
22101
22151
22213
22276
22323
22388
22440
22504
22565
22633
22685
22760
22819
22888
22944
22988
23046
23079
23140
23211
23270
23339
23382
23427
23471
23527
23571
23632
23702
23756
23802
23854
23867
23932
23953
23994
24025
24066
24103
24118
24169
24230
24308
24375
24427
24476
24543
24575
24621
24679
24731
24779
24839
24886
24929
24988
25037
25062
25119
25164
25200
25236
25272
25344
25387
25453
25504
25537
25601
25611
25625
25676
25709
25767
25804
25845
25883
25892
25967
25993
26004
26037
26102
26139
26185
26245
26295
26331
26356
26426
26472
26505
26534
26562
26593
26635
26680
26712
26746
26781
26834
26865
26880
26908
26947
26973
27010
27038
27086
27103
27186
27229
27261
27292
27318
27366
27408
27458
27489
27552
27597
27651
27682
27698
27725
27760
27794
27838
27897
27931
27974
28035
28078
28110
28149
28188
28215
28261
28289
28318
28347
28389
28443
28477
28489
28516
28552
28596
28627
28635
28668
28680
28710
28756
28797
28836
28894
28948
28993
29020
29076
29106
29131
29169
29215
29253
29280
29315
29367
29396
29435
29469
29491
29536
29592
29644
29677
29724
29737
29761
29794
29843
29880
29912
29943
29968
30020
30027
30053
30074
30134
30157
30212
30254
30295
30341
30384
30427
30469
30508
30564
30607
30648
30662
30690
30716
30741
30755
