0
109
183
282
339
372
421
430
434
453
456
433
419
428
392
390
378
374
381
388
403
428
426
462
458
467
467
479
480
495
519
534
524
532
543
564
562
601
613
627
661
702
728
758
771
816
832
870
869
876
900
945
978
1024
1059
1094
1121
1152
1192
1238
1278
1323
1368
1417
1465
1522
1595
1644
1696
1764
1805
1849
1895
1947
2036
2101
2146
2208
2265
2336
2383
2468
2535
2603
2670
2742
2788
2856
2907
2984
3055
3116
3155
3244
3303
3386
3465
3528
3616
3701
3779
3853
3926
4004
4078
4134
4189
4265
4303
4374
4435
4519
4587
4634
4697
4767
4836
4902
4965
5010
5055
5099
5144
5180
5223
5266
5330
5372
5421
5490
5547
5604
5690
5726
5791
5846
5929
5979
6044
6110
6162
6227
6285
6339
6407
6461
6519
6563
6639
6707
6777
6804
6870
6937
7006
7086
7157
7227
7280
7364
7435
7505
7580
7639
7702
7762
7826
7889
7957
7995
8075
8145
8198
8253
8318
8374
8449
8506
8592
8679
8755
8816
8886
8939
9012
9066
9117
9187
9258
9322
9393
9457
9535
9605
9672
9742
9822
9872
9943
9990
10061
10128
10210
10284
10351
10407
10474
10548
10629
10694
10755
10833
10903
10971
11046
11121
11173
11244
11327
11410
11470
11528
11604
11670
11716
11787
11825
11887
11958
12000
12089
12165
12239
12308
12371
12426
12493
12557
12620
12699
12768
12838
12909
12968
13043
13116
13194
13276
13335
13415
13470
13523
13593
13627
13685
13752
13818
13884
13945
14019
14084
14150
14199
14291
14372
14437
14548
14621
14667
14714
14787
14875
14947
15011
15089
15161
15233
15304
15372
15419
15483
15573
15635
15707
15778
15848
15910
15975
16014
16058
16124
16206
16259
16323
16388
16457
16531
16606
16699
16735
16780
16842
16910
16964
17021
17084
17150
17203
17268
17329
17398
17485
17551
17597
17684
17741
17798
17837
17920
17981
18046
18088
18127
18171
18247
18311
18369
18434
18486
18540
18618
18684
18751
18814
18889
18951
19005
19058
19123
19178
19237
19293
19356
19417
19475
19534
19591
19668
19727
19762
19833
19917
19976
20009
20058
20140
20206
20264
20327
20401
20453
20505
20597
20649
20703
20763
20809
20863
20911
20956
21009
21055
21106
21166
21235
21302
21356
21391
21437
21486
21550
21604
21643
21675
21720
21764
21811
21876
21920
21981
22023
22085
22113
22168
22236
22310
22349
22407
22460
22507
22560
22616
22654
22702
22747
22786
22831
22884
22916
22964
23011
23074
23119
23179
23223
23277
23329
23375
23423
23472
23509
23565
23610
23653
23678
23726
23764
23797
23862
23892
23938
23999
24055
24081
24126
24169
24229
24282
24336
24386
24447
24489
24525
24583
24622
24681
24730
24780
24823
24841
24871
24938
24971
24997
25037
25075
25114
25157
25206
25265
25316
25364
25406
25452
25502
25575
25612
25686
25743
25766
25829
25864
25900
25944
25984
26033
26065
26113
26166
26222
26260
26304
26338
26371
26433
26464
26503
26565
26602
26650
26699
26727
26758
26804
26829
26900
26947
26953
26980
27040
27067
27106
27120
27165
27213
27272
27325
27371
27399
27438
27478
27489
27520
27555
27590
27604
27666
27713
27769
27791
27837
27854
27883
27913
27935
27967
28008
28050
28086
28103
28140
28188
28209
28246
28277
28321
28333
28366
28434
28462
28487
28523
28563
28604
28639
28681
28719
28748
28797
28820
28838
28874
28912
28948
28994
29001
29013
29037
29075
29104
29138
29184
29230
29251
29285
29315
29327
29360
29391
29425
29456
29473
29502
29559
29580
29610
29658
29702
29727
29771
29793
29829
29873
29913
29947
29970
30009
30043
30087
30115
30165
30195
30242
30278
30338
30378
30410
30420
30464
30505
30525
