1000
1153
1305
1499
1680
1878
2108
2331
2530
2702
2864
3024
3146
3237
3259
3250
3282
3225
3130
3008
2835
2718
2615
2423
2200
1996
1800
1635
1514
1380
1271
1160
1041
949
830
735
645
587
554
498
455
386
358
310
266
242
216
179
160
140
126
130
115
104
101
93
76
70
70
61
60
48
47
39
43
43
41
40
46
44
36
35
29
26
24
23
26
26
31
32
31
29
31
28
30
29
29
27
28
33
32
29
33
32
31
38
34
34
34
43
42
44
41
37
36
39
37
32
32
29
29
31
32
29
29
26
27
25
26
24
23
22
23
24
18
20
21
22
25
23
31
32
34
31
34
33
35
41
46
43
44
42
43
41
39
41
44
43
47
43
47
51
51
57
54
57
51
48
49
52
49
55
51
47
50
46
47
47
52
55
54
55
57
55
59
60
68
71
68
72
68
65
75
86
83
85
79
78
85
84
92
90
98
101
108
108
105
105
110
115
118
121
116
115
106
111
113
105
105
104
114
120
123
131
133
128
130
124
131
139
147
153
161
167
178
195
201
217
227
228
244
252
249
258
263
260
272
285
288
305
314
316
332
330
349
351
372
387
400
400
417
438
446
455
446
439
464
478
502
529
538
560
566
582
586
616
620
624
626
672
680
695
717
731
758
789
814
836
850
869
871
904
925
959
996
1014
1039
1077
1136
1158
1204
1247
1297
1308
1345
1391
1423
1464
1511
1532
1534
1581
1622
1656
1755
1804
1861
1849
1891
1956
2017
2026
2073
2115
2135
2204
2309
2344
2386
2418
2506
2522
2559
2602
2699
2720
2757
2785
2785
2875
2927
2952
2983
3037
3129
3200
3270
3287
3379
3424
3534
3615
3698
3762
3829
3956
4091
4220
4290
4414
4536
4690
4809
4935
4991
5162
5296
5424
5531
5614
5694
5800
5922
6062
6194
6306
6391
6539
6633
6865
7048
7132
7234
7389
7507
7630
7627
7759
7933
8093
8173
8336
8460
8535
8783
8912
9048
9164
9204
9296
9396
9399
9437
9464
9491
9471
9556
9593
9655
9559
9540
9468
9442
9394
9394
9270
9316
9335
9304
9258
9190
9157
9070
9073
9038
9029
9040
9003
8949
8886
8874
8915
8834
8902
8949
8796
8754
8756
8772
8777
8787
8775
8755
8710
8665
8637
8566
8578
8480
8418
8308
8251
8154
8117
8090
8039
8029
7999
7885
7803
7720
7633
7571
7544
7542
7474
7316
7190
7149
6987
6791
6699
6568
6527
6433
6358
6232
6124
6084
5901
5827
5749
5672
5610
5537
5408
5319
5200
5070
4984
4871
4747
4760
4637
4513
4396
4280
4173
4124
4040
3954
3868
3791
3664
3573
3575
3497
3449
3346
3242
3199
3099
3045
2993
2910
2889
2847
2765
2683
2636
2585
2506
2486
2470
2424
2415
2343
2361
2292
2272
2234
2159
2096
2013
1975
1899
1839
1822
1763
1690
1657
1632
1580
1536
1486
1436
1406
1352
1279
1225
1149
1107
1080
1046
1035
1013
978
937
929
904
883
856
853
812
801
816
803
772
748
739
726
704
671
611
582
553
544
537
526
533
513
492
477
469
452
453
448
436
411
385
379
377
375
372
373
358
344
332
319
299
281
272
255
247
233
230
244
243
227
216
204
