1000
1145
1322
1497
1700
1922
2128
2313
2524
2703
2865
2967
3099
3193
3179
3203
3165
3092
2910
2806
2682
2528
2418
2299
2150
1962
1794
1664
1555
1455
1317
1147
1014
902
846
756
684
608
521
459
415
382
342
305
289
239
234
213
180
158
142
130
115
112
96
82
79
77
70
59
60
62
57
49
45
45
39
36
31
29
28
27
31
31
28
28
28
29
29
28
26
25
22
21
24
24
25
22
29
26
23
26
27
29
34
33
34
36
31
26
24
26
23
25
28
39
46
42
38
39
41
37
41
42
44
44
47
50
56
49
52
65
64
64
61
61
59
61
67
68
70
70
70
71
78
74
72
70
70
72
79
73
76
82
87
86
96
93
97
92
92
100
96
90
90
85
87
84
77
83
80
85
91
98
99
88
89
92
92
99
104
110
107
103
110
107
108
116
117
121
115
113
117
121
125
122
127
136
142
159
167
172
176
186
205
210
225
243
252
256
261
261
288
303
323
323
326
336
339
359
391
389
410
427
458
469
494
513
515
541
562
583
601
621
628
674
694
697
719
732
759
789
844
855
888
902
920
916
952
977
976
999
1041
1089
1134
1154
1200
1249
1304
1342
1358
1401
1430
1482
1500
1557
1611
1638
1690
1810
1853
1919
1984
2008
2069
2125
2218
2266
2360
2385
2440
2544
2621
2686
2770
2843
2963
3130
3255
3385
3534
3672
3842
3993
4155
4323
4429
4625
4808
4981
5108
5306
5537
5728
5932
6154
6321
6619
6913
7184
7442
7705
7940
8309
8618
8966
9336
9635
9903
10288
10539
10901
11296
11686
12063
12494
12925
13301
13748
14208
14715
15087
15501
15908
16359
16884
17405
17799
18282
18844
19185
19602
19996
20518
21027
21437
21962
22544
23220
23679
24249
24945
25563
26333
27001
27660
28334
28885
29708
30406
30960
31662
32359
32972
33633
34124
34766
35312
36048
36673
37394
38004
38762
39558
40509
41249
42189
43006
43981
44604
45509
46322
46818
47425
47990
48838
49354
49819
50268
50770
51406
51727
52093
52673
53142
53696
54286
55003
55574
56103
56543
57165
57619
57794
58082
58413
58836
59173
59914
60482
60915
61200
61286
61484
61782
61742
61997
61929
61762
61659
61476
61212
61124
60816
60086
59542
58948
58499
57846
57292
56815
56134
55490
54816
54393
53788
52956
52415
52128
51789
51471
51316
51145
50775
50507
50225
49919
49893
49856
49656
49449
49510
49445
49320
49259
49015
48631
48189
47978
47546
47016
46361
46032
45678
45117
44707
44187
43678
43115
42764
42312
41603
40760
40224
39631
39033
38427
37877
37253
36643
36016
35476
34920
34173
33331
32686
32011
31292
30606
29989
29388
28767
28119
27451
26851
26225
25673
25191
24565
24239
23659
23165
22742
22202
21691
21348
20896
20476
20095
19610
19218
18715
18189
17617
17193
16709
16311
16006
15562
15177
14761
14179
13706
13395
12858
12404
12008
11636
11312
11150
10856
10540
10180
9849
9512
9120
8840
8505
8241
7915
7673
7442
7185
7044
6810
6562
6383
6079
5860
5702
5500
5231
4948
4765
4572
4397
4178
4045
3877
3728
3582
3412
3278
3129
3039
2887
2723
2573
2481
2390
2322
2228
2113
2039
2005
1921
1855
1768
1670
1595
1533
1460
1414
1335
1259
1197
1140
1088
1038
1033
1022
975
938
911
867
832
791
774
754
743
692
657
635
605
576
574
534
512
474
470
456
