0	0
0.1	0.2
0.2	3.6
0.3	12.9
0.4	32.3
0.5	60.5
0.6	102.4
0.7	150.4
0.8	204.7
0.9	262.6
1	328.2
1.1	402.6
1.2	477.4
1.3	561.7
1.4	640.3
1.5	728.7
1.6	820.2
1.7	914.5
1.8	1012.7
1.9	1108.3
2	1209.8
2.1	1308.7
2.2	1405.5
2.3	1508.8
2.4	1610.6
2.5	1716.8
2.6	1813.4
2.7	1918
2.8	2022.9
2.9	2121.5
3	2227
3.1	2329.4
3.2	2427.3
3.3	2532.2
3.4	2635.9
3.5	2741.5
3.6	2842.2
3.7	2946.3
3.8	3050.7
3.9	3153.4
4	3255.3
4.1	3356.7
4.2	3453.8
4.3	3557.1
4.4	3659.5
4.5	3763.5
4.6	3869.7
4.7	3971.6
4.8	4075.4
4.9	4177.7
5	4281.2
5.1	4382.6
5.2	4486.9
5.3	4584.5
5.4	4684.6
5.5	4785.9
5.6	4877.5
5.7	4979.4
5.8	5081.6
5.9	5176.6
6	5275.1
6.1	5373.8
6.2	5477.7
6.3	5581.1
6.4	5674.4
6.5	5770.9
6.6	5868.1
6.7	5970
6.8	6066.8
6.9	6163.8
7	6261.4
7.1	6359
7.2	6456.2
7.3	6553.1
7.4	6647.5
7.5	6748.5
7.6	6846.7
7.7	6933.2
7.8	7031.4
7.9	7124.2
8	7216
8.1	7305.2
8.2	7394.1
8.3	7481.9
8.4	7568.1
8.5	7651
8.6	7739.5
8.7	7832.5
8.8	7918.4
8.9	8010.8
9	8100.7
9.1	8188
9.2	8273.8
9.3	8358.1
9.4	8440.1
9.5	8525.9
9.6	8613
9.7	8698.8
9.8	8781
9.9	8865.8
10	8943.4
10.1	9020.5
10.2	9102.6
10.3	9175.5
10.4	9255.7
10.5	9330.4
10.6	9403.9
10.7	9471.6
10.8	9540.3
10.9	9617.5
11	9686.9
11.1	9754.8
11.2	9816.8
11.3	9881
11.4	9943.4
11.5	10003
11.6	10054.1
11.7	10111
11.8	10157.6
11.9	10207
12	10261.3
12.1	10308.6
12.2	10350.8
12.3	10395.5
12.4	10434.4
12.5	10478.8
12.6	10520.3
12.7	10555.2
12.8	10585.1
12.9	10617.7
13	10646.5
13.1	10675.7
13.2	10697.6
13.3	10721.2
13.4	10732.6
13.5	10752.5
13.6	10771.2
13.7	10783.9
13.8	10795.7
13.9	10806.5
14	10809.5
14.1	10805.8
14.2	10806.2
14.3	10810.4
14.4	10811.4
14.5	10814
14.6	10808.4
14.7	10812
14.8	10807.1
14.9	10800.7
15	10791.6
15.1	10780.3
15.2	10767.7
15.3	10754.9
15.4	10745.7
15.5	10732.1
15.6	10713.9
15.7	10697.3
15.8	10682.3
15.9	10664.6
16	10646.7
16.1	10625.4
16.2	10605.4
16.3	10582.7
16.4	10561.4
16.5	10537.7
16.6	10513.9
16.7	10490.6
16.8	10465.1
16.9	10438
17	10412.5
17.1	10381.3
17.2	10354.1
17.3	10326.7
17.4	10293.4
17.5	10261.9
17.6	10228.1
17.7	10199.3
17.8	10172.1
17.9	10140.9
18	10110
18.1	10079.5
18.2	10043.9
18.3	10011.7
18.4	9982.4
18.5	9951
18.6	9920.6
18.7	9890.4
18.8	9855.4
18.9	9819.7
19	9784.1
19.1	9750.5
19.2	9721.7
19.3	9689.5
19.4	9652.3
19.5	9614.1
19.6	9582.9
19.7	9551.5
19.8	9514.8
19.9	9476.7
20	9443.5
20.1	9411.6
20.2	9376.6
20.3	9344.4
20.4	9309.7
20.5	9274.8
20.6	9239.7
20.7	9208.6
20.8	9174.8
20.9	9138.9
21	9106.5
21.1	9066.9
21.2	9030.4
21.3	8995.8
21.4	8961.1
21.5	8928.9
21.6	8897.7
21.7	8863.2
21.8	8829.2
21.9	8792.4
22	8755.7
22.1	8726.1
22.2	8692
22.3	8660.5
22.4	8631.2
22.5	8598.4
22.6	8564.6
22.7	8529.9
22.8	8496.5
22.9	8466.3
23	8435.1
23.1	8404
23.2	8371.2
23.3	8334.5
23.4	8302.1
23.5	8271.4
23.6	8239.4
23.7	8208.3
23.8	8174.4
23.9	8144.4
24	8111.4
24.1	8079
24.2	8048.7
24.3	8014.1
24.4	7983.4
24.5	7951.8
24.6	7920.7
24.7	7890.7
24.8	7858.3
24.9	7828.8
25	7796.9
25.1	7766.9
25.2	7733.9
25.3	7701.7
25.4	7670.3
25.5	7639
25.6	7607.8
25.7	7576.8
25.8	7548.1
25.9	7520.3
26	7492.4
26.1	7463.3
26.2	7432.9
26.3	7405.8
26.4	7376.6
26.5	7350.4
26.6	7318.4
26.7	7289.5
26.8	7262
26.9	7233.4
27	7204.7
27.1	7175.4
27.2	7149.5
27.3	7120.5
27.4	7092.4
27.5	7064.8
27.6	7037.3
27.7	7006.8
27.8	6976.5
27.9	6948.9
28	6918.9
28.1	6892
28.2	6866.2
28.3	6841.1
28.4	6812.2
28.5	6783.8
28.6	6758.4
28.7	6730.1
28.8	6704.7
28.9	6676.5
29	6650.4
29.1	6626.3
29.2	6600.1
29.3	6571.2
29.4	6544.4
29.5	6516.3
29.6	6492.4
29.7	6464.7
29.8	6437.7
29.9	6412
30	6383.9
30.1	6357.8
30.2	6330.6
30.3	6306.1
30.4	6277.1
30.5	6254.4
30.6	6226.4
30.7	6202.5
30.8	6175.4
30.9	6151.2
31	6126.8
31.1	6107.3
31.2	6081.9
31.3	6058
31.4	6032.1
31.5	6010.9
31.6	5985.7
31.7	5963.1
31.8	5939.6
31.9	5916.6
32	5891.4
32.1	5868.7
32.2	5842.9
32.3	5820.3
32.4	5798.3
32.5	5772.3
32.6	5749.9
32.7	5730.2
32.8	5705.6
32.9	5682.6
33	5661.8
33.1	5640.3
33.2	5618.6
33.3	5595.6
33.4	5573.3
33.5	5554.6
33.6	5532.4
33.7	5510.4
33.8	5486.4
33.9	5465.7
34	5443.2
34.1	5423.7
34.2	5403
34.3	5379.7
34.4	5360.3
34.5	5339.2
34.6	5317.6
34.7	5294.6
34.8	5271.5
34.9	5253.9
35	5230
35.1	5209.9
35.2	5189.3
35.3	5168.9
35.4	5147.4
35.5	5125.4
35.6	5104.6
35.7	5083
35.8	5060.8
35.9	5042.6
36	5021.1
36.1	4999.7
36.2	4978.9
36.3	4955.6
36.4	4937.1
36.5	4914.9
36.6	4894.1
36.7	4874.4
36.8	4856.2
36.9	4837.2
37	4819.5
37.1	4799.4
37.2	4780.1
37.3	4759.9
37.4	4739.5
37.5	4719.3
37.6	4702.5
37.7	4683.6
37.8	4663.6
37.9	4642
38	4623.8
38.1	4604
38.2	4585.8
38.3	4567.9
38.4	4549.3
38.5	4529.5
38.6	4510.1
38.7	4490.8
38.8	4472.3
38.9	4456.5
39	4440.4
39.1	4422.2
39.2	4404.4
39.3	4390.2
39.4	4374.9
39.5	4358.5
39.6	4341.3
39.7	4323.7
39.8	4305.4
39.9	4285.7
40	4269
