4545
21580
46490
73561
99471
121592
139627
156099
169351
180463
188862
196390
202510
207218
211207
214395
217320
219175
221497
222609
222774
223031
224058
225629
226710
227127
227798
227922
227723
228003
227103
226186
225267
224337
224115
222991
223108
222935
223161
222997
222593
221911
220580
220671
220471
220926
219661
218757
217739
217399
216319
216328
215993
216031
216392
216195
216117
216643
216887
216830
216579
215464
215242
215530
215334
216032
216136
215992
215982
215483
214526
213801
212957
212482
211796
211623
210285
209883
209680
209491
208371
208349
208456
209820
210121
210777
210634
210140
209645
209662
209255
208306
207040
206496
206131
206293
