2.500000000000000000e+05
2.500029504174647445e+05
2.500033233120591613e+05
2.500037405556073063e+05
2.500042081648787134e+05
2.500047280121598451e+05
2.500053096449342265e+05
2.500059585010051378e+05
2.500066813729956339e+05
2.500074881599385990e+05
2.500083878779707011e+05
2.500093898805366771e+05
2.500105061748895678e+05
2.500117501744721376e+05
2.500131362645489280e+05
2.500146807767959835e+05
2.500164019205526856e+05
2.500183200352164276e+05
2.500204578335415863e+05
2.500228406719585764e+05
2.500254968530488550e+05
2.500284579624401813e+05
2.500317592449910298e+05
2.500354400239523675e+05
2.500395441699644434e+05
2.500441206263400672e+05
2.500492239912560035e+05
2.500549151707282581e+05
2.500612621091277688e+05
2.500683406021359842e+05
2.500762351990318275e+05
2.500850402287624311e+05
2.500948609218940255e+05
2.501058146807881421e+05
2.501180324885557930e+05
