0.000000000000000000e+00
4.512610099652066609e+00
5.435552650307851508e+00
5.496190450980237507e+00
5.542954207728684857e+00
5.603698393695033531e+00
5.694924286718889839e+00
5.833770550538548427e+00
6.044677209018686881e+00
6.357091763601358636e+00
6.802188254975115811e+00
7.413544831395904922e+00
8.219339784558709283e+00
9.238536602598694358e+00
1.047376146844537992e+01
1.191572307812092824e+01
1.352080570479935595e+01
1.522802002111675002e+01
1.696335823145524913e+01
1.862706919686575446e+01
2.011697065790605166e+01
2.134868005372937461e+01
2.225587163998783424e+01
2.280962651951729114e+01
2.302630730966188111e+01
2.295580387240783438e+01
2.267010142392537375e+01
2.224011571235757501e+01
2.173182668325322098e+01
2.118490078375581476e+01
2.062341312650967495e+01
2.005082107574009953e+01
1.945655079974843815e+01
1.883750146209938947e+01
1.819499208715471994e+01
