0.000000000000000000e+00
9.052081225284272156e-03
1.131496948265832414e-01
4.228713364163108612e-01
9.829223359534021709e-01
1.787108180219501907e+00
2.803261553631481551e+00
3.988716646378694275e+00
5.299257969357260123e+00
6.693880209213497245e+00
8.137001237751675831e+00
9.599182304175874592e+00
1.105694440740769835e+01
1.249215567091552970e+01
1.389134171777818239e+01
1.524431345835177432e+01
1.654474062981176630e+01
1.778752117504081554e+01
1.896974985785917767e+01
2.008973106288724608e+01
2.114635874168516239e+01
2.213977711847497432e+01
2.307057093888841948e+01
2.394014545014930917e+01
2.475069697229718457e+01
2.550508390932154512e+01
2.620671887306895087e+01
2.685934321441271777e+01
2.746666612597492474e+01
2.803216026967969299e+01
2.855890690565460943e+01
2.904938613620894117e+01
2.950517879039097124e+01
2.992644828944138169e+01
3.031151030736383589e+01
