6.102197486860535491e+01
1.882470940028002815e+02
3.915072756527511615e+02
7.544415931147486845e+02
1.393089334782863716e+03
2.464777698362635419e+03
4.175736438675032332e+03
6.770460012299045957e+03
1.050396481453670094e+04
1.559636076501343632e+04
2.217520756278146655e+04
3.021475709743932384e+04
3.948799615840914339e+04
4.954127854178965208e+04
5.969376746276011545e+04
6.909312916489182680e+04
7.675950471330196888e+04
8.170037504676697426e+04
8.308143233929999406e+04
8.047068543391714047e+04
7.371081238919439784e+04
6.359323284921483719e+04
5.127979952944022079e+04
3.837710292623522400e+04
2.648705046567683894e+04
1.677206466484870907e+04
9.715011056283698053e+03
5.142280768696003179e+03
2.490942680540416404e+03
1.107906445455643734e+03
4.547184059803836362e+02
1.735817856618874657e+02
6.216895611974705105e+01
2.113560279551179377e+01
6.863279292634202555e+00
