0
2
9
31
59
103
144
198
255
323
403
486
566
646
751
841
922
1002
1085
1169
1262
1373
1479
1580
1691
1782
1892
2015
2127
2231
2321
2404
2516
2618
2721
2834
2936
3030
3139
3245
3341
3439
3531
3620
3738
3839
3948
4070
4177
4273
4360
4466
4551
4651
4764
4885
4982
5084
5165
5248
5350
5433
5531
5608
5711
5814
5915
5997
6072
6153
6251
6352
6472
6561
6648
6756
6856
6967
7069
7145
7243
7330
7415
7496
7563
7665
7758
7869
7949
8043
8147
8241
8341
8416
8482
8556
8654
8730
8822
8911
9005
9091
9166
9260
9334
9389
9455
9520
9600
9677
9753
9809
9896
9954
10020
10067
10132
10208
10273
10325
10375
10405
10458
10494
10542
10582
10628
10651
10687
10742
10783
10806
10820
10841
10876
10895
10896
10910
10912
10925
10899
10906
10915
10900
10906
10880
10892
10871
10855
10834
10824
10801
10797
10803
10805
10791
10776
10757
10724
10694
10679
10653
10639
10616
10590
10569
10552
10525
10490
10462
10428
10401
10361
10327
10297
10270
10245
10218
10184
10157
10130
10113
10081
10056
10023
9995
9963
9932
9894
9851
9817
9784
9750
9712
9677
9644
9617
9584
9546
9514
9497
9460
9438
9399
9371
9335
9292
9254
9221
9192
9141
9103
9058
9022
8996
8974
8943
8903
8861
8808
8779
8747
8715
8681
8654
8623
8586
8558
8530
8497
8467
8435
8397
8361
8335
8309
8274
8237
8216
8180
8151
8120
8081
8052
8020
7988
7969
7940
7914
7881
7846
7814
7784
7751
7721
7682
7654
7630
7598
7566
7536
7509
7485
7456
7432
7399
7367
7345
7316
7284
7256
7229
7195
7168
7139
7111
7087
7058
7031
6998
6967
6945
6936
6916
6894
6874
6845
6825
6805
6777
6746
6718
6685
6658
6632
6610
6579
6540
6510
6477
6460
6440
6414
6385
6357
6333
6316
6290
6262
6231
6210
6178
6154
6132
6102
6072
6049
6024
5997
5978
5953
5925
5901
5879
5857
5836
5816
5788
5766
5744
5728
5704
5679
5654
5635
5612
5590
5568
5550
5533
5508
5491
5466
5448
5432
5410
5391
5366
5346
5325
5301
5282
5262
5240
5223
5215
5183
5168
5155
5133
5110
5088
5068
5046
5026
5009
4995
4976
4964
4947
4926
4909
4892
4868
4848
4834
4811
4788
4761
4739
4714
4693
4671
4656
4638
4618
4604
4583
4570
4551
4526
4499
4487
4471
4458
4439
4428
4406
4386
4368
