997929
995879
993731
991710
989603
987567
985424
983308
981212
979082
976966
974969
972858
970791
968654
966543
964372
962243
960209
957994
955873
953765
951605
949520
947517
945513
943482
941435
939333
937351
935306
933256
931230
929195
927227
925278
923297
921250
919301
917259
915305
913284
911276
909178
907178
905132
903217
901279
899279
897305
895352
893368
891413
889578
887666
885729
883822
881878
879944
878021
876116
874263
872291
870484
868643
866759
864928
862973
861031
859211
857366
855564
853714
851928
850129
848264
846543
844699
842864
841105
839380
837611
835860
834098
832429
830872
829222
827668
826142
824662
823242
821843
820541
819317
818159
817104
816099
815207
814533
814070
813785
813640
813567
813500
813444
813414
813401
813417
813473
813514
813579
813637
813684
813725
813783
813827
813871
813915
813965
814021
814065
814098
814144
814187
814232
814285
814336
814379
814429
814480
814521
814568
814617
814666
814702
814754
814800
814864
814908
814975
815030
815080
815139
815182
815223
815272
815323
815373
815417
815458
815497
815546
815598
815660
815712
815759
815798
815839
815885
815926
815968
816010
816053
816100
816145
816199
816238
816282
816328
816377
816421
816474
816511
816564
816609
816644
816696
816735
816783
816838
816887
816939
816987
817021
817068
817116
817155
817198
817231
817280
817319
817376
817423
817460
817503
817547
817591
817627
817675
817728
817772
817815
817850
817902
817943
817998
818049
818088
818134
818167
818215
818259
818311
818360
818405
818458
818502
818550
818612
818654
818700
818750
818796
818839
818890
818946
818988
819025
819063
819111
819149
819187
819239
819278
819329
819369
819420
819455
819498
819540
819583
819633
819672
819715
819753
819800
819849
819898
819947
820010
820054
820092
820145
820181
820235
820276
820314
820365
820432
820474
820514
820563
820618
820668
820718
820757
820808
820844
820893
820932
820981
821036
821075
821118
821160
821209
821249
821302
821360
821399
821454
821502
821550
821589
821632
821665
821703
821749
821795
821841
821891
821942
821982
822025
822076
822119
822159
822211
822254
822307
822349
822394
822439
822467
822500
822541
822593
822636
822679
822718
822748
822787
822835
822891
822932
822969
823015
823063
823096
823136
823179
823217
823269
823309
823365
823405
823450
823502
823544
823591
823645
823691
823745
823781
823832
823877
823922
823969
824021
824068
824120
824159
824203
824249
824302
824342
824402
824440
824478
824518
824565
824607
824651
824705
824763
824808
824858
824897
824950
824984
825030
825078
825109
825148
825189
825234
825282
825329
825372
825422
825468
825510
825555
825598
825646
825692
825746
825803
825849
825888
825934
825987
826026
826063
826109
826149
826195
826234
826279
826325
826368
826409
826449
826486
826528
826566
826603
826636
826680
826717
