997940
995939
993833
991742
989612
987559
985446
983356
981212
979127
976990
974881
972766
970610
968569
966469
964402
962324
960216
958095
956134
954046
951935
949863
947833
945743
943625
941549
939403
937351
935224
933177
931106
929032
926995
924977
922984
920903
918868
916836
914837
912764
910798
908845
906917
904967
902992
900975
898940
896968
895038
893078
891135
889285
887414
885450
883526
881632
879718
877842
875938
874058
872167
870281
868370
866521
864624
862714
860909
859064
857229
855389
853485
851654
849896
848050
846198
844394
842557
840729
838935
837197
835405
833729
832011
830349
828616
826972
825343
823751
822227
820783
819452
818200
817066
815996
815003
814051
813276
812518
811776
811263
810767
810303
810041
809862
809770
809594
809457
809368
809273
809238
809285
809333
809389
809431
809490
809539
809583
809621
809672
809719
809759
809812
809855
809907
809947
810000
810057
810110
810160
810209
810259
810293
810340
810392
810440
810483
810544
810590
810639
810695
810744
810798
810841
810884
810917
810962
811019
811063
811117
811158
811195
811236
811296
811348
811391
811430
811479
811523
811563
811604
811654
811693
811737
811779
811818
811865
811918
811967
812019
812058
812113
812173
812214
812260
812315
812356
812409
812450
812492
812533
812588
812639
812696
812738
812798
812833
812874
812914
812964
812994
813039
813080
813128
813182
813229
813290
813354
813397
813435
813476
813517
813567
813618
813665
813708
813762
813811
813855
813914
813959
813994
814036
814076
814117
814154
814194
814234
814278
814322
814368
814422
814458
814502
814549
814598
814648
814698
814748
814794
814847
814901
814959
814999
815041
815100
815154
815208
815250
815300
815351
815399
815441
815482
815523
815575
815614
815663
815700
815741
815780
815832
815872
815903
815953
815997
816036
816080
816117
816154
816204
816239
816278
816328
816384
816423
816473
816517
816572
816617
816666
816709
816757
816799
816834
816884
816929
816974
817033
817079
817126
817164
817200
817255
817302
817344
817388
817437
817491
817535
817571
817610
817658
817714
817763
817802
817850
817878
817928
817982
818018
818058
818107
818147
818204
818265
818299
818351
818384
818419
818470
818518
818561
818612
818653
818712
818758
818797
818841
818892
818942
818990
819030
819072
819113
819159
819209
819264
819305
819348
819388
819427
819470
819521
819563
819604
819639
819667
819707
819753
819794
819839
819865
819909
819957
819993
820025
820076
820124
820168
820213
820268
820329
820364
820410
820458
820494
820543
820585
820633
820680
820710
820751
820797
820847
820886
820940
820986
821036
821072
821119
821154
821200
821244
821294
821334
821382
821423
821452
821491
821541
821581
821623
821669
821716
821747
821792
821830
821881
821932
821977
822029
822076
822114
822169
822225
822266
822303
822344
