998011
995984
993893
991785
989658
987627
985432
983294
981112
978914
976858
974752
972665
970619
968532
966404
964206
962116
960033
957935
955863
953767
951769
949653
947684
945569
943630
941544
939559
937521
935400
933361
931354
929397
927390
925248
923300
921281
919297
917303
915263
913295
911333
909246
907276
905408
903545
901590
899657
897697
895658
893748
891740
889758
887786
885866
884024
882124
880191
878295
876414
874515
872653
870740
868896
866976
864997
863089
861243
859350
857495
855656
853725
851905
850057
848277
846455
844660
842824
841031
839178
837387
835598
833885
832195
830484
828828
827090
825395
823751
822222
820707
819332
817979
816670
815468
814430
813449
812659
811997
811556
811150
810900
810717
810623
810554
810551
810588
810638
810678
810723
810778
810821
810858
810895
810934
810978
811034
811090
811131
811178
811214
811259
811299
811341
811392
811432
811491
811532
811564
811604
811647
811697
811752
811792
811841
811885
811940
811993
812045
812096
812150
812202
812243
812289
812339
812390
812443
812476
812521
812571
812614
812667
812718
812770
812825
812871
812921
812967
813016
813059
813112
813146
813203
813248
813283
813319
813365
813419
813470
813518
813557
813625
813665
813704
813756
813804
813849
813896
813937
813975
814009
814038
814075
814129
814178
814242
814287
814336
814379
814417
814466
814512
814547
814595
814644
814685
814733
814774
814827
814871
814912
814959
815007
815055
815109
815167
815212
815259
815301
815353
815402
815462
815523
815573
815614
815680
815738
815786
815830
815868
815909
815949
815995
816040
816093
816131
816172
816209
816258
816314
816357
816401
816447
816503
816540
816588
816635
816681
816741
816788
816838
816891
816944
816996
817040
817088
817143
817187
817232
817277
817320
817353
817404
817448
817498
817554
817599
817631
817687
817732
817795
817851
817900
817944
817990
818041
818096
818142
818180
818222
818264
818316
818377
818428
818473
818525
818579
818632
818677
818725
818769
818826
818870
818907
818951
819001
819051
819091
819144
819185
819227
819262
819303
819347
819391
819449
819495
819543
819575
819613
819657
819697
819748
819787
819828
819881
819918
819971
820018
820060
820095
820147
820201
820237
820275
820319
820362
820409
820455
820494
820537
820587
820638
820690
820728
820766
820810
820845
820899
820945
820983
821031
821082
821122
821162
821203
821240
821293
821334
821376
821421
821465
821515
821564
821609
821663
821707
821751
821797
821835
821873
821923
821973
822015
822061
822099
822142
822189
822252
822304
822343
822384
822436
822472
822513
822565
822609
822661
822722
822766
822811
822856
822901
822938
822989
823032
823077
823113
823147
823191
823231
823283
823327
823373
823406
823463
823510
823551
823587
823635
823676
823723
823778
823821
823866
823914
823957
823995
824028
