1967
3917
5839
7613
9252
10824
12292
13711
15080
16301
17607
18694
19825
20944
21908
22779
23713
24495
25307
26002
26621
27296
27944
28394
28817
29295
29755
30174
30568
30908
31325
31717
32076
32433
32688
33076
33309
33531
33632
33903
34036
34234
34347
34502
34720
34865
34905
35036
35034
35184
35233
35310
35386
35538
35513
35616
35672
35725
35832
35876
35846
35782
35796
35926
35927
35898
35903
35891
35864
35893
35845
35775
35879
35695
35772
35835
35718
35727
35669
35612
35552
35423
35215
35092
34912
34738
34427
34169
33981
33666
33317
32999
32522
31910
31265
30503
29702
28896
28087
27142
26230
25198
24136
23064
21884
20773
19742
18756
17856
16946
16075
15214
14392
13613
12905
12230
11633
11047
10500
9998
9466
8973
8506
8078
7680
7295
6898
6512
6200
5885
5557
5243
4955
4695
4451
4186
3966
3753
3543
3381
3219
3035
2854
2673
2535
2390
2253
2143
2038
1929
1819
1729
1637
1550
1480
1390
1339
1259
1200
1133
1075
1001
961
912
865
815
765
726
692
655
625
599
572
547
521
498
471
436
414
391
369
344
320
303
292
270
256
241
226
220
209
201
192
185
177
172
165
156
143
135
128
121
113
112
102
97
94
89
83
78
73
71
70
66
60
57
56
53
52
50
47
44
41
41
38
38
35
34
33
32
27
25
24
22
22
19
17
15
15
14
12
11
11
11
11
10
8
8
7
7
6
5
4
3
3
3
3
3
3
2
1
1
1
1
1
1
1
1
1
1
1
1
1
1
1
1
1
1
1
1
0
0
0
0
0
0
0
0
0
0
0
0
0
0
0
0
0
0
0
0
0
0
0
0
0
0
0
0
0
0
0
0
0
0
0
0
0
0
0
0
0
0
0
0
0
0
0
0
0
0
0
0
0
0
0
0
0
0
0
0
0
0
0
0
0
0
0
0
0
0
0
0
0
0
0
0
0
0
0
0
0
0
0
0
0
0
0
0
0
0
0
0
0
0
0
0
0
0
0
0
0
0
0
0
0
0
0
0
0
0
0
0
0
0
0
0
0
0
0
0
