1999
3930
5727
7445
9166
10721
12245
13708
14962
16202
17452
18664
19750
20767
21554
22474
23365
24292
25060
25735
26452
27079
27678
28242
28863
29392
29778
30307
30696
31159
31489
31898
32322
32543
32749
33014
33287
33443
33684
33905
34156
34316
34563
34716
34689
34753
34865
34983
34997
35137
35214
35253
35280
35339
35428
35437
35481
35476
35539
35550
35614
35644
35691
35607
35670
35586
35647
35680
35674
35615
35638
35503
35454
35387
35345
35285
35216
35141
34998
34866
34682
34667
34554
34464
34363
34289
34114
33873
33643
33353
33042
32783
32204
31566
30821
29923
28985
28058
27029
25961
24800
23690
22714
21764
20694
19628
18717
17887
17052
16175
15426
14708
13991
13324
12675
11991
11348
10740
10147
9606
9121
8643
8168
7750
7358
6965
6627
6288
6016
5709
5403
5121
4864
4598
4340
4100
3900
3713
3544
3365
3175
3032
2888
2736
2596
2459
2330
2213
2103
1994
1884
1784
1685
1598
1510
1438
1361
1285
1224
1162
1093
1038
985
946
892
850
809
762
722
687
656
614
579
544
522
486
462
434
413
401
374
362
339
324
314
298
281
266
247
237
223
210
201
196
181
172
167
160
147
143
138
132
124
121
115
114
110
106
103
99
94
89
83
79
75
68
63
60
55
53
51
50
47
46
42
38
35
32
32
30
29
26
22
20
17
15
15
15
15
14
13
13
13
13
12
11
10
10
10
9
9
9
8
8
8
8
7
7
7
6
6
6
5
5
5
5
5
4
4
4
4
4
4
4
4
4
3
3
2
2
2
2
2
2
2
2
2
2
2
1
1
0
0
0
0
0
0
0
0
0
0
0
0
0
0
0
0
0
0
0
0
0
0
0
0
0
0
0
0
0
0
0
0
0
0
0
0
0
0
0
0
0
0
0
0
0
0
0
0
0
0
0
0
0
0
0
0
0
0
0
0
0
0
0
0
0
0
0
0
0
0
0
0
0
0
0
0
0
0
0
0
0
0
0
0
0
0
0
0
0
0
0
0
0
0
0
0
0
0
0
0
0
0
0
0
0
0
0
0
0
