108487
151742
157559
148611
135140
122919
112461
104222
97241
91430
86603
82703
79459
76736
74319
71845
69908
67724
65743
64883
63712
62308
61000
60220
59939
58647
58151
57555
56732
56090
55453
54772
54661
54380
54282
53379
53125
52805
52374
52051
51788
51117
51480
51610
50568
51203
50832
51208
50666
50856
50651
50833
50527
50553
50211
50268
50176
50025
50266
50871
50114
50019
50398
50457
50464
50105
49787
49894
50231
49888
50068
50095
49913
50113
49845
50331
50334
50117
50638
50149
50202
50495
50489
51039
50932
51110
51339
51098
51701
52135
52417
52268
52938
53190
53736
54221
55032
55810
57433
57581
59321
61117
63219
65146
67400
69733
72205
74854
78036
80172
83025
86035
89640
92311
95711
98792
102270
105338
107985
111322
114582
117854
121099
124661
128130
131462
135232
138323
141166
144741
147455
150753
154372
157267
159978
162808
166609
169735
172257
174165
177080
179992
182514
185026
187371
189528
191472
193918
195948
198115
200353
202384
204632
206288
208470
209967
211778
213259
215044
216555
218051
219466
221014
222435
223823
224863
226418
227581
228726
229559
230664
231425
232504
233415
234568
235366
236186
237061
237709
238377
238986
239354
240023
240559
241203
241655
242228
242621
243067
243469
243885
244296
244647
244819
245174
245446
245739
245978
246195
246349
246544
246715
246789
246956
247100
247105
247264
247366
247423
247664
247755
247824
247858
248029
248126
248185
248399
248547
248556
248621
248770
248908
248961
249001
249005
249066
249139
249163
249238
249294
249343
249352
249386
249386
249441
249513
249573
249632
249644
249642
249685
249717
249712
249721
249687
249687
249692
249705
249703
249705
249731
249750
249760
249792
249795
249795
249802
249849
249859
249867
249865
249890
249893
249880
249882
249895
249909
249910
249918
249926
249931
249945
249944
249948
249951
249949
249942
249941
249965
249964
249972
249973
249966
249970
249969
249972
249965
249969
249965
249966
249961
249969
249969
249968
249966
249967
249964
249973
249976
249978
249978
249970
249967
249970
249968
249975
249969
249971
249973
249967
249971
249974
249971
249969
249976
249985
249990
249996
249997
249999
249999
249999
249999
249999
250000
250000
250000
250000
250000
250000
250000
250000
250000
250000
250000
250000
250000
250000
250000
250000
250000
250000
250000
250000
250000
250000
250000
250000
250000
250000
250000
250000
250000
250000
250000
250000
250000
250000
250000
250000
250000
250000
250000
250000
250000
250000
250000
250000
250000
250000
250000
250000
250000
250000
250000
250000
250000
250000
250000
250000
250000
250000
250000
250000
250000
250000
250000
250000
250000
250000
250000
250000
250000
250000
250000
250000
250000
250000
250000
250000
