18
48
68
85
116
133
158
179
197
216
238
266
287
306
324
361
378
400
426
453
471
494
504
528
548
565
581
599
613
629
651
675
701
719
736
755
776
802
829
853
881
904
921
934
958
975
990
1011
1030
1056
1074
1100
1125
1150
1180
1205
1226
1251
1271
1285
1310
1332
1355
1373
1395
1419
1438
1455
1483
1510
1533
1550
1568
1601
1616
1631
1655
1670
1688
1704
1721
1743
1769
1788
1810
1826
1850
1870
1897
1919
1938
1949
1965
1986
1995
2014
2038
2056
2077
2096
2115
2128
2143
2169
2192
2213
2234
2260
2293
2308
2334
2357
2373
2398
2418
2435
2454
2476
2503
2522
2544
2570
2588
2609
2637
2656
2675
2699
2718
2736
2757
2767
2797
2813
2830
2842
2861
2886
2910
2933
2953
2973
2990
3007
3023
3051
3069
3088
3116
3142
3163
3196
3213
3236
3264
3296
3311
3337
3356
3375
3395
3421
3446
3480
3504
3532
3549
3582
3606
3632
3658
3681
3695
3713
3737
3754
3783
3804
3824
3841
3858
3879
3898
3922
3945
3966
3987
4012
4042
4058
4079
4093
4112
4136
4165
4188
4206
4228
4250
4267
4284
4301
4323
4350
4367
4391
4414
4437
4458
4479
4499
4520
4548
4569
4590
4615
4645
4668
4683
4703
4722
4743
4766
4786
4807
4824
4849
4874
4898
4912
4930
4947
4971
4993
5008
5023
5040
5061
5086
5113
5137
5153
5180
5195
5218
5239
5258
5285
5313
5332
5352
5373
5398
5420
5441
5457
5474
5488
5513
5527
5543
5561
5582
5600
5629
5644
5662
5679
5696
5720
5738
5761
5787
5808
5828
5847
5868
5887
5908
5927
5950
5972
5991
6010
6034
6054
6070
6094
6114
6132
6158
6176
6193
6215
6228
6253
6274
6295
6313
6336
6358
6377
6399
6428
6455
6480
6505
6525
6541
6567
6586
6611
6630
6652
6663
6682
6707
6734
6750
6766
6783
6803
6833
6856
6880
6904
6934
6960
6982
6999
7021
7044
7068
7092
7123
7142
7166
7185
7212
7233
7254
7273
7298
7313
7324
7343
7371
7387
7415
7444
7474
7499
7516
7545
7580
7604
7625
7647
7663
7683
7707
7724
7742
7769
7790
7816
7845
7876
7896
7917
7944
7968
7989
8008
8033
8053
8076
8099
8129
8150
8170
8193
8214
8243
8264
8286
8314
8336
8357
8380
8410
8428
8446
8471
8491
8514
8543
8568
8588
8608
