22
48
68
92
113
136
161
193
211
235
248
273
298
321
344
370
403
428
453
472
491
515
536
553
572
594
613
642
654
677
698
718
733
755
772
794
806
830
848
878
903
923
945
964
991
1020
1031
1044
1064
1093
1116
1134
1152
1167
1200
1225
1251
1262
1284
1301
1327
1350
1374
1391
1408
1438
1462
1477
1501
1521
1548
1567
1592
1612
1634
1659
1680
1706
1734
1756
1780
1796
1825
1851
1874
1899
1922
1946
1975
1999
2020
2032
2048
2065
2083
2100
2122
2145
2173
2199
2226
2247
2261
2280
2301
2322
2344
2361
2384
2394
2409
2423
2440
2467
2489
2515
2537
2561
2595
2620
2636
2665
2678
2695
2716
2731
2752
2763
2788
2817
2833
2845
2883
2902
2924
2951
2970
2991
3015
3036
3059
3081
3095
3118
3129
3161
3181
3203
3218
3242
3262
3278
3307
3325
3348
3367
3382
3396
3412
3439
3455
3480
3503
3526
3559
3586
3613
3633
3654
3675
3698
3721
3748
3769
3794
3825
3846
3863
3891
3910
3931
3947
3962
3982
4015
4031
4062
4088
4109
4127
4146
4165
4190
4211
4238
4257
4277
4289
4304
4329
4345
4368
4395
4415
4448
4482
4501
4518
4535
4551
4575
4595
4615
4643
4675
4700
4728
4749
4766
4788
4808
4824
4851
4871
4891
4914
4935
4958
4983
5001
5029
5046
5065
5089
5107
5130
5155
5167
5191
5223
5244
5268
5288
5307
5327
5349
5372
5394
5409
5430
5448
5480
5512
5534
5551
5575
5593
5614
5634
5661
5682
5696
5714
5732
5754
5778
5805
5828
5850
5874
5898
5914
5936
5961
5979
6003
6024
6048
6069
6087
6113
6133
6154
6181
6206
6223
6244
6267
6286
6309
6337
6361
6390
6408
6427
6443
6468
6487
6513
6541
6561
6587
6607
6624
6650
6670
6695
6718
6738
6757
6783
6813
6832
6857
6878
6900
6921
6942
6964
6987
7011
7024
7046
7064
7089
7104
7137
7162
7192
7213
7235
7255
7282
7303
7323
7341
7361
7383
7407
7435
7460
7482
7498
7516
7544
7567
7591
7613
7632
7664
7681
7701
7723
7744
7759
7771
7789
7806
7831
7852
7875
7894
7917
7942
7966
7989
7999
8023
8043
8063
8089
8119
8143
8167
8193
8213
8239
8272
8297
8320
8338
8363
8385
8406
8425
8445
8464
8485
8508
8531
8554
8586
8603
8633
8651
8674
8699
8721
8740
8764
