0
0
0
1
2
3
4
4
5
6
8
7
11
11
15
20
22
22
25
33
34
39
44
46
51
60
60
62
70
68
76
88
101
99
105
112
117
124
127
135
140
146
146
145
150
155
167
177
181
183
187
193
193
196
197
200
205
207
212
220
225
228
228
233
239
236
235
243
247
258
263
264
275
275
275
272
278
280
279
278
282
278
283
289
292
291
288
294
303
303
301
303
314
312
317
313
318
317
318
309
309
300
304
300
301
300
299
296
296
295
292
291
289
280
279
271
271
266
267
264
258
254
253
246
245
242
236
232
228
218
215
210
204
198
193
194
191
189
183
179
182
181
179
175
173
171
169
166
164
162
159
153
149
147
141
138
137
134
132
123
120
115
116
114
110
109
103
101
99
97
97
97
93
93
90
87
84
81
78
74
73
70
66
63
63
61
59
60
59
56
54
53
52
51
51
51
49
47
47
46
44
42
41
41
39
39
39
39
37
37
36
36
35
34
33
31
31
30
27
25
24
23
22
22
21
20
17
17
16
16
16
16
16
16
16
17
17
16
14
14
14
14
14
13
12
12
12
12
11
10
10
9
9
9
9
8
7
7
7
7
6
5
5
5
5
5
5
5
5
5
5
5
5
4
4
3
3
3
3
3
3
3
3
3
3
3
3
3
3
3
3
3
3
3
3
3
3
3
2
2
2
2
1
1
1
1
1
1
1
1
1
1
1
1
1
1
1
1
1
1
1
1
1
1
1
1
1
1
1
1
1
1
1
1
1
1
1
1
1
1
1
1
1
1
1
1
1
1
1
1
1
0
0
0
0
0
0
0
0
0
0
0
0
0
0
0
0
0
0
0
0
0
0
0
0
0
0
0
0
0
0
0
0
0
0
0
0
0
0
0
0
0
0
0
0
0
0
0
0
0
