12
24
31
41
53
67
80
91
102
114
126
130
135
146
154
163
164
172
175
182
191
203
205
207
211
208
214
225
233
233
234
242
250
251
253
251
254
261
258
259
257
258
261
265
270
274
277
277
279
291
289
288
297
297
303
311
304
301
299
304
306
307
314
313
301
297
293
293
296
295
296
294
293
290
296
295
306
308
306
309
316
308
303
304
305
306
300
298
303
303
301
293
296
307
307
306
308
308
316
318
315
322
319
318
322
324
328
331
335
342
345
353
364
367
372
379
383
396
399
415
420
428
431
433
445
460
469
475
483
493
499
508
514
522
529
534
543
553
566
578
598
611
615
625
632
641
648
659
665
674
687
700
709
719
727
731
736
750
761
765
772
776
788
797
806
817
832
843
858
864
875
879
887
905
912
920
929
942
949
961
968
974
980
991
1001
1010
1017
1027
1034
1048
1059
1071
1087
1093
1103
1113
1123
1137
1148
1159
1166
1178
1183
1193
1201
1216
1225
1238
1247
1256
1263
1279
1292
1304
1312
1321
1333
1342
1351
1361
1373
1387
1401
1414
1420
1430
1437
1445
1459
1470
1480
1492
1506
1519
1527
1533
1543
1549
1559
1566
1578
1587
1599
1609
1621
1629
1639
1652
1660
1668
1676
1683
1690
1700
1714
1730
1740
1751
1765
1776
1790
1805
1818
1833
1842
1851
1863
1871
1880
1904
1913
1925
1937
1945
1950
1963
1973
1983
1998
2011
2021
2029
2039
2050
2069
2082
2093
2105
2112
2121
2134
2144
2155
2161
2174
2184
2200
2213
2219
2232
2241
2249
2267
2271
2278
2290
2301
2312
2324
2334
2344
2353
2365
2382
2393
2404
2413
2425
2440
2446
2460
2473
2482
2492
2509
2522
2535
2546
2556
2571
2579
2586
2595
2604
2618
2624
2632
2644
2656
2670
2677
2685
2697
2701
2715
2736
2749
2754
2766
2778
2791
2796
2809
2816
2836
2857
2874
2885
2891
2902
2911
2916
2925
2933
2947
2961
2969
2979
2991
2998
3008
3019
3035
3047
3060
3075
3088
3097
3108
3126
3134
3140
3147
3157
3170
3179
3193
3199
3213
3224
3231
3241
3247
3257
3266
3275
3290
3298
3309
3320
