14
22
32
50
66
74
87
109
117
122
130
131
141
154
166
176
187
195
213
216
219
222
224
234
248
253
251
254
258
256
268
276
285
288
284
287
288
284
280
279
282
289
296
291
303
302
298
300
305
304
308
306
308
301
304
302
303
308
314
319
318
318
318
317
313
313
318
310
307
304
306
302
301
301
303
306
302
298
293
297
296
298
303
306
310
304
305
298
299
304
311
308
309
311
311
316
314
327
321
320
327
323
324
330
339
339
351
356
358
357
364
375
382
383
390
398
401
410
412
420
431
433
440
446
461
464
472
486
496
499
504
509
516
530
533
538
547
550
558
573
580
589
594
602
614
620
628
633
641
655
661
682
691
697
709
717
723
737
750
758
764
769
778
787
797
806
813
825
837
846
854
860
867
877
889
898
908
915
931
943
948
956
966
971
983
992
1005
1017
1032
1044
1056
1067
1083
1092
1100
1118
1129
1136
1150
1155
1163
1171
1180
1189
1192
1203
1212
1227
1238
1249
1254
1265
1276
1283
1304
1315
1329
1342
1354
1363
1369
1381
1393
1403
1418
1428
1438
1444
1448
1457
1473
1479
1494
1505
1515
1523
1539
1551
1564
1576
1586
1598
1610
1621
1631
1638
1645
1658
1667
1676
1687
1700
1713
1727
1737
1747
1753
1765
1772
1789
1797
1805
1815
1823
1828
1842
1853
1861
1875
1886
1894
1908
1921
1934
1946
1959
1968
1974
1987
2001
2015
2022
2033
2044
2051
2066
2077
2087
2096
2106
2113
2130
2142
2152
2159
2166
2179
2186
2200
2208
2223
2235
2244
2252
2269
2278
2290
2299
2309
2316
2326
2337
2342
2354
2362
2373
2383
2388
2394
2406
2415
2434
2441
2451
2456
2464
2471
2484
2494
2507
2515
2523
2533
2539
2548
2560
2574
2585
2598
2606
2613
2623
2637
2648
2660
2664
2673
2683
2689
2700
2710
2717
2720
2730
2744
2754
2767
2777
2792
2801
2810
2824
2833
2841
2854
2867
2880
2891
2899
2912
2922
2930
2936
2952
2964
2973
2986
2995
3002
3016
3028
3033
3039
3056
3061
3074
3087
3095
3103
3113
3126
3134
3148
3166
3177
3188
3206
3217
3232
3240
