10
20
31
38
53
72
84
90
104
112
124
139
144
155
155
161
170
181
189
196
206
211
210
210
213
226
229
228
230
234
239
244
241
245
242
240
243
256
256
252
255
258
255
262
259
266
268
265
265
272
272
271
275
283
284
283
289
291
299
304
310
315
307
315
315
311
312
317
317
318
311
304
318
305
299
301
309
317
312
309
314
317
321
328
326
337
346
341
336
333
335
334
331
333
339
342
343
334
333
333
325
324
326
321
330
339
340
338
336
346
350
353
359
364
367
375
382
386
395
400
414
418
420
435
442
448
445
449
462
471
486
497
504
508
517
524
534
545
556
564
567
583
598
609
626
634
642
650
659
670
688
698
709
717
725
738
750
762
768
775
786
792
799
810
822
827
839
851
862
871
881
889
897
909
924
939
950
957
970
975
981
989
995
1003
1015
1029
1040
1047
1061
1078
1089
1097
1105
1119
1125
1136
1145
1158
1165
1169
1182
1189
1194
1201
1210
1219
1234
1244
1252
1261
1271
1288
1302
1316
1325
1337
1346
1354
1367
1377
1386
1393
1404
1410
1415
1424
1438
1453
1468
1483
1491
1503
1518
1529
1543
1547
1560
1572
1581
1593
1609
1620
1630
1639
1650
1660
1671
1680
1686
1695
1707
1718
1730
1743
1752
1764
1778
1789
1794
1799
1806
1814
1820
1835
1841
1844
1855
1869
1881
1888
1897
1909
1922
1936
1947
1954
1961
1969
1977
1989
1998
2014
2021
2031
2043
2063
2071
2079
2090
2101
2110
2123
2130
2143
2156
2173
2183
2189
2200
2215
2223
2234
2249
2260
2266
2273
2289
2302
2314
2319
2325
2334
2350
2359
2365
2373
2384
2396
2413
2418
2424
2438
2444
2456
2466
2472
2484
2492
2501
2515
2526
2541
2551
2556
2563
2572
2579
2593
2603
2612
2625
2637
2649
2658
2677
2687
2697
2709
2720
2728
2740
2747
2758
2770
2784
2797
2809
2825
2835
2844
2854
2862
2871
2884
2891
2900
2909
2919
2931
2943
2956
2964
2978
2993
3005
3011
3019
3031
3043
3053
3066
3075
3085
3095
3102
3122
3134
3144
3163
3172
3177
3184
3202
3214
3221
3229
3243
3251
3260
3268
