11
21
30
44
56
68
78
87
97
107
120
128
133
145
148
153
157
171
187
191
197
203
205
211
214
219
231
239
236
243
245
238
237
248
254
254
261
259
262
261
262
264
268
273
273
273
268
267
269
276
272
269
274
279
286
287
281
288
289
292
292
294
295
299
298
306
310
316
319
318
309
307
300
310
306
311
308
310
311
311
310
313
313
310
306
304
308
301
299
304
302
302
293
294
296
305
308
313
314
319
320
324
323
329
337
344
353
360
367
370
377
379
381
386
394
402
412
419
424
431
434
440
450
459
464
471
482
487
498
507
521
529
532
547
555
562
583
596
606
623
637
648
654
664
673
683
691
699
706
716
724
735
742
751
762
767
780
791
803
814
818
831
838
850
867
877
889
896
907
914
924
934
942
953
965
976
985
995
1006
1015
1032
1040
1049
1056
1067
1083
1093
1102
1113
1124
1139
1147
1156
1169
1177
1186
1198
1207
1223
1233
1239
1255
1265
1274
1283
1290
1300
1311
1329
1341
1351
1357
1367
1376
1386
1395
1405
1421
1430
1437
1454
1471
1487
1496
1505
1521
1535
1547
1562
1572
1580
1591
1603
1614
1623
1629
1638
1644
1656
1663
1671
1680
1699
1712
1725
1740
1754
1762
1774
1782
1797
1806
1815
1824
1833
1841
1857
1865
1874
1880
1889
1908
1918
1928
1941
1950
1961
1968
1975
1986
1996
2004
2016
2028
2035
2043
2054
2067
2079
2093
2102
2109
2119
2127
2139
2155
2166
2174
2186
2200
2207
2214
2221
2234
2242
2255
2265
2271
2282
2294
2305
2314
2324
2340
2346
2354
2362
2378
2390
2406
2417
2432
2443
2454
2462
2472
2482
2497
2501
2511
2520
2528
2543
2556
2562
2578
2586
2602
2615
2621
2636
2644
2657
2666
2672
2687
2696
2709
2720
2732
2741
2752
2770
2776
2787
2798
2806
2819
2829
2839
2852
2867
2881
2892
2908
2918
2926
2942
2954
2971
2986
2996
3009
3017
3032
3042
3050
3054
3065
3074
3087
3100
3108
3116
3130
3142
3152
3160
3176
3189
3204
3212
3233
3248
3265
3273
3285
3292
3299
3304
3316
3332
3341
3347
3360
3370
3380
3393
3404
3410
