596
765
935
1143
1353
1635
2027
2464
2917
3508
4125
4896
5793
6853
8061
9468
11051
12851
14937
17308
19765
22533
25565
28850
32292
35901
39787
43834
48042
52479
56984
61216
65463
69470
73539
77122
80571
83442
85974
88105
89796
91062
91585
91945
91348
90384
88854
87194
84584
81721
78678
75593
71869
67791
63791
59816
55776
51684
47645
43611
39984
36273
32749
29310
25981
23046
20256
17778
15490
13524
11800
10218
8694
7393
6287
5247
4367
3669
2994
2520
2092
1737
1413
1133
898
720
594
474
379
309
232
196
143
120
99
73
55
41
32
24
16
9
5
5
3
2
1
0
0
0
0
0
0
0
0
0
0
0
0
0
0
0
0
0
0
0
0
0
0
0
0
0
0
0
0
0
0
0
0
0
0
0
0
0
0
0
0
0
0
0
0
0
0
0
0
0
0
0
0
0
0
0
0
0
0
0
0
0
0
0
0
0
0
0
0
0
0
0
0
0
0
0
0
0
0
0
0
0
0
0
0
0
0
0
0
0
0
0
0
0
0
0
0
0
0
0
0
0
0
0
0
0
0
0
0
0
0
0
0
0
0
0
0
0
0
0
0
0
0
0
0
0
0
0
0
0
0
0
0
0
0
0
0
0
0
0
0
0
0
0
0
0
0
0
0
0
0
0
0
0
0
0
0
0
0
0
0
0
0
0
0
0
0
0
0
0
0
0
0
0
0
0
0
0
0
0
0
0
0
0
0
0
0
0
0
0
0
0
0
0
0
0
0
0
0
0
0
0
0
0
0
0
0
0
0
0
0
0
0
0
0
0
0
0
0
0
0
0
0
0
0
0
0
0
0
0
0
0
0
0
0
0
0
0
0
0
0
0
0
0
0
0
0
0
0
0
0
0
0
0
0
0
0
0
0
0
0
0
0
0
0
0
0
0
0
0
0
0
0
0
0
0
0
0
0
0
0
0
0
0
0
0
0
0
0
0
0
0
0
0
