2
26
62
130
209
301
402
520
625
749
892
1013
1133
1255
1397
1534
1684
1827
1961
2081
2229
2365
2498
2612
2756
2884
3038
3169
3318
3440
3569
3718
3845
3955
4090
4192
4326
4462
4581
4702
4831
4936
5064
5200
5328
5461
5575
5704
5820
5921
6027
6162
6273
6392
6493
6599
6732
6832
6964
7074
7202
7292
7404
7508
7632
7733
7858
7965
8049
8144
8260
8336
8424
8524
8612
8701
8788
8884
8969
9048
9137
9219
9288
9356
9423
9511
9595
9672
9735
9797
9880
9959
10019
10101
10178
10231
10279
10335
10394
10429
10481
10546
10585
10634
10692
10742
10793
10835
10865
10926
10947
10977
11026
11041
11047
11078
11083
11086
11100
11105
11113
11114
11123
11142
11143
11153
11165
11155
11150
11150
11142
11138
11115
11099
11094
11075
11053
11028
11020
10999
10987
10968
10955
10921
10903
10892
10859
10830
10804
10775
10730
10706
10692
10672
10627
10584
10537
10519
10486
10450
10425
10382
10353
10326
10299
10270
10245
10198
10154
10128
10080
10043
10007
9981
9949
9924
9893
9856
9828
9792
9763
9728
9694
9662
9627
9604
9576
9535
9486
9452
9408
9367
9339
9294
9266
9219
9182
9147
9114
9064
9033
9008
8959
8928
8884
8853
8799
8767
8730
8696
8665
8633
8599
8573
8544
8505
8466
8426
8397
8363
8322
8292
8259
8231
8203
8181
8153
8117
8087
8057
8025
7990
7957
7936
7908
7872
7838
7805
7774
7739
7718
7682
7649
7613
7584
7560
7530
7501
7477
7452
7418
7397
7375
7342
7317
7283
7254
7221
7188
7163
7131
7106
7076
7046
7016
6982
6951
6918
6895
6863
6843
6813
6790
6759
6733
6707
6680
6650
6621
6594
6573
6551
6521
6493
6465
6433
6404
6375
6353
6329
6298
6276
6251
6224
6204
6176
6158
6133
6108
6084
6053
6025
6005
5987
5961
5935
5916
5892
5866
5844
5827
5807
5777
5759
5739
5721
5701
5676
5660
5636
5611
5584
5562
5534
5517
5491
5465
5443
5418
5396
5376
5352
5332
5313
5292
5271
5248
5218
5190
5167
5143
5120
5102
5080
5056
5042
5026
5002
4968
4943
4923
4905
4888
4864
4840
4818
4796
4773
4754
4736
4719
4698
4683
4674
4656
4634
4612
4592
4573
4553
4536
4516
4503
4489
4472
4452
4436
4419
4397
4377
4361
4341
4335
4321
4303
4288
4270
4252
4231
4218
4207
4194
4170
4157
4141
4123
4109
4097
4077
4060
