4
28
74
134
213
303
410
508
623
741
862
990
1143
1295
1431
1567
1701
1838
1960
2096
2229
2374
2501
2639
2784
2915
3066
3205
3342
3477
3603
3740
3873
3990
4121
4256
4404
4514
4646
4794
4912
5059
5176
5282
5420
5539
5657
5789
5891
5988
6095
6206
6308
6412
6532
6633
6758
6876
6962
7058
7190
7302
7403
7499
7605
7713
7820
7923
8010
8121
8197
8280
8397
8488
8587
8683
8761
8857
8940
9030
9093
9193
9269
9352
9432
9513
9580
9644
9712
9782
9852
9916
9981
10020
10077
10131
10180
10239
10299
10342
10388
10455
10488
10519
10563
10616
10666
10703
10737
10760
10778
10800
10817
10839
10864
10890
10889
10899
10928
10937
10947
10964
10967
10952
10942
10940
10949
10961
10942
10925
10923
10920
10908
10898
10859
10842
10832
10817
10796
10777
10758
10724
10708
10689
10657
10638
10614
10575
10553
10528
10506
10494
10465
10444
10416
10388
10350
10316
10273
10249
10221
10195
10168
10135
10098
10064
10022
9977
9945
9907
9886
9851
9817
9793
9756
9728
9689
9654
9625
9593
9556
9513
9481
9447
9409
9355
9330
9304
9278
9238
9200
9163
9127
9094
9058
9025
8993
8952
8929
8896
8865
8841
8807
8775
8736
8703
8675
8643
8606
8563
8532
8501
8475
8441
8413
8378
8334
8297
8270
8237
8207
8182
8145
8107
8080
8057
8020
7991
7959
7932
7906
7867
7833
7801
7777
7746
7721
7688
7645
7618
7580
7536
7509
7478
7451
7426
7403
7373
7333
7296
7274
7251
7223
7200
7172
7138
7110
7084
7062
7036
7005
6969
6941
6913
6882
6854
6829
6806
6787
6753
6728
6707
6680
6654
6619
6596
6565
6540
6516
6488
6455
6428
6399
6373
6345
6325
6293
6262
6239
6213
6187
6154
6130
6103
6072
6044
6024
5997
5965
5941
5922
5898
5878
5855
5827
5799
5773
5756
5732
5716
5693
5675
5646
5628
5603
5573
5547
5535
5510
5491
5473
5460
5435
5414
5384
5366
5346
5327
5306
5284
5261
5237
5214
5194
5174
5155
5140
5122
5100
5081
5059
5039
5025
5002
4986
4970
4949
4928
4904
4887
4865
4852
4837
4819
4803
4778
4763
4746
4728
4705
4681
4657
4639
4622
4613
4601
4584
4568
4550
4537
4519
4506
4492
4466
4445
4429
4409
4388
4376
4356
4338
4323
4301
4285
4274
4266
4255
4240
4221
4212
4196
4175
4152
4136
4122
4104
4084
4067
4051
4030
