65877
190858
288368
367003
431425
484320
527948
563277
592641
617282
637206
654276
667782
678951
688512
695140
700844
706661
711494
714414
717570
718836
720366
721571
722634
723864
725297
726126
728075
727648
727665
727547
726958
727046
726983
726987
726987
726182
726020
724905
724639
724002
723069
722274
720677
719230
718358
716904
715558
715263
713714
712143
711679
710365
708204
704752
702363
700994
699092
697289
695025
692420
689123
686799
684116
680440
676444
673466
670173
667065
662820
658091
653063
647864
643977
638842
634250
629035
624448
618714
613242
606705
600865
594564
588037
581150
574680
567389
559801
552492
544622
536312
527928
519175
510941
502628
493756
484284
475263
466714
457266
448132
438575
429010
420210
410663
401074
391559
381454
371595
362225
352159
342075
332828
323901
314218
304605
295062
285443
275880
266941
258043
248970
240875
233296
225312
217172
210071
202872
195294
187988
181048
174058
167155
160683
154506
147775
141200
135037
129319
123912
118532
113349
108647
103709
99226
95005
90627
86742
82694
78777
75012
71548
68113
64923
62034
59266
56671
54098
51418
48896
46782
44550
42597
40417
38370
36530
34645
33068
31539
30151
28694
27277
25745
24366
23037
21683
20346
18991
17981
16970
15914
14968
14079
13392
12638
11852
11150
10440
9806
9232
8791
8308
7868
7457
7023
6612
6248
5921
5627
5382
5157
4870
4506
4250
3904
3608
3328
3080
2814
2613
2398
2223
2022
1842
1692
1498
1365
1257
1168
1105
1066
1041
998
907
823
762
729
694
656
634
578
556
521
497
482
460
411
371
336
303
281
269
232
214
200
197
167
147
134
135
129
121
117
115
108
105
101
101
95
97
98
97
97
82
74
60
46
44
36
26
22
19
17
16
11
9
8
7
6
5
5
4
4
3
2
2
2
1
1
1
1
1
1
0
0
0
0
0
0
0
0
0
0
0
0
0
0
0
0
0
0
0
0
0
0
0
0
0
0
0
0
0
0
0
0
0
0
0
0
0
0
0
0
0
0
0
0
0
0
0
0
0
0
0
0
0
0
0
0
0
0
0
0
0
0
0
0
0
0
0
0
0
0
0
0
0
0
0
0
0
0
0
0
0
0
0
0
0
0
0
0
0
0
0
0
0
0
0
0
0
0
0
0
0
0
0
0
0
0
