22
40
60
89
113
140
162
185
209
226
241
263
283
308
332
349
373
398
413
437
454
475
492
507
529
551
567
583
601
615
629
654
666
696
712
741
764
785
803
828
848
868
896
912
935
957
968
983
1012
1039
1057
1083
1094
1114
1138
1153
1183
1209
1233
1256
1276
1293
1321
1352
1375
1395
1425
1445
1467
1482
1511
1528
1562
1580
1599
1624
1648
1669
1693
1713
1737
1753
1775
1795
1827
1842
1857
1884
1906
1926
1939
1962
1982
2012
2035
2058
2077
2109
2131
2153
2173
2196
2222
2242
2262
2280
2300
2323
2353
2389
2408
2435
2461
2489
2509
2526
2551
2571
2595
2613
2641
2657
2675
2698
2731
2754
2772
2798
2828
2849
2876
2893
2912
2933
2968
2988
3004
3036
3049
3068
3098
3123
3145
3163
3196
3219
3234
3257
3271
3291
3306
3332
3354
3377
3400
3422
3453
3487
3508
3530
3558
3575
3600
3622
3639
3659
3680
3702
3726
3747
3768
3779
3811
3835
3854
3883
3905
3920
3940
3959
3975
3997
4018
4029
4056
4080
4097
4115
4136
4165
4186
4206
4226
4247
4272
4291
4313
4330
4348
4374
4393
4420
4439
4467
4488
4517
4532
4554
4575
4597
4623
4638
4664
4691
4717
4736
4756
4772
4791
4817
4836
4863
4888
4906
4933
4959
4986
5002
5023
5042
5063
5078
5095
5116
5139
5158
5181
5195
5219
5242
5263
5281
5304
5329
5351
5374
5409
5435
5456
5477
5504
5525
5553
5577
5601
5621
5641
5662
5675
5701
5730
5752
5765
5785
5805
5822
5841
5861
5886
5903
5929
5953
5979
6000
6019
6039
6058
6083
6095
6112
6133
6156
6176
6192
6219
6242
6262
6289
6314
6337
6356
6384
6408
6426
6449
6475
6494
6515
6539
6555
6579
6598
6615
6637
6654
6684
6705
6730
6752
6771
6788
6809
6825
6847
6872
6895
6919
6946
6959
6981
6998
7029
7049
7070
7090
7117
7138
7158
7179
7198
7220
7242
7262
7286
7303
7317
7337
7362
7383
7407
7428
7452
7476
7498
7520
7539
7557
7579
7597
7620
7639
7661
7675
7694
7713
7731
7749
7774
7798
7817
7835
7858
7877
7901
7919
7943
7969
7987
8011
8029
8044
8066
8093
8110
8127
8152
8175
8196
8219
8243
8264
8285
8313
8328
8356
8379
8398
8425
8455
8476
8500
8522
8545
8565
8582
8601
8628
8647
8669
8693
