104
131
119
92
83
51
51
45
48
34
38
39
45
42
32
39
38
30
39
28
39
39
36
32
30
28
30
38
41
33
33
35
29
44
39
47
39
42
49
38
45
52
47
44
47
47
44
67
67
67
69
68
71
59
72
73
104
94
110
117
116
122
109
106
124
135
121
154
161
154
169
168
209
213
232
233
230
223
239
255
275
311
317
339
359
373
402
425
426
440
468
498
520
546
560
596
625
659
669
693
719
759
787
820
859
890
920
952
1000
1032
1066
1097
1135
1161
1204
1234
1291
1332
1380
1411
1458
1491
1529
1590
1631
1687
1744
1804
1864
1947
2013
2087
2155
2225
2286
2345
2404
2462
2547
2611
2674
2750
2816
2899
2974
3046
3113
3214
3310
3400
3491
3572
3666
3721
3810
3918
4007
4096
4191
4305
4404
4492
4582
4674
4786
4882
4955
5063
5157
5245
5352
5442
5544
5635
5743
5847
5947
6043
6162
6263
6360
6469
6588
6677
6780
6860
6950
7043
7151
7251
7358
7454
7559
7662
7772
7873
7983
8086
8186
8272
8381
8485
8632
8755
8870
8973
9074
9166
9265
9354
9466
9568
9689
9788
9896
10002
10111
10222
10333
10461
10561
10676
10787
10894
11016
11148
11252
11378
11481
11586
11710
11804
11891
12010
12119
12238
12339
12446
12530
12628
12733
12837
12954
13050
13164
13293
13383
13491
13595
13697
13797
13906
14000
14091
14181
14293
14404
14499
14596
14702
14805
14923
15024
15118
15226
15337
15459
15584
15676
15780
15889
15990
16092
16195
16308
16406
16515
16650
16756
16877
16988
17097
17202
17300
17397
17512
17609
17703
17801
17901
18007
18118
18206
18317
18421
18527
18645
18756
18853
18942
19047
19134
19229
19313
19412
19512
19629
19725
19823
19924
20015
20110
20228
20335
20446
20553
20683
20783
20881
20970
21065
21183
21274
21385
21491
21588
21689
21793
21909
22034
22138
22250
22353
22471
22576
22684
22777
22878
22971
23086
23174
23274
23390
23488
23598
23698
23795
23897
24001
24106
24202
24313
24438
24538
24651
24741
24848
24957
25056
25166
25281
25382
25505
25607
25729
25839
25934
26036
26143
26262
26367
26481
26571
26677
26789
26897
27012
27119
27221
27326
27419
27535
27638
27732
27832
27926
28029
28149
28260
28348
28450
28538
28661
28766
28864
28965
29056
29156
29268
29371
