99
136
111
83
79
54
50
50
49
45
45
40
44
34
49
35
33
46
38
29
34
38
34
26
41
38
29
34
24
31
41
43
36
42
27
42
46
40
34
52
35
49
47
59
44
47
52
61
60
61
68
76
63
61
80
95
91
73
78
95
101
101
119
95
129
117
122
138
149
151
154
145
152
156
181
187
193
209
221
238
266
283
288
307
310
318
321
351
358
354
362
371
378
400
427
440
475
502
522
567
599
631
663
688
722
752
770
830
844
906
936
969
1016
1041
1046
1098
1148
1184
1237
1310
1361
1406
1455
1508
1568
1615
1688
1724
1761
1822
1866
1931
1997
2048
2101
2175
2222
2256
2301
2345
2408
2460
2527
2596
2704
2802
2890
2986
3078
3164
3248
3316
3396
3471
3546
3622
3690
3760
3839
3927
4015
4097
4189
4273
4354
4436
4531
4640
4744
4838
4927
5005
5104
5205
5288
5385
5471
5563
5664
5756
5851
5948
6055
6153
6239
6344
6428
6531
6624
6721
6822
6914
7031
7134
7230
7336
7440
7537
7624
7738
7837
7926
8019
8122
8233
8354
8469
8572
8659
8751
8849
8948
9043
9146
9232
9345
9446
9550
9661
9750
9857
9963
10076
10192
10293
10390
10502
10601
10700
10797
10909
11007
11122
11221
11342
11450
11565
11669
11777
11896
12003
12087
12202
12308
12402
12508
12606
12718
12819
12914
13027
13139
13240
13344
13445
13562
13670
13760
13870
13969
14065
14152
14249
14354
14469
14582
14686
14784
14896
14984
15095
15203
15291
15386
15492
15601
15713
15813
15911
15997
16113
16203
16296
16403
16522
16607
16717
16835
16943
17035
17138
17243
17357
17469
17596
17709
17828
17939
18050
18145
18257
18371
18496
18596
18707
18804
18902
18991
19107
19214
19298
19393
19487
19591
19697
19789
19898
20001
20105
20206
20321
20438
20523
20626
20730
20838
20933
21023
21133
21226
21336
21450
21570
21675
21771
21882
21999
22117
22226
22335
22435
22553
22653
22746
22855
22967
23068
23168
23254
23363
23466
23569
23668
23772
23894
24018
24142
24251
24346
24453
24554
24663
24768
24881
24986
25098
25202
25293
25416
25519
25622
25719
25818
25907
26027
26131
26240
26337
26432
26541
26639
26737
26840
26945
27051
27153
27245
27358
27467
27570
27674
27775
27879
27981
28093
28186
28293
28404
28499
28602
