1000000
958574
918714
880609
843756
808027
773828
741262
710038
679768
650937
623472
597112
571720
547345
524248
501936
480611
460262
440760
422050
404291
387322
371073
355604
340782
326411
312969
299971
287702
275771
264578
253863
243624
233645
224246
215209
206665
198417
190667
183259
176190
169571
163238
157130
151250
145826
140570
135465
130654
126086
121818
117763
113988
110317
106867
103607
100525
97654
94758
92056
89655
87340
85144
83161
81316
79705
78246
76792
75497
74347
73051
71898
70919
70013
69067
68308
67555
66989
66494
66109
65794
65488
65171
64856
64638
64410
64223
64040
63890
63735
63615
63426
63166
62971
62783
62492
62112
61793
61439
60963
60535
60010
59547
59222
58916
58581
58305
58034
57752
57435
57150
56858
56527
56333
56073
55853
55684
55483
55229
55026
54791
54525
54145
53713
53176
52595
52028
51403
50731
50080
49336
48567
47795
46976
46269
45521
44731
43994
43242
42420
41637
40794
39917
39191
38406
37695
37023
36307
35632
34911
34255
33596
32906
32254
31587
30981
30293
29716
29116
28490
27951
27415
26848
26353
25860
25355
24902
24449
24102
23802
23449
23126
22884
22574
22336
22000
21713
21426
21200
20953
20740
20581
20429
20185
19938
19707
19523
19345
19142
18946
18700
18495
18324
18133
17957
17813
17648
17522
17415
17296
17162
17022
16890
16741
16625
16450
16331
16206
16039
15837
15621
15430
15236
15056
14880
14693
14504
14337
14146
13933
13713
13533
13382
13203
13081
12939
12746
12638
12504
12360
12235
12127
12025
11845
11742
11660
11548
11430
11349
11234
11137
11009
10917
10833
10692
10584
10476
10412
10311
10210
10101
10009
9895
9800
9718
9607
9511
9441
9321
9184
9110
9026
8936
8828
8762
8670
8580
8534
8491
8397
8352
8282
8206
8146
8095
8033
7981
7970
7952
7891
7824
7728
7652
7604
7567
7513
7481
7464
7469
7417
7367
7381
7368
7348
7331
7263
7200
7178
7166
7129
7118
7079
7030
7057
7006
7012
7017
6965
6951
6928
6911
6882
6826
6778
6765
6699
6663
6649
6648
6654
6620
6579
6582
6559
6518
6534
6497
6488
6445
6448
6414
6355
6373
6360
6351
6326
6353
6328
6315
6293
6283
6260
6230
6215
6178
6109
6109
6117
6121
6138
6130
6146
6135
6115
6096
6103
6107
6049
6049
6061
6023
6019
6009
5956
5960
5953
5937
5921
5950
5921
5913
5928
5915
5885
5930
5948
5931
5906
5926
5947
5932
5912
5937
5904
5891
5884
5898
5895
5848
5844
5865
5875
5860
5882
5902
5874
5848
5816
5758
5752
5762
5759
5766
5769
5777
5790
5749
5748
5768
5778
5768
5823
5818
5815
5811
5821
5831
5837
5886
5911
5909
5917
5922
5900
5894
5873
5864
5888
5882
5905
5907
5902
5888
5848
5859
5890
5889
5882
5873
5869
5876
5847
5801
5809
5805
5814
5839
5850
5870
5895
5860
5853
5846
5879
5904
5901
5904
5891
5871
5886
5879
5893
5908
5921
5922
5923
5924
5953
5932
5893
5882
5935
5908
5919
5899
5912
5942
5947
5971
5951
5944
5952
5973
5955
5975
5982
5995
6005
6002
6012
6004
5990
5996
6003
6010
6020
5977
5988
5972
5995
5964
5951
5966
5997
6021
6046
6081
6077
6072
6059
6056
6044
6070
6054
6040
6054
6035
6017
6021
6055
6070
6092
6076
6107
6106
6113
6119
6152
6134
6142
6149
6159
6175
6214
6267
6256
6280
6301
6319
6328
6377
6414
6417
6425
6450
6447
6479
6483
6513
6576
6615
6657
6686
6703
6688
6703
6714
6725
6737
6741
6749
6803
6799
6860
6929
6976
7004
7071
7142
7152
7194
7245
7284
7329
7321
7344
7392
7447
7492
7545
7626
7677
7712
7802
7852
7929
8029
8079
8163
8201
8296
8383
8484
8565
8675
8758
8814
8907
8990
9050
