1000000
958519
918336
879980
843094
807623
773499
740953
709621
679810
651209
623633
597018
571856
547880
524779
502864
481647
461376
441956
423575
405805
388677
372586
357331
342433
328283
314791
301873
289433
277681
266531
255789
245636
235956
226741
217958
209584
201614
194271
187299
180654
174462
168605
163172
158113
153325
148959
144848
141170
137811
134677
131791
129333
127182
125285
123778
122737
121747
120920
120137
119348
118659
118133
117720
117234
116746
116409
116031
115909
115743
115741
115706
115671
115684
115696
115804
115912
116018
116084
116153
116220
116322
116430
116545
116768
116990
117211
117434
117667
117869
118065
118293
118495
118697
118913
119152
119422
119649
119909
120116
120355
120592
120794
121019
121233
121440
121632
121844
122087
122315
122544
122763
122964
123186
123401
123629
123842
124062
124298
124502
124745
124961
125167
125381
125577
125801
125998
126202
126419
126607
126823
127055
127288
127497
127711
127944
128190
128418
128636
128853
129061
129258
129481
129678
129929
130120
130342
130561
130774
130992
131219
131432
131658
131897
132100
132322
132507
132748
132964
133175
133390
133595
133820
134048
134282
134512
134732
134944
135143
135340
135578
135792
135990
136190
136400
136621
136847
137070
137278
137482
137713
137942
138164
138377
138570
138790
139007
139258
139460
139683
139881
140098
140338
140565
140760
140955
141163
141379
141583
141790
142002
142223
142456
142670
142866
143071
143268
143491
143715
143944
144162
144375
144584
144804
145045
145250
145472
145692
145883
146126
146311
146525
146718
146925
147155
147353
147576
147788
148013
148212
148455
148681
148885
149080
149294
149501
149718
149929
150127
150338
150564
150799
150997
151224
151444
151634
151836
152042
152274
152492
152695
152914
153118
153336
153540
153731
153961
154191
154401
154606
154815
155023
155238
155457
155674
155889
156093
156295
156520
156736
156922
157125
157352
157582
157793
158027
158232
158418
158631
158852
159044
159256
159491
159675
159887
160081
160300
160509
160720
160944
161137
161337
161559
161772
161974
162166
162383
162592
162814
163019
163217
163390
163590
163788
163989
164202
164390
164604
164802
165023
165228
165432
165670
165848
166038
166240
166432
166638
166839
167051
167252
167467
167677
167851
168099
168310
168543
168744
168927
169143
169373
169583
169806
170001
170209
170399
170591
170823
171033
171240
171456
171659
171867
172096
172316
172545
172737
172927
173110
173320
173523
173720
173918
174135
174383
174600
174789
174986
175166
175373
175568
175759
175974
176187
176399
176596
176800
177001
177249
177475
177658
177848
178056
178242
178446
178649
178846
179083
179295
179507
179734
179939
180149
180364
180546
180746
180940
181155
181350
181563
181788
181985
182177
182417
182610
182812
183020
183223
183400
183596
183793
183984
184179
184388
184578
184796
185009
185205
185408
185607
185791
186009
186219
186438
186642
186836
187061
187265
187473
187678
187869
188065
188250
188456
188688
188892
189099
189311
189497
189701
189912
190092
190304
190529
190719
190920
191136
191315
191518
191737
191932
192137
192347
192547
192753
192942
193117
193321
193512
193719
193921
194124
194321
194525
194720
194924
195123
195331
195525
195721
195928
196120
196325
196515
196711
196914
197103
197300
197521
197714
197896
198096
198294
198499
198712
198902
199111
199305
199540
199735
199961
200183
200371
200570
200768
200965
201127
201324
201512
201737
201933
202153
202314
202520
202735
202933
203121
203314
203507
203699
203877
204075
204285
204468
204675
204861
205065
205274
205479
205689
205885
206102
206290
206508
206718
206907
207119
207324
207545
207735
207944
208098
208335
208528
208745
208946
209139
209334
209531
209734
209918
210107
210334
210541
210733
210945
211138
211335
211534
211732
211941
212123
212330
212535
212733
212943
213123
213306
213501
213698
213906
214096
214265
214465
214683
214864
215072
215274
215479
215663
215853
216050
216253
216447
216648
216832
217020
217208
217406
217626
217800
217992
218173
218357
218552
218739
218934
219109
219294
219491
219707
219899
220092
220281
220472
220642
220841
221016
221204
221391
221543
221742
221953
222156
222329
222533
222719
222902
223112
223300
