1000000
958811
919164
880618
843472
807844
773925
741373
709842
679925
651230
623728
597180
571910
547851
524452
502311
481352
461174
441760
423199
405438
388565
372396
356921
342174
327830
314464
301806
289458
277546
266188
255227
245043
235236
225946
217126
208633
200549
193084
185770
178880
172370
166103
160169
154505
149062
144033
139367
134892
130777
126899
123312
120031
116911
114000
111263
108675
106172
103882
101713
99659
97603
95611
93770
92055
90420
88847
87548
86394
85398
84451
83459
82549
81704
80611
79568
78576
77661
76923
76148
75505
74862
74304
73660
73122
72564
72067
71564
70971
70393
69815
69323
68847
68416
67912
67346
66921
66503
66156
65723
65251
64667
63981
63186
62389
61591
60716
59798
58819
57858
56852
55741
54757
53694
52671
51589
50523
49534
48683
47856
47065
46182
45389
44672
43999
43297
42571
41856
41174
40540
40010
39481
38936
38409
37808
37171
36502
35868
35279
34757
34202
33691
33147
32569
32080
31683
31297
30912
30540
30095
29683
29214
28824
28417
28061
27747
27390
27139
26839
26534
26218
25903
25556
25227
24901
24689
24446
24210
23960
23736
23577
23424
23256
23085
22897
22698
22547
22399
22303
22167
22031
21896
21735
21614
21471
21303
21110
20934
20687
20503
20324
20116
19879
19680
19480
19261
19030
18814
18600
18383
18169
17921
17679
17417
17201
16974
16755
16487
16213
15995
15771
15515
15318
15087
14863
14652
14477
14286
14065
13890
13718
13530
13351
13182
13040
12887
12704
12585
12410
12232
12053
11857
11731
11561
11442
11334
11227
11098
11023
10892
10832
10699
10631
10553
10428
10280
10242
10127
9990
9938
9811
9712
9647
9552
9456
9394
9277
9218
9150
9091
8981
8914
8851
8839
8770
8664
8551
8483
8369
8297
8219
8140
8101
7993
7947
7816
7749
7667
7638
7586
7524
7464
7439
7408
7354
7315
7277
7223
7198
7180
7154
7101
7059
7063
7029
7025
6973
6919
6867
6867
6855
6815
6759
6738
6715
6692
6687
6613
6591
6528
6486
6481
6469
6454
6485
6466
6474
6454
6412
6411
6425
6435
6392
6402
6397
6371
6332
6259
6288
6281
6268
6249
6246
6240
6237
6268
6262
6246
6207
6198
6211
6212
6220
6193
6162
6162
6152
6177
6165
6115
6077
6093
6065
6042
6030
6010
5993
6026
5994
5961
5957
5963
5978
6012
5994
5974
5965
5960
5926
5926
5885
5857
5849
5835
5819
5829
5830
5821
5815
5852
5855
5838
5835
5846
5838
5849
5879
5890
5900
5847
5839
5842
5840
5858
5846
5862
5868
5869
5828
5819
5834
5817
5845
5851
5835
5862
5831
5829
5834
5837
5830
5789
5790
5830
5850
5846
5867
5839
5811
5805
5794
5803
5796
5824
5800
5823
5820
5798
5832
5784
5771
5756
5775
5757
5760
5777
5803
5815
5828
5818
5807
5837
5841
5784
5773
5772
5780
5780
5785
5777
5779
5783
5756
5752
5753
5772
5765
5784
5773
5817
5832
5834
5820
5795
5796
5832
5865
5865
5849
5819
5827
5850
5862
5863
5863
5869
5877
5897
5901
5901
5865
5855
5828
5881
5858
5879
5861
5842
5849
5863
5877
5836
5822
5834
5870
5918
5955
5921
5939
5930
5913
5924
5925
5929
5901
5900
5974
5974
6001
5977
6029
6055
6027
6065
6068
6062
6036
6049
6106
6109
6100
6141
6185
6167
6140
6195
6183
6178
6209
6223
6241
6243
6265
6252
6287
6248
6244
6199
6180
6228
6271
6264
6300
6335
6331
6321
6321
6354
6348
6383
6379
6395
6412
6428
6454
6509
6556
6571
6584
6622
6653
6699
6733
6776
6805
6843
6866
6918
6941
6972
7019
7035
7051
7053
7063
7125
7148
7199
7243
7250
7298
7322
7341
7325
7351
7357
7376
7389
7435
7444
7460
7489
7501
7541
7541
7540
7612
7655
7695
7791
