1000000
958018
917936
879514
842433
806593
772635
740277
708929
679001
650099
622573
596208
570788
546615
523144
501126
479921
459737
440173
421849
404012
387123
370794
355432
340636
326459
312967
299932
287710
275775
264320
253372
243024
233251
223864
214975
206537
198637
190914
183660
176627
170128
163962
158093
152583
147403
142363
137716
133327
129166
125087
121305
117772
114504
111363
108577
105846
103463
101190
98982
96901
94825
92811
90862
88934
87358
85845
84434
83279
82184
81087
80042
78869
77629
76477
75385
74409
73392
72479
71580
70818
70092
69287
68489
67824
67243
66669
66211
65825
65363
64901
64470
64075
63684
63322
63056
62732
62316
61991
61573
61130
60770
60346
59896
59378
58808
58230
57479
56801
56086
55350
54648
53891
53092
52194
51272
50470
49643
48872
48094
47289
46654
45950
45258
44538
43821
43130
42364
41734
41063
40449
39760
39035
38320
37647
37094
36448
35834
35216
34689
34143
33546
33035
32529
32107
31683
31256
30855
30502
30151
29851
29561
29266
29014
28696
28473
28315
28147
28004
27829
27646
27460
27341
27188
27086
26844
26594
26358
26067
25861
25637
25439
25251
25080
24891
24631
24404
24154
23913
23676
23440
23216
22976
22740
22500
22273
22021
21764
21508
21256
21001
20727
20466
20240
19997
19753
19505
19265
19008
18798
18583
18375
18122
17933
17740
17503
17316
17079
16856
16681
16511
16311
16151
15898
15726
15540
15386
15206
15018
14911
14771
14627
14500
14355
14202
14062
13893
13750
13594
13424
13293
13114
12926
12740
12565
12420
12236
12073
11899
11746
11635
11524
11420
11343
11211
11044
10932
10844
10738
10651
10567
10474
10406
10310
10169
10115
10021
9957
9860
9765
9709
9624
9522
9438
9362
9295
9223
9152
9040
8975
8943
8857
8795
8696
8591
8545
8433
8404
8357
8293
8222
8184
8116
8065
8022
7983
7929
7862
7866
7746
7686
7655
7651
7606
7563
7513
7447
7379
7362
7352
7334
7281
7225
7214
7195
7211
7149
7157
7171
7133
7099
7043
7024
6995
6971
6918
6894
6879
6852
6857
6832
6804
6749
6705
6663
6652
6677
6652
6637
6600
6576
6580
6570
6565
6523
6507
6526
6496
6482
6418
6381
6373
6327
6338
6370
6385
6338
6323
6313
6303
6315
6300
6285
6302
6286
6287
6300
6304
6272
6247
6246
6244
6247
6216
6203
6212
6175
6156
6185
6140
6162
6155
6130
6136
6136
6136
6130
6120
6137
6131
6122
6124
6112
6097
6065
6084
6117
6131
6114
6110
6099
6072
6086
6093
6082
6059
6029
6035
6040
6050
6080
6096
6108
6093
6092
6046
6058
6060
6060
6094
6068
6093
6118
6093
6059
6069
6047
6018
5989
5974
5961
5973
5991
5962
5962
5984
6001
5999
5985
5999
6016
5998
5978
5977
5956
5959
5990
5988
5992
5981
5976
5939
5911
5936
5949
5950
5967
5987
5986
6009
6030
6018
6009
6044
6034
6024
5999
6024
5999
6026
6024
6044
6005
6003
6027
6016
5989
6038
6029
6014
6010
6009
6020
6028
6037
6069
6057
6055
6052
6068
6053
6049
6043
6066
6105
6122
6103
6101
6123
6144
6159
6114
6160
6177
6197
6210
6192
6195
6202
6209
6225
6237
6255
6216
6244
6298
6353
6389
6417
6393
6436
6496
6513
6520
6523
6551
6573
6603
6625
6643
6643
6700
6709
6744
6783
6795
6814
6781
6824
6813
6883
6898
6889
6926
6936
6923
6943
6962
6988
6979
6987
6979
7025
7068
7081
7125
7144
7192
7198
7256
7254
7274
7280
7251
7249
7212
7231
7295
7323
7356
7383
7424
7522
7600
7630
7666
7693
7739
7757
7791
7834
7893
7939
7956
8021
8068
8144
8187
8286
8358
8416
8490
8529
8613
8701
8799
8922
9004
9060
9147
9206
9323
9440
9509
9619
9699
9776
9860
9899
9968
