1000000
958720
919131
880584
843752
808320
774210
741452
710268
680305
651702
623979
597629
572235
548283
524982
502821
481599
460894
441710
423253
405160
387918
371306
355798
340955
326825
313343
300202
287807
275864
264767
253916
243630
234016
224748
215875
207381
199247
191576
184282
177492
171072
164890
159122
153556
148107
143165
138482
134169
130152
126364
122993
119802
116776
113891
111205
108613
106146
103908
101972
100064
98363
96925
95568
94228
92983
91955
91078
90160
89342
88579
87766
87004
86286
85652
84979
84524
84176
83703
83436
83188
82800
82441
82099
81715
81401
81110
80751
80392
80033
79574
79016
78539
78058
77474
76802
76003
75151
74343
73480
72771
72060
71279
70506
69778
69137
68599
67998
67426
66743
66012
65402
64693
64031
63383
62741
62141
61406
60650
59848
59149
58430
57703
56916
56226
55562
54851
54183
53518
52910
52128
51339
50512
49616
48729
48009
47320
46679
46111
45572
44966
44485
44019
43560
43141
42640
42213
41798
41362
40948
40518
40060
39574
39076
38523
37969
37455
36929
36473
36022
35606
35225
34858
34443
34073
33800
33493
33169
32867
32610
32317
32021
31729
31463
31143
30866
30609
30359
30172
30049
29830
29688
29549
29408
29250
29100
28964
28812
28668
28484
28346
28222
28144
28078
28026
27939
27830
27710
27646
27594
27452
27339
27149
26982
26779
26554
26338
26168
25910
25634
25365
25121
24812
24511
24317
24059
23861
23610
23350
23055
22771
22444
22208
21922
21603
21285
20966
20611
20318
20053
19787
19466
19257
19059
18855
18614
18401
18206
17973
17735
17486
17234
17013
16786
16634
16415
16254
16114
15964
15828
15683
15553
15408
15220
15049
14877
14684
14531
14376
14225
14081
13902
13793
13652
13537
13464
13352
13240
13136
13049
12958
12866
12730
12625
12528
12398
12304
12206
12086
12011
11907
11827
11721
11635
11565
11438
11336
11236
11144
11083
10990
10892
10836
10761
10709
10662
10567
10472
10355
10297
10258
10201
10134
10090
10017
9986
9980
9960
9943
9930
9887
9862
9876
9829
9814
9765
9749
9709
9687
9660
9628
9573
9563
9507
9436
9371
9326
9315
9321
9275
9246
9232
9204
9165
9134
9094
9060
9055
9052
9019
8999
8987
8950
8890
8858
8861
8853
8828
8770
8759
8700
8642
8632
8588
8534
8522
8498
8466
8432
8424
8386
8357
8334
8267
8231
8197
8148
8147
8125
8111
8100
8048
8046
8057
8036
7993
7998
7942
7922
7852
7833
7781
7715
7655
7649
7631
7599
7588
7526
7513
7508
7500
7463
7436
7441
7438
7449
7403
7363
7377
7393
7372
7409
7392
7377
7367
7348
7357
7353
7326
7354
7352
7397
7412
7422
7407
7392
7339
7311
7341
7342
7339
7335
7289
7249
7244
7238
7235
7230
7248
7255
7251
7249
7228
7204
7244
7264
7294
7333
7328
7321
7358
7329
7294
7270
7276
7278
7312
7274
7282
7315
7313
7322
7325
7375
7396
7444
7440
7419
7415
7410
7407
7380
7368
7380
7372
7348
7348
7373
7369
7368
7386
7398
7412
7417
7459
7458
7447
7459
7486
7508
7466
7458
7469
7458
7495
7501
7530
7524
7506
7513
7527
7525
7510
7531
7520
7510
7507
7536
7564
7578
7557
7575
7609
7641
7649
7633
7622
7646
7652
7665
7691
7718
7775
7803
7875
7908
7964
8026
8057
8113
8152
8250
8298
8362
8368
8445
8495
8605
8679
8723
8781
8797
8875
8978
9043
9103
9177
9205
9257
9313
9412
9449
9534
9600
9632
9771
9860
9992
10107
10223
10273
10344
10413
10511
10623
10684
10729
10793
10867
10856
10861
10854
10900
10894
10913
11005
11030
11081
11190
11283
11334
11354
11382
11427
11465
11493
11528
11576
11647
11667
11718
11689
11705
11697
11705
11744
11744
11778
11806
11823
11817
11806
11846
11906
11933
11979
12048
12152
12280
