0
39186
73318
102186
127111
147376
164523
178603
189998
199300
205979
211158
214730
217173
217836
217853
216982
215286
212708
209680
206060
201690
197607
192835
188064
183088
178020
172602
167204
161743
156774
151877
146967
141916
137239
132268
127450
122803
118306
113755
109232
104754
100392
96426
92286
88272
84449
80506
77317
73903
70521
67287
64277
61313
58453
55720
53022
50287
47763
45247
42638
40157
37715
35563
33501
31982
30762
29445
28148
27030
25874
24692
23680
22564
21306
20159
19094
17993
17094
16469
15776
15130
14615
14057
13520
13075
12814
12713
12617
12494
12399
12423
12566
12590
12534
12648
12691
12564
12480
12394
12461
12470
12443
12335
12201
12000
11704
11565
11325
11108
10879
10632
10455
10152
9903
9674
9500
9372
9165
9022
8898
8666
8445
8231
8068
7786
7423
7143
6834
6501
6281
6024
5779
5629
5475
5370
5196
5016
4858
4656
4478
4263
4077
3988
3914
3849
3796
3727
3630
3651
3689
3748
3754
3799
3816
3860
3854
3939
3983
4041
4120
4124
4169
4256
4377
4490
4658
4805
4933
5091
5258
5406
5559
5663
5739
5800
5884
5895
5903
5851
5791
5828
5816
5791
5737
5673
5665
5592
5524
5449
5335
5193
5055
4967
4901
4832
4781
4721
4583
4496
4371
4276
4238
4194
4135
4109
4124
4109
4094
4115
4126
4095
4090
4075
4019
3988
4035
3980
4009
4027
4038
4051
4074
4092
4090
4090
4069
4005
3969
3940
3870
3842
3836
3803
3777
3810
3784
3764
3684
3680
3667
3671
3664
3640
3557
3528
3527
3519
3484
3491
3427
3370
3312
3309
3343
3322
3313
3337
3312
3304
3275
3250
3258
3199
3147
3139
3111
3095
3089
3046
3012
2979
2969
2955
2906
2884
2886
2873
2873
2881
2856
2844
2798
2792
2765
2798
2809
2767
2735
2745
2705
2701
2680
2671
2655
2584
2577
2593
2655
2652
2632
2602
2631
2638
2601
2630
2619
2581
2606
2587
2569
2518
2517
2494
2509
2504
2499
2482
2477
2484
2467
2479
2438
2435
2430
2428
2414
2442
2413
2382
2390
2355
2364
2368
2397
2419
2402
2415
2391
2407
2424
2413
2412
2469
2481
2444
2411
2433
2453
2438
2415
2402
2382
2414
2419
2374
2341
2342
2362
2341
2320
2325
2380
2420
2442
2467
2453
2462
2443
2466
2476
2464
2496
2505
2508
2520
2483
2474
2443
2418
2409
2444
2425
2430
2406
2410
2432
2423
2390
2363
2349
2307
2301
2300
2341
2349
2341
2328
2371
2346
2373
2412
2441
2452
2464
2437
2422
2419
2399
2384
2384
2391
2372
2341
2361
2339
2324
2254
2288
2313
2322
2337
2320
2308
2269
2277
2273
2254
2257
2293
2298
2285
2306
2272
2283
2285
2296
2319
2346
2355
2371
2395
2375
2354
2362
2357
2376
2402
2401
2404
2426
2420
2420
2392
2344
2358
2329
2319
2299
2336
2332
2325
2306
2335
2305
2296
2277
2294
2267
2245
2275
2304
2331
2322
2323
2319
2286
2285
2285
2298
2301
2327
2318
2323
2299
2314
2288
2290
2278
2277
2283
2274
2271
2285
2275
2241
2255
2258
2283
2319
2342
2355
2331
2318
2333
2332
2341
2353
2368
2357
2370
2360
2338
2339
2284
2275
2278
2268
2281
2266
2285
2263
2251
2281
2281
2265
2243
2254
2209
2228
2248
2247
2203
2183
2183
2203
2184
2159
2168
2193
2198
2215
2188
2183
2154
2183
2190
2220
2223
2245
2218
2210
2225
2214
2173
2177
2148
2137
2155
2134
2139
2111
2077
2085
2076
2040
2049
2049
2049
2048
2074
2115
2114
2165
2136
2113
2126
2139
2141
2168
2155
2178
2174
2180
2180
2158
2155
2141
2168
2132
2138
2136
2162
2131
2140
2130
2124
2090
2075
2040
2068
