0
39720
73248
102057
126665
147528
164568
179293
190151
199557
206111
211524
214976
216919
217692
217578
216367
214601
212163
209133
205196
201139
196504
192028
187431
182775
177676
172598
167322
162058
156938
151763
146293
141234
136416
131403
126532
121705
117175
112770
108270
103932
99703
95527
91693
87717
84116
80542
77014
73614
70251
66917
63728
60586
57698
54754
51854
49166
46580
44203
42000
39916
37837
35832
33844
31943
30236
28829
27311
26133
24938
23633
22468
21440
20446
19608
18808
18103
17584
17059
16502
16011
15523
15093
14699
14347
13934
13568
13140
12701
12423
12249
11945
11735
11631
11634
11458
11414
11519
11523
11578
11618
11601
11626
11701
11740
11760
11774
11787
11711
11707
11608
11477
11467
11384
11224
11174
11043
10955
10846
10694
10563
10454
10319
10297
10110
9971
9791
9643
9503
9352
9164
9008
8842
8648
8402
8213
8020
7818
7792
7611
7485
7363
7245
7177
7008
6929
6906
6815
6762
6679
6554
6417
6343
6203
6089
6024
5917
5779
5730
5603
5509
5486
5430
5366
5379
5328
5280
5198
5158
5098
5072
5041
4996
4929
4864
4794
4746
4699
4724
4641
4617
4555
4487
4451
4415
4372
4312
4273
4275
4246
4210
4171
4097
4052
4066
4057
3999
3954
3946
3842
3819
3752
3698
3635
3582
3529
3507
3444
3420
3413
3408
3342
3305
3284
3257
3223
3225
3202
3224
3167
3107
3132
3110
3121
3081
3049
2998
2956
2906
2926
2914
2884
2860
2830
2817
2792
2793
2784
2789
2785
2733
2734
2740
2696
2660
2656
2626
2618
2645
2622
2616
2591
2582
2553
2538
2543
2512
2515
2506
2505
2564
2531
2530
2544
2543
2504
2522
2537
2553
2600
2603
2582
2568
2576
2551
2541
2509
2487
2461
2456
2442
2412
2409
2369
2359
2370
2366
2367
2359
2383
2410
2444
2441
2426
2444
2429
2438
2413
2425
2423
2483
2470
2457
2429
2437
2433
2399
2407
2359
2351
2342
2347
2319
2328
2334
2319
2326
2339
2356
2332
2322
2276
2276
2278
2269
2270
2244
2210
2204
2187
2190
2209
2225
2228
2250
2270
2293
2326
2332
2343
2315
2377
2373
2370
2358
2372
2422
2435
2429
2409
2402
2340
2365
2381
2381
2368
2349
2321
2292
2295
2281
2292
2316
2303
2319
2302
2267
2237
2260
2263
2290
2284
2295
2308
2314
2337
2354
2372
2341
2347
2328
2346
2339
2335
2306
2313
2298
2337
2294
2293
2311
2319
2316
2322
2310
2318
2331
2323
2293
2285
2331
2315
2294
2327
2319
2335
2314
2318
2326
2326
2307
2311
2315
2335
2335
2322
2331
2337
2349
2388
2375
2391
2394
2391
2403
2413
2411
2381
2369
2371
2361
2342
2339
2318
2348
2329
2302
2302
2296
2301
2372
2380
2331
2353
2350
2325
2299
2273
2315
2326
2346
2357
2346
2365
2347
2358
2364
2392
2378
2383
2390
2391
2371
2366
2355
2347
2346
2348
2355
2356
2361
2337
2316
2321
2310
2292
2305
2273
2285
2274
2332
2348
2327
2311
2315
2292
2318
2326
2308
2313
2316
2309
2269
2286
2259
2267
2246
2261
2267
2273
2280
2300
2305
2324
2321
2323
2331
2322
2329
2312
2295
2272
2265
2281
2291
2307
2297
2300
2260
2279
2299
2291
2279
2306
2313
2337
2337
2311
2304
2278
2307
2335
2321
2318
2358
2347
2356
2380
2364
2392
2367
2377
2384
2383
2378
2393
2416
2380
2327
2324
2306
2338
2342
2299
2278
2248
2246
2263
2267
2268
2278
2265
2256
2252
2250
2262
2234
2210
2217
2249
2235
2245
2261
2258
2234
2246
2262
2293
2294
2306
2286
2298
2319
2334
2295
2270
2247
2252
2239
2245
2272
2276
2243
2243
2215
2211
2215
2229
2248
2241
