0
39426
72967
102168
127050
147557
164804
178894
190530
199727
206810
212170
215634
217849
218530
218313
217178
215076
212845
209256
205607
201926
197473
192858
187966
182874
178007
172912
167801
162615
157174
152067
146853
141585
136548
131793
126973
121968
117171
112568
108179
103710
99513
95413
91306
87163
83182
79432
75643
71906
68304
65083
61908
58750
56001
53361
50704
47992
45527
43303
41253
39219
37243
35450
33577
31771
30129
28460
26785
25140
23728
22305
21051
19989
19103
18185
17326
16281
15371
14501
13607
12771
11959
11296
10696
10069
9508
9091
8773
8372
7947
7473
7021
6622
6290
5986
5743
5593
5555
5527
5273
5184
5153
5168
5229
5194
5145
5112
5103
5172
5250
5311
5376
5383
5374
5369
5263
5132
5048
4924
4803
4694
4694
4831
4957
5238
5489
5805
5895
6016
6162
6229
6254
6293
6278
6224
6183
6224
6354
6494
6639
6702
6734
6761
6816
6947
7028
7000
6890
6738
6525
6257
5994
5824
5657
5394
5190
5054
4964
4801
4671
4636
4521
4365
4174
3960
3803
3626
3451
3250
3070
2896
2776
2621
2478
2368
2288
2229
2163
2028
1868
1740
1650
1548
1516
1488
1467
1424
1398
1387
1425
1453
1420
1480
1515
1553
1599
1603
1600
1615
1631
1682
1787
1789
1813
1914
1982
2050
2123
2192
2208
2324
2443
2546
2530
2555
2607
2678
2686
2771
2859
2886
2988
3101
3175
3269
3473
3691
3944
4217
4498
4911
5303
5535
5772
5943
6174
6438
6765
7063
7238
7351
7383
7322
7327
7307
7349
7313
7372
7325
7276
7145
7069
6967
6893
6770
6697
6523
6194
5841
5476
5077
4746
4395
3995
3678
3362
3078
2795
2574
2313
2126
1955
1816
1686
1565
1459
1306
1160
1031
927
836
753
687
622
559
496
444
395
352
311
281
252
218
193
172
149
140
124
110
102
90
86
74
62
58
54
48
46
42
36
32
29
27
22
21
21
20
17
14
13
12
12
12
11
10
10
9
7
6
6
6
5
4
3
2
2
2
2
2
2
2
2
2
2
2
2
2
2
1
1
1
1
1
1
1
1
1
1
1
0
0
0
0
0
0
0
0
0
0
0
0
0
0
0
0
0
0
0
0
0
0
0
0
0
0
0
0
0
0
0
0
0
0
0
0
0
0
0
0
0
0
0
0
0
0
0
0
0
0
0
0
0
0
0
0
0
0
0
0
0
0
0
0
0
0
0
0
0
0
0
0
0
0
0
0
0
0
0
0
0
0
0
0
0
0
0
0
0
0
0
0
0
0
0
0
0
0
0
0
0
0
0
0
0
0
0
0
0
0
0
0
0
0
0
0
0
0
0
0
0
0
0
0
0
0
0
0
0
0
0
0
0
0
0
0
0
0
0
0
0
0
0
0
0
0
0
0
0
0
0
0
0
0
0
0
0
0
0
0
0
0
0
0
0
0
0
0
0
0
0
0
0
0
0
0
0
0
0
0
0
0
0
0
0
0
0
0
0
0
0
0
0
0
0
0
0
0
0
0
0
0
0
0
0
0
0
0
0
0
0
0
0
0
0
0
0
0
0
0
0
0
0
0
0
0
0
0
0
0
0
0
0
0
0
0
0
0
0
0
0
