0
39319
73154
102448
126856
147389
164670
178819
190135
198966
205602
210962
214644
216910
217679
217600
216367
214691
212115
208546
204982
200788
196574
191943
187342
182302
177146
172288
167197
162021
156863
151812
146851
141842
136890
131938
126941
122163
117494
113106
108728
104421
100158
95897
91815
87583
83611
79876
76194
72601
69040
65607
62296
58936
55714
52511
49234
46254
43355
40815
38344
35704
33273
30880
28573
26399
24397
22686
21138
19499
17997
16664
15412
14139
13056
11924
10998
10162
9371
8629
7977
7402
6816
6226
5680
5179
4773
4446
4314
4070
3851
3597
3346
3106
2855
2571
2303
2044
1839
1644
1442
1302
1173
1037
939
858
772
682
594
543
485
437
385
349
308
276
243
221
192
172
153
138
122
107
98
92
79
70
57
49
37
35
32
29
26
23
20
16
15
13
12
11
11
10
8
7
6
6
6
4
3
2
2
2
2
2
2
2
1
1
1
1
0
0
0
0
0
0
0
0
0
0
0
0
0
0
0
0
0
0
0
0
0
0
0
0
0
0
0
0
0
0
0
0
0
0
0
0
0
0
0
0
0
0
0
0
0
0
0
0
0
0
0
0
0
0
0
0
0
0
0
0
0
0
0
0
0
0
0
0
0
0
0
0
0
0
0
0
0
0
0
0
0
0
0
0
0
0
0
0
0
0
0
0
0
0
0
0
0
0
0
0
0
0
0
0
0
0
0
0
0
0
0
0
0
0
0
0
0
0
0
0
0
0
0
0
0
0
0
0
0
0
0
0
0
0
0
0
0
0
0
0
0
0
0
0
0
0
0
0
0
0
0
0
0
0
0
0
0
0
0
0
0
0
0
0
0
0
0
0
0
0
0
0
0
0
0
0
0
0
0
0
0
0
0
0
0
0
0
0
0
0
0
0
0
0
0
0
0
0
0
0
0
0
0
0
0
0
0
0
0
0
0
0
0
0
0
0
0
0
0
0
0
0
0
0
0
0
0
0
0
0
0
0
0
0
0
0
0
0
0
0
0
0
0
0
0
0
0
0
0
0
0
0
0
0
0
0
0
0
0
0
0
0
0
0
0
0
0
0
0
0
0
0
0
0
0
0
0
0
0
0
0
0
0
0
0
0
0
0
0
0
0
0
0
0
0
0
0
0
0
0
0
0
0
0
0
0
0
0
0
0
0
0
0
0
0
0
0
0
0
0
0
0
0
0
0
0
0
0
0
0
0
0
0
0
0
0
0
0
0
0
0
0
0
0
0
0
0
0
0
0
0
0
0
0
0
0
0
0
0
0
0
0
0
0
0
0
0
0
0
0
0
0
0
0
0
0
0
0
0
0
0
0
0
0
0
0
0
0
0
0
0
0
0
0
0
0
0
0
0
0
0
0
0
0
0
0
0
0
0
0
0
0
0
0
0
0
0
0
0
0
0
0
0
0
0
0
0
0
0
0
0
0
0
0
0
0
0
0
0
