0
53334
28341
19013
15204
12724
10952
10292
9268
8996
8389
8077
7984
7824
7692
7936
7909
7998
8111
8002
8336
8437
8565
8898
9206
9590
9666
10233
10425
11063
11163
11736
12123
12301
12569
13303
13988
14395
14890
15796
16561
17373
18218
18710
19594
20572
21539
22444
23587
24314
25570
26609
28024
29067
30509
32044
33223
34587
36819
38451
40330
43309
44931
47286
50104
52444
53659
55279
57665
59709
61517
63214
65273
67989
70499
73351
76613
79705
82868
85504
87609
89856
92030
94065
96837
98902
100601
101694
101785
102525
103067
102352
102746
103507
102968
102807
102017
102344
102765
103100
103546
102875
103529
103907
103876
104179
106249
106860
108376
109876
110436
111566
113024
114288
116327
117958
118728
120158
121609
122449
123469
124568
126279
127818
129411
130941
132987
136312
138419
141612
143894
145907
147993
150766
152487
153678
155325
157698
159714
161734
163977
165855
168142
169982
171418
173093
174376
174941
176296
176857
176529
176298
175946
175426
175007
174279
174005
173681
173081
172178
171473
171215
170470
169604
168419
168074
165925
164351
162667
161010
159180
157173
155411
154089
153130
152070
151088
150389
150097
150014
150506
150332
150702
150713
151579
152257
152346
152879
152595
153353
154866
156569
157511
158851
159776
160902
161533
162028
163200
164683
165802
167037
167782
168778
169542
170213
170216
170522
170856
170738
171079
171143
171185
171425
171145
171917
172187
172439
172704
172149
171959
172002
171805
171539
171242
171201
171104
171364
171899
172519
173423
173817
174040
174466
175041
174571
174870
174629
175833
176262
177171
177000
176883
176911
177523
178422
178818
179052
178839
179386
179194
179708
180943
181242
181395
181575
181806
182319
182088
181597
182247
182109
181960
182753
183535
184192
184863
185187
185600
185978
186387
186235
186763
186807
187398
187967
188329
188088
188366
188721
188658
189084
189290
190163
190287
190654
190030
190131
190514
190642
190957
191380
191527
192199
192140
192781
193363
193288
193226
192652
192651
192947
193055
193135
193093
192782
192952
193198
192999
193108
193259
194008
194313
194884
194709
194611
194776
194789
194719
195102
195566
195568
195712
195984
196032
196107
196039
195993
196452
197018
197517
197362
197674
197552
197614
196928
196656
196429
196622
196840
196775
196569
196408
196170
195710
195462
196098
196360
196171
195939
196342
196459
196450
196929
196514
197069
197117
197682
197513
197857
197950
197604
197829
197432
196820
196442
195989
195666
195541
195860
195421
195462
195486
195331
195240
195235
195186
195455
195638
195684
196249
195974
196300
196106
196295
196750
196366
196451
196477
196734
197143
197628
198224
198139
197811
197744
198060
197748
197493
197542
197786
197142
196565
196338
196353
196008
196339
196103
196478
197147
196936
196923
197009
197109
197127
197524
197715
198394
198970
198468
198363
198184
198271
198289
198560
198812
199112
198894
199075
198817
198605
198876
198778
198808
198616
198988
198538
198446
198113
198199
197797
197310
197680
197829
197929
197910
197750
197219
197153
196859
196880
196491
196396
196055
196984
197344
197531
197941
198316
198174
197850
197432
198014
198684
198684
198687
198895
198663
198926
199179
199282
199266
198392
198490
198463
198116
198284
198598
198499
198842
198540
198276
198185
198460
198174
198601
199040
198536
199069
198842
198709
198741
198718
198857
198943
198777
199249
199564
199465
198832
198376
197968
198141
198009
198143
197890
197839
198199
197526
197753
197665
197381
197476
197660
198045
198573
198959
198989
199086
199028
198937
198892
199593
199258
199244
199022
199466
199421
199538
200095
199952
199523
199642
200022
200509
200704
200621
200171
200922
200936
200662
200399
200724
200808
201180
201083
201027
200690
200621
199908
200127
200136
199777
199991
200436
200699
200451
201138
201136
201020
201152
201478
202009
202352
202567
202769
202946
202915
202994
203421
203030
202825
202280
201658
201707
201651
201672
201662
201535
200926
201169
201249
200777
201027
201110
200876
200788
200868
201254
201046
200877
201137
201193
201684
201858
202079
201742
201640
202098
202232
202774
