0
53458
28208
19200
15101
12612
11104
10032
9379
8529
8403
8031
7782
7789
7701
7732
7834
7788
7885
8064
8123
8408
8672
8842
9139
9653
9977
10138
10326
10883
11359
11481
11966
12611
12877
13681
14244
14413
15108
16074
16608
17067
17764
18378
19744
20368
21636
22115
23366
24225
25306
27117
28121
29337
30586
32455
33419
35172
36948
38530
40052
41663
43885
45218
47545
49303
50762
53074
55294
57611
60198
62648
65670
67847
70247
72508
75294
78598
81021
84329
86753
89112
91004
93110
95532
97800
99716
102241
104372
106453
109213
111273
114035
116433
117844
119401
120488
120751
121874
122535
123282
124171
125447
125695
124960
124182
124895
124740
125606
125347
124990
124583
123351
122272
121142
120867
120964
121147
122217
122619
123335
123536
124681
125979
127186
128867
130126
130857
132271
133051
133207
133036
132319
132025
131583
130777
130706
131111
131747
132022
132614
133143
133604
134436
135428
136252
137224
138198
139231
140277
141129
142135
143504
144511
144247
145280
145995
146455
147307
147839
148459
148318
148587
149484
149765
150553
151338
152073
153161
154106
155555
156395
156963
158328
159917
160632
161779
162702
164134
164828
165276
166071
166271
166577
167037
167523
167932
168748
169006
169475
170277
170350
170606
171091
171838
172404
172617
172656
172206
172317
172826
173247
173350
173299
173600
174174
174166
174669
174942
174946
175303
176054
176360
177420
178208
178586
178588
178936
178952
179136
179175
179623
179379
179086
179237
179044
178919
178696
178378
178278
177787
177640
177582
177431
177208
177114
176925
176476
176326
176422
176843
176880
177191
177827
178349
178340
178458
179335
179399
179502
180596
180509
180935
180642
180954
181221
181409
181926
181909
182011
182064
182152
182764
183239
183446
183470
183842
184562
184890
184869
185062
185232
185493
186161
186969
187541
187772
187823
188468
188780
189445
189966
190738
190565
190861
191268
191469
191730
191976
191939
192059
192164
192103
191911
191864
191890
191858
192092
192791
193044
192531
192443
192403
192094
191698
191592
191695
191908
192418
192429
192709
192990
193269
193319
193502
193028
192886
193192
193558
193706
194162
194436
194404
194688
194610
194626
194382
194367
194410
194425
194005
194002
193714
193548
193412
192980
192722
193237
193572
193362
193758
194142
194418
194737
194718
194692
194875
194721
194470
194484
194905
195177
195810
196580
196584
196423
196429
196531
195884
195642
195658
195262
195105
194824
195091
194829
194796
195109
195277
195461
195089
195427
195412
195915
195969
196058
195688
195930
195731
196006
196523
196607
196641
197075
197707
197836
197850
197873
197912
197955
198656
198718
199066
198919
198448
198298
197896
197871
197937
197944
197205
197149
196902
196814
196825
196910
196570
196370
196085
196551
196890
196972
196861
197036
196936
197174
197236
196831
197036
197557
197845
198315
198290
198279
198450
198087
198013
197740
197556
197758
197882
197611
197935
198072
198222
198036
197971
197655
197994
197864
197446
196970
196876
196868
197453
197246
197348
197747
198233
198393
198509
198636
198087
198280
198349
198094
198374
199069
200016
200321
200204
199823
199559
199436
199000
199041
198917
198900
199180
199193
199176
198916
199269
199497
199319
198857
198538
198578
198662
198875
199011
199774
200123
200022
200175
200198
199897
200113
199815
199649
199443
198595
198157
197806
197503
197252
197302
197363
197571
198110
198277
198107
198222
198208
198155
198363
198031
198333
198363
198597
199272
199231
199770
199899
199864
199765
199920
199960
199589
199774
199463
199605
199767
200081
199849
200216
200400
200348
200461
200382
200519
200235
200434
200585
200816
200525
200530
200655
201016
200735
201456
201464
201793
201868
201827
201838
201955
201833
201588
201322
201012
201316
201222
201740
201924
202123
202059
201846
201820
201614
201338
201054
201133
200983
200962
201338
201318
201920
202385
202122
202457
202664
202620
203140
204207
205480
206551
207225
208321
208998
209598
210362
210706
210968
211153
211372
211981
212253
212047
212261
212653
212373
212478
212589
212683
213012
212828
213082
212841
213326
213725
