0
52744
28148
19747
15136
12459
10873
10006
9391
8857
8285
8022
7901
7858
7751
7773
8019
7941
7960
8222
8335
8377
8793
9054
9252
9535
10013
10210
10541
10986
11259
11422
12145
12496
12941
13345
14145
14612
15126
16188
16512
16999
17979
18925
19799
20559
21841
22775
23586
24589
25551
26855
27949
29334
31029
32377
33856
35906
37344
39065
40741
43174
45440
47022
49496
52274
54517
56536
58910
60759
62952
65902
68062
70818
73313
74944
77398
79570
81697
83387
84893
87094
89335
91225
92366
93681
95471
97104
98773
100086
102017
103211
104448
106208
107364
107785
107800
108504
108499
108098
107774
108012
108119
107830
107585
106600
106674
106943
107216
106870
106789
107550
107579
108086
108495
109466
110219
110598
111102
111279
112254
112094
112782
114465
115246
115353
116051
117288
118466
119560
120454
121411
122683
123621
125077
126442
127949
129377
131267
132103
133242
134316
135241
136599
137092
137997
139129
140501
140468
140757
141391
142536
143863
145021
145722
146749
147994
148838
149916
151181
152072
153117
154033
154302
154263
155366
155372
156271
156767
157315
157630
157795
158767
158963
160046
160310
161213
162240
162626
162829
163575
164188
164559
165105
165557
165729
166001
167143
167988
168213
168575
169391
169745
169982
170670
171335
170855
171225
171871
172373
172899
174058
175188
175537
176273
177180
177785
178773
179361
180115
180157
180115
181036
181559
182024
182432
182606
182834
182916
183116
183587
184087
184427
184471
184621
184552
185044
186051
186905
187153
187569
187788
188162
188610
189169
189280
190021
189984
190119
190311
190535
190905
190729
190729
191335
191590
191770
192347
192626
192865
193037
192979
193057
193287
193515
194129
193782
193904
194332
194711
194620
194443
194350
194442
194251
194227
194563
194949
194855
194472
194066
193611
193509
193511
193707
193695
194117
194546
194788
194778
195298
195370
195892
196106
196539
196839
197138
197477
197260
197438
197298
196531
196706
196109
196097
195902
195850
195996
196095
196265
195715
195838
195413
195413
195425
195582
195746
195901
196003
196396
196942
197538
197975
197790
197731
197754
198066
198195
197973
197735
197844
198085
198604
199344
198745
199135
199451
199685
199753
200064
200091
200272
200281
200035
199866
199622
199264
198820
198372
197907
198082
198275
198112
197334
197459
197472
197427
197308
196991
196446
196538
196966
197109
197468
197654
197478
197589
197435
197685
198104
198278
198338
198036
198164
198092
198394
198189
198697
199103
199316
199332
199134
199050
199111
198660
198650
198423
198056
197475
197543
197929
198176
197864
197730
197824
197989
198440
198424
197997
198406
198469
198473
198234
198655
198265
198615
198912
198345
198044
198442
198616
198742
198400
198556
198701
198552
198280
197857
197779
197839
197877
198078
198478
198527
198192
198338
198172
198061
197769
197837
197611
197081
197034
196878
196966
196890
196951
197115
197146
197114
197112
197165
197280
197408
197823
197811
197827
197630
198118
198503
198460
198150
197805
197669
197922
197719
197909
197796
198449
198911
198464
198161
198363
197732
197570
197717
197683
197645
197859
197091
197090
196760
196949
197140
197143
197299
197616
197213
197417
197494
197403
197086
197139
197441
198018
198294
198621
198725
198695
199126
198759
198844
198424
198232
198189
197931
197800
198061
198066
197981
198160
198365
198292
198658
198783
198861
199153
199283
199355
199181
199224
198921
198773
198857
198599
198208
198548
198402
198360
198096
198687
199294
199377
199361
199043
198952
198740
198407
198493
198744
198758
198559
198556
198542
198668
198436
198121
197783
197826
198176
198537
198440
198375
197923
197933
198307
197634
197540
197264
197598
197588
197259
197287
197033
196900
197107
196807
196978
196708
197160
197660
197974
198230
198107
197899
198335
198679
198630
198970
198852
198840
198511
198254
198787
199088
199469
199377
199581
199557
199997
199781
199767
199137
199038
198934
199161
199292
199299
199095
198782
198501
198735
198271
198317
198357
198286
198652
199132
199127
199235
199023
199022
199237
199282
199317
199413
199784
199921
199984
199582
199723
