0
53789
28689
19773
14804
12693
11243
10072
9357
8934
8446
8132
7998
7875
7673
7765
7901
7819
8056
8281
8316
8450
8668
8864
9285
9450
9741
9920
10351
10650
10963
11722
11886
12230
12850
13538
14072
14698
15315
15798
16451
17229
17630
18922
19696
20116
21098
21783
23053
24216
25327
26435
27274
28433
29690
31148
32549
33342
34943
36349
38002
39763
41436
43567
45129
46973
48673
51450
53925
55931
58753
61086
64067
66948
69067
71831
74821
77690
80974
84599
88886
92377
97095
100886
105273
108836
112757
117066
120703
124776
128523
131859
135048
138252
140644
143284
146244
147633
148671
150032
150124
149616
149433
149291
148924
150079
150529
151413
152555
153310
154009
154683
155289
155882
156807
158144
158722
159949
160915
161711
162473
163312
164095
163530
162933
161400
159250
156271
153104
150433
148277
145696
143097
140642
138092
136023
134490
132935
132361
131078
129851
128810
128136
126340
125483
125118
124854
124900
124561
124154
124870
124806
125013
125186
125320
125721
125677
125505
126299
126763
127405
127502
127814
128475
129588
130331
131478
132798
133552
135052
136565
137933
139534
141133
143011
144412
145663
147506
148343
149514
151270
152684
154266
156025
157274
158270
158643
159524
160763
162446
162976
163742
164071
164829
165358
165961
166981
168227
169100
170426
170632
171345
172024
172953
173406
174399
174874
175423
175788
176739
176435
175804
176038
175382
174804
174409
174470
173660
173695
173420
173456
173275
172978
172922
172841
173068
173063
173153
173506
173922
174898
175044
175116
176058
175895
176522
176540
177151
177516
177903
178185
178521
178411
178787
179465
179374
179753
180114
180624
180396
180539
180726
180814
181032
181666
181739
181710
181936
182435
182997
182706
182839
183155
183117
184096
185031
185509
185466
185818
185577
185505
185632
186610
186555
187523
187395
187915
187973
188564
188196
188285
188417
188322
187757
187813
187748
187832
188444
188850
189533
189944
189934
189846
190225
190495
190660
190825
190182
190437
190721
191118
190778
190913
191010
191047
191615
192116
192376
192464
192826
193167
193234
193284
192963
193368
193489
193855
193791
193772
194252
194613
194762
194976
195219
194802
194608
194842
195046
195128
194823
194509
194119
194106
194180
194532
194248
194476
194861
194844
195087
195582
196119
196125
196002
195980
195912
195644
195434
195073
195255
195507
195717
196416
196685
197303
197345
197361
197477
197659
197421
197681
197729
197673
197332
197447
197438
197071
196593
196405
196242
196483
196336
196363
196121
195919
195661
195913
196153
196845
196659
196854
196725
197018
197246
197782
197718
197451
197883
197994
197686
197465
197658
198038
198046
197802
197624
197609
197371
197376
197247
196853
196769
196428
197026
197208
197700
197907
197745
197187
197468
197587
198120
198318
198348
198151
197648
197821
197681
198016
198477
198459
198360
198474
198771
198388
199072
198988
198776
198874
198898
198871
198572
198482
198575
198406
198403
198884
198910
199077
199457
199274
199436
199259
198638
198472
198064
197772
198106
198751
198783
199607
199489
199408
199218
199149
199648
199553
199491
199243
199407
198801
198743
198914
199084
198984
199362
199094
198832
198638
198231
198096
198101
198277
198201
198053
197911
197867
198361
198914
198823
198776
198738
199352
199348
199100
199354
199397
199146
199318
199564
199830
199593
199675
199165
199039
198992
198992
199189
199321
198639
198468
198555
197804
197621
198122
198262
198493
198697
199210
198893
198967
199155
199456
199036
199498
199545
199581
199471
199148
199021
199154
199235
199852
200230
200887
201288
201404
201353
201410
201140
201114
201096
201064
201422
201201
201458
201723
201960
202331
202293
202197
202167
202327
202580
202296
202296
202247
202219
202409
202781
202653
203051
203364
203224
202714
202220
201919
201661
201573
201746
201988
201981
201718
201709
201752
202117
202501
203152
203182
203541
203858
204059
203921
204439
204348
204355
204496
204897
205463
205577
206135
205905
206249
206207
206060
206260
206003
207190
207344
207584
207937
208322
208677
209163
209902
210455
211011
211286
211609
211898
212290
