0
53744
28023
19034
14950
12652
11135
9911
9383
8730
8560
8072
7932
8005
7923
7784
7694
7896
8029
8195
8180
8662
8685
8871
9203
9499
9851
10075
10469
10760
10846
11562
11933
12336
13039
13465
14003
14547
15419
16023
16743
17194
17873
19087
19539
20647
21745
23154
23865
25113
26282
27695
28813
30484
31923
33232
35399
37270
39380
42040
44248
47345
50095
53101
55987
59512
63204
67067
70115
74720
78684
83121
88566
92607
97119
101873
107021
112111
116862
121936
127426
131816
136940
141527
147124
152664
157381
161946
165219
168146
170860
173951
177061
180655
184150
188405
192754
196988
201532
205674
209746
213166
216177
219411
222184
224395
226670
228505
231054
233027
234735
236204
237358
238545
239814
240894
241673
242629
243542
244253
244796
245226
245761
246205
246586
246962
247268
247624
247877
248122
248433
248702
248886
248990
249074
249199
249284
249360
249453
249503
249595
249625
249640
249669
249694
249737
249764
249772
249792
249795
249834
249886
249903
249926
249933
249929
249929
249930
249944
249950
249958
249956
249964
249978
249983
249987
249990
249992
249991
249990
249995
249993
249993
249993
249994
249995
249992
249992
249990
249989
249992
249991
249997
249996
249994
249997
249996
249994
249998
249997
249995
249994
249994
249997
249996
249991
249993
249996
249996
249996
249995
249997
249996
249995
249998
249997
249998
249998
249998
249998
249999
249999
250000
249999
249996
249994
249995
249993
249994
249998
249998
249995
249995
249999
249999
249999
249998
249999
249998
249997
249996
249998
249997
249998
250000
249997
249996
249997
249998
250000
250000
249999
250000
249999
250000
249999
249999
249999
249999
249998
249997
250000
250000
250000
250000
250000
250000
250000
250000
249998
249999
250000
249999
250000
250000
250000
249999
249999
249999
249999
249999
250000
250000
249999
249999
249999
250000
249999
249999
250000
250000
250000
250000
250000
250000
250000
249999
249999
249999
249999
250000
250000
249999
250000
250000
250000
250000
250000
250000
250000
250000
250000
250000
250000
250000
250000
250000
250000
250000
250000
250000
250000
250000
250000
250000
250000
250000
250000
250000
250000
250000
250000
250000
250000
250000
250000
250000
250000
250000
250000
250000
250000
250000
250000
250000
250000
250000
250000
250000
250000
250000
250000
250000
250000
250000
250000
250000
250000
250000
250000
250000
250000
250000
250000
250000
250000
250000
250000
250000
250000
250000
250000
250000
250000
250000
250000
250000
250000
250000
250000
250000
250000
250000
250000
250000
250000
250000
250000
250000
250000
250000
250000
250000
250000
250000
250000
250000
250000
250000
250000
250000
250000
250000
250000
250000
250000
250000
250000
250000
250000
250000
250000
250000
250000
250000
250000
250000
250000
250000
250000
250000
250000
250000
250000
250000
250000
250000
250000
250000
250000
250000
250000
250000
250000
250000
250000
250000
250000
250000
250000
250000
250000
250000
250000
250000
250000
250000
250000
250000
250000
250000
250000
250000
250000
250000
250000
250000
250000
250000
250000
250000
250000
250000
250000
250000
250000
250000
250000
250000
250000
250000
250000
250000
250000
250000
250000
250000
250000
250000
250000
250000
250000
250000
250000
250000
250000
250000
250000
250000
250000
250000
250000
250000
250000
250000
250000
250000
250000
250000
250000
250000
250000
250000
250000
250000
250000
250000
250000
250000
250000
250000
250000
250000
250000
250000
250000
250000
250000
250000
250000
250000
250000
250000
250000
250000
250000
250000
250000
250000
250000
250000
250000
250000
250000
250000
250000
250000
250000
250000
250000
250000
250000
250000
250000
250000
250000
250000
250000
250000
250000
250000
250000
250000
250000
250000
250000
250000
250000
250000
250000
250000
250000
250000
250000
250000
250000
250000
250000
250000
250000
250000
250000
250000
250000
250000
250000
250000
250000
250000
250000
250000
250000
250000
250000
250000
250000
250000
250000
250000
250000
250000
250000
250000
250000
250000
250000
250000
250000
250000
250000
250000
250000
250000
250000
250000
250000
250000
250000
250000
250000
250000
