0
52912
28144
19377
15121
12520
10862
10065
9255
8864
8321
8154
8168
7986
7991
7813
7975
8138
7992
8189
8280
8501
8683
8999
9099
9630
9661
10010
10219
10667
10994
11511
11828
12417
13048
13384
13682
14448
14954
15672
16509
17282
18080
18585
19925
21026
21653
22538
23669
24951
26122
26786
28181
29305
30281
31343
33125
35130
36792
38468
40444
42452
44187
46001
47922
49848
51876
54447
57019
59772
61928
64854
67551
69890
71999
73699
76193
78450
81161
83291
85813
88204
90314
92954
95340
96814
99886
102687
104997
108148
111235
113312
115684
118709
121331
123299
125184
128362
130420
132181
133655
135462
136534
137312
137926
138483
138832
137969
136101
134990
134047
132666
131328
130024
129263
127846
125930
124888
123590
123331
122936
122328
122509
123156
123302
123206
123556
123489
123503
123867
124006
124492
124768
125394
125360
124979
126048
126441
126507
127969
128654
129448
129891
130208
131117
132257
133305
134845
135804
136970
138139
139537
140761
142256
144020
145651
147396
149365
151361
153898
155510
156754
158763
160558
162325
163775
164791
164999
165009
165274
165466
165842
166701
166796
167023
167770
168149
168470
168314
168211
167843
167241
167378
167172
166861
166905
167329
167238
166758
166835
166182
166189
166238
165826
166165
166249
166734
166210
166280
166108
166494
166169
165686
166022
166005
166715
166652
167244
167346
166863
167521
167414
167427
167834
168205
168174
168197
168505
168965
169286
169453
170133
170791
171366
172140
172689
173448
174185
174400
174276
174125
174029
174369
174388
174215
174682
174133
173950
173928
174259
174982
175367
175807
176247
176772
177088
177154
177826
177715
178189
179008
179436
179906
180813
181211
181334
181607
181702
181827
182097
181930
181860
181866
182781
183424
183379
183589
184169
184397
184008
184030
184326
184805
184483
185293
185371
185661
185618
186424
186854
187306
187758
187289
187785
187734
187771
188292
188601
188944
188918
188712
188910
188698
188867
189093
189492
190060
190486
190565
191142
191912
192536
192353
192134
192416
192264
192576
193071
193515
194083
193982
194033
194059
193639
193431
193284
193748
194083
194070
194058
194260
194756
194627
194461
194454
194701
194892
194937
195083
195302
195334
195584
195652
196068
196470
196353
196194
196238
196352
195814
195037
194973
194661
194563
194298
194943
195424
195475
195643
195792
195843
195839
196128
196640
196594
196644
197006
196926
196945
196810
196168
196069
196993
197093
197330
196996
196854
196956
196983
196873
196674
197071
196857
196605
196738
196678
195985
195947
196196
196193
196178
196525
196762
196796
197282
197208
197832
198172
198329
198512
198733
198846
198850
198936
198756
198511
198522
198277
197991
197905
198027
197871
197948
198213
198372
198084
197689
197668
197957
198368
198395
198571
198679
198398
198344
197702
197357
196827
196850
196529
196888
197127
197045
196538
196875
197318
197656
197706
197975
197436
197860
197403
197603
197302
197151
197467
197468
197061
197409
197715
197642
197518
197839
197949
198262
198545
198878
198910
199146
198718
198599
198901
199068
199016
199221
199597
199157
199323
199163
199079
199101
198811
198884
199575
199373
199465
199368
198881
198527
198769
198852
199211
199094
199228
199288
199368
199327
199692
199713
199512
199703
199561
199597
199493
199162
199508
199738
200003
199696
199984
199772
199652
199298
199680
199498
199709
199512
199561
199365
199289
199484
199510
199683
200031
200128
199780
199676
199553
199648
199421
199684
199958
200319
200485
200750
200723
200375
200083
200427
200800
200935
200935
201059
201186
200951
200855
200798
200692
200877
200809
200254
200442
200790
200710
200725
200845
201334
201463
202413
202369
202231
201695
201776
201675
201703
201727
202270
202457
202553
202740
203177
203229
202864
202562
202190
201669
200650
200674
200405
200497
200714
201078
201426
201909
202628
202618
202971
202905
202480
202513
203143
203000
203291
203585
204099
203655
204152
204837
205260
205818
206495
206894
206891
207311
207762
207729
208440
209029
209504
209966
211314
211582
212188
212476
212641
212801
213268
213519
213561
213328
212848
