0
0
0
0
0
0
0
0
0
0
0
0
0
0
0
0
0
0
0
0
0
0
0
0
0
0
0
0
0
0
0
0
0
0
0
1
1
1
2
2
5
6
7
8
8
10
10
10
11
11
13
13
13
13
13
13
13
13
15
16
17
17
17
17
19
20
20
20
21
22
23
24
27
29
30
33
37
39
41
43
45
48
52
56
57
61
63
64
67
69
74
75
78
79
82
83
86
88
91
95
99
101
103
105
106
110
112
114
116
120
124
125
125
127
130
133
135
136
140
140
143
146
147
150
154
157
161
166
167
170
171
174
176
177
180
182
186
188
193
197
200
201
201
201
205
207
207
210
214
217
218
219
219
221
221
222
224
227
227
228
229
229
232
234
236
239
241
242
243
244
246
248
250
252
254
256
257
259
260
263
265
265
270
270
275
276
282
285
287
287
288
290
292
296
297
298
301
303
304
308
311
311
313
315
315
320
321
321
325
326
327
328
329
333
333
335
337
338
339
339
340
341
342
344
347
348
350
350
350
350
351
351
352
353
356
358
359
362
365
368
370
370
370
371
376
377
377
378
380
381
382
383
384
386
387
388
391
393
395
397
397
399
399
400
401
405
408
409
413
414
417
419
420
422
423
426
429
432
433
433
436
438
440
440
441
442
443
443
443
444
448
448
449
451
454
454
455
457
457
457
458
460
460
462
463
464
466
467
470
469
471
472
472
472
472
473
474
474
476
477
479
480
481
481
483
485
489
491
492
494
493
494
496
497
497
499
500
502
507
507
508
508
510
511
512
515
517
517
520
520
522
523
523
526
528
528
528
528
528
531
531
531
531
532
533
533
536
536
538
539
539
539
540
542
542
543
543
546
548
548
550
550
552
554
556
557
559
559
560
561
562
565
566
566
567
567
570
571
573
573
575
575
576
580
581
582
582
585
586
587
588
590
592
593
596
597
599
599
599
602
603
604
605
606
605
605
605
605
608
608
610
610
610
611
611
611
612
615
617
618
620
620
621
621
620
622
625
626
628
629
630
633
634
636
639
640
641
643
644
645
646
647
649
653
657
659
659
662
664
668
669
670
672
675
677
680
685
688
688
692
695
698
701
701
705
708
709
711
714
718
719
722
724
724
727
731
731
731
734
734
735
737
740
741
741
743
745
747
748
749
750
753
755
760
762
764
766
768
770
773
777
783
785
789
791
793
796
798
800
804
805
808
813
815
818
818
819
824
826
829
831
832
832
835
837
840
842
844
845
848
851
853
857
859
861
866
871
875
878
881
881
881
884
886
888
891
898
900
902
906
912
913
913
916
917
917
920
922
922
924
928
931
933
935
937
938
939
944
944
947
947
949
949
950
953
953
956
956
956
959
961
