0
0
0
0
0
0
0
0
0
0
0
0
0
0
0
0
0
0
0
0
0
0
1
2
2
2
2
2
2
2
2
2
2
2
2
2
2
2
2
2
2
2
2
2
2
4
5
5
6
7
8
9
9
9
10
11
11
11
12
12
12
12
14
15
16
18
19
20
22
23
23
23
25
26
30
31
32
35
37
40
46
47
52
52
57
61
63
65
70
77
78
84
86
91
95
96
97
97
100
107
111
113
116
119
124
129
131
132
137
145
146
150
154
157
164
165
171
172
178
181
183
184
188
189
194
195
200
201
203
204
206
208
211
213
216
217
219
221
221
223
224
225
228
231
234
237
237
240
242
244
246
247
250
251
253
253
254
255
259
260
261
261
262
265
265
267
267
268
268
269
270
271
273
276
276
278
279
281
283
283
285
287
287
287
287
289
291
292
292
293
294
295
297
299
300
301
303
306
308
310
310
314
315
315
320
320
321
323
325
327
331
334
336
336
340
341
343
346
349
351
352
353
353
354
356
357
360
362
365
368
370
371
371
374
374
375
377
377
377
378
381
381
385
388
389
391
392
392
393
396
396
398
401
403
404
405
408
408
409
411
414
414
415
416
416
417
417
418
418
419
420
421
421
421
423
423
425
426
426
429
429
430
430
431
431
432
433
434
435
437
438
440
441
445
446
448
450
452
454
455
455
457
459
463
463
464
466
468
469
469
470
471
473
473
475
479
479
480
481
485
485
490
490
492
492
492
494
497
500
504
510
510
512
513
515
515
515
516
517
519
520
521
521
521
522
523
525
527
529
531
534
534
536
539
540
540
540
542
543
543
544
546
548
549
551
551
552
553
555
557
560
562
563
569
571
573
575
578
578
579
581
583
584
586
588
590
593
596
598
598
597
599
599
601
603
607
608
610
611
614
617
620
624
629
629
629
629
630
631
634
637
639
641
641
642
646
647
648
651
655
659
660
665
668
668
669
673
675
675
677
682
682
682
685
687
687
688
689
690
693
697
697
700
703
704
707
708
708
710
712
712
713
714
716
716
717
718
719
719
720
721
723
727
728
730
731
735
737
742
744
748
748
752
755
756
758
760
762
763
766
768
769
770
772
775
782
785
787
792
793
794
800
802
803
804
805
808
812
814
815
820
819
822
828
832
833
836
838
838
840
847
848
849
850
850
851
855
857
857
860
864
870
871
871
876
876
876
877
878
879
879
881
884
885
888
889
889
892
895
897
900
902
903
904
908
909
912
912
915
917
918
920
921
921
922
927
927
927
928
930
932
931
931
933
935
938
941
943
943
945
946
947
949
952
954
956
957
957
960
963
964
967
972
974
976
979
982
984
989
990
990
992
992
994
995
995
1001
1007
1009
1012
1014
