0
0
0
0
0
0
0
0
0
0
0
0
0
0
0
0
0
0
0
0
0
0
0
0
1
1
1
1
1
1
1
1
1
1
1
2
2
3
3
3
3
5
5
5
5
6
7
7
7
8
8
10
10
12
13
14
14
14
16
16
16
17
17
18
18
19
20
20
24
27
29
32
34
35
38
38
39
41
42
45
47
48
53
55
57
57
58
59
63
67
73
76
81
83
87
89
93
97
101
102
104
105
105
109
114
115
116
119
121
126
126
128
131
133
134
137
138
140
140
144
146
149
150
151
152
154
156
160
164
166
166
166
168
168
170
170
172
172
176
177
179
181
182
185
189
189
192
195
196
196
197
199
200
201
202
202
202
203
206
208
211
212
215
216
218
219
222
223
224
227
229
233
235
236
238
240
242
242
244
245
246
247
248
251
252
252
252
253
253
254
255
256
257
259
260
262
262
263
264
267
268
269
270
270
271
271
271
272
272
273
275
275
277
277
281
283
284
284
285
285
285
287
289
289
294
295
296
299
301
305
306
307
308
308
309
310
312
313
315
315
315
316
320
322
324
326
329
333
333
334
336
337
338
343
346
350
354
356
362
362
364
367
368
369
371
373
376
376
380
381
384
387
389
391
392
395
397
399
401
403
404
410
410
412
412
413
415
420
422
426
428
429
431
434
434
434
437
442
444
445
449
450
450
451
452
456
457
461
462
463
465
466
467
468
469
469
469
469
471
473
473
474
475
477
477
478
479
480
480
480
482
482
483
484
486
487
487
489
489
490
492
492
492
492
492
493
493
494
494
495
495
496
496
497
498
499
499
500
501
501
501
501
501
501
501
501
501
501
502
504
504
504
504
504
505
505
506
507
507
508
508
507
507
507
507
507
507
507
506
506
507
507
507
507
507
507
506
506
507
507
507
507
507
507
508
508
508
508
508
508
508
508
508
508
508
508
508
508
508
508
508
510
511
511
511
511
511
512
512
513
513
513
513
514
514
514
514
514
514
514
514
514
514
514
514
514
514
514
514
515
515
515
516
517
518
518
518
518
518
518
518
518
519
519
519
519
519
519
519
519
519
519
519
519
519
520
520
520
520
520
521
521
521
521
521
521
521
521
521
521
521
521
521
521
521
521
521
521
521
521
521
521
521
521
521
521
520
520
520
520
520
520
520
520
520
519
519
519
518
518
518
518
518
518
518
517
517
517
517
517
517
517
517
517
517
517
517
517
517
517
517
516
516
516
516
516
516
516
516
516
516
516
516
516
516
516
516
516
516
516
516
516
515
515
515
515
515
515
515
515
515
515
515
515
515
515
515
515
515
515
515
515
515
515
515
515
515
515
514
514
513
513
513
513
513
513
513
513
513
513
513
