0
0
0
0
0
0
1
1
1
1
1
1
1
1
1
1
1
1
1
1
1
1
1
1
1
1
1
1
1
1
1
1
1
2
2
3
3
3
3
3
3
3
3
3
3
5
7
7
9
10
10
12
13
14
14
17
17
17
18
18
20
22
22
22
24
26
28
30
34
36
36
37
41
45
49
53
58
63
69
73
78
80
82
83
85
89
89
90
92
95
101
107
109
112
116
118
122
123
127
130
132
135
139
140
144
148
149
152
155
160
162
164
168
169
172
174
178
180
187
188
191
194
197
200
201
205
207
208
210
211
214
218
220
224
225
226
231
234
235
236
239
241
241
242
244
247
247
247
249
252
255
255
255
256
256
256
258
259
260
261
264
265
267
269
270
271
273
274
275
276
277
279
279
282
282
282
282
283
283
284
284
284
284
285
287
288
287
287
287
287
288
289
290
290
291
292
292
292
292
294
294
294
293
293
294
295
296
296
296
296
296
297
297
297
297
297
297
297
297
297
297
298
298
298
298
298
298
298
299
299
299
299
299
299
299
299
299
299
299
299
299
299
299
299
299
299
299
300
300
299
299
299
299
299
299
300
300
300
300
300
300
300
300
300
300
300
300
300
300
300
300
300
300
300
300
300
300
300
300
300
300
300
300
300
300
300
300
300
300
300
300
300
300
300
300
299
299
299
299
299
299
299
299
299
299
299
299
299
299
299
299
299
299
299
299
299
299
299
299
299
299
299
299
299
299
299
299
299
298
298
298
298
298
298
298
298
298
298
298
298
298
298
298
298
298
298
298
298
298
298
298
298
298
298
298
297
297
297
297
297
297
297
297
297
297
297
297
297
297
297
297
297
297
297
297
297
297
297
297
297
296
296
296
296
296
296
296
296
296
296
296
296
296
296
296
296
296
296
296
296
296
295
295
295
295
295
295
295
295
295
295
295
295
295
295
295
295
295
295
295
295
294
294
294
294
294
294
294
294
294
294
294
294
294
294
294
294
294
294
294
294
294
293
293
293
293
293
293
293
293
293
292
292
292
291
291
291
291
291
291
291
291
291
291
291
291
291
291
291
291
291
291
291
291
291
291
291
291
291
291
291
291
291
291
291
291
291
291
291
291
291
291
291
291
291
291
291
291
291
291
290
290
290
290
290
290
290
290
290
289
289
289
289
289
289
289
289
289
289
289
289
289
289
289
289
289
289
289
289
289
289
289
289
289
289
289
289
289
289
289
289
289
289
289
289
289
289
289
289
289
289
289
289
289
289
289
289
289
289
289
289
289
289
289
289
289
289
289
289
289
289
289
289
289
289
289
289
289
289
289
289
289
289
289
289
289
289
289
289
289
289
289
289
289
289
289
289
289
288
288
288
