0
0
0
0
0
0
0
0
0
0
0
0
0
0
0
0
0
0
0
0
0
0
0
0
0
0
0
0
0
0
0
0
0
0
1
2
2
3
4
4
4
4
4
5
5
5
5
5
5
6
6
6
6
6
7
9
9
9
10
11
12
12
15
15
16
16
18
20
21
23
24
25
26
28
29
31
32
34
35
37
41
44
45
46
48
49
50
53
56
63
65
67
67
68
68
69
70
72
73
77
78
78
82
84
85
88
90
92
93
95
96
100
102
103
105
106
109
109
112
112
113
114
115
116
121
123
123
123
126
127
128
129
130
131
133
137
137
137
139
142
144
145
146
149
149
150
151
153
154
157
158
160
163
164
164
166
167
168
169
171
171
171
177
179
179
181
183
183
183
186
189
192
195
196
198
198
198
201
202
206
209
210
211
212
213
214
214
214
214
218
218
221
222
224
225
227
229
231
232
235
237
238
242
244
247
248
249
249
250
251
253
256
257
262
263
265
265
267
268
270
272
273
273
276
278
279
281
282
284
284
284
286
287
288
288
290
292
292
295
296
297
299
300
300
301
303
304
306
307
309
313
317
317
321
323
326
328
328
329
331
332
333
334
338
339
341
344
345
346
348
349
351
356
356
357
360
362
363
365
368
369
372
373
374
380
383
385
386
386
388
391
393
393
394
397
400
402
404
404
406
409
410
410
409
411
411
413
418
420
422
423
425
427
430
432
435
436
439
439
441
444
446
450
453
458
460
463
465
466
467
469
471
473
474
475
477
481
483
485
485
486
486
487
487
491
491
494
496
497
499
502
505
505
508
513
515
516
517
519
521
522
525
527
529
531
531
535
537
539
540
542
543
544
545
545
546
548
550
551
556
557
558
560
562
562
564
566
568
571
572
573
573
573
574
576
577
578
582
584
585
585
587
589
589
591
593
593
595
597
598
598
600
600
601
602
604
607
607
607
607
607
609
610
613
614
616
618
618
622
623
626
627
627
628
628
628
629
631
632
635
638
641
644
648
651
653
653
654
655
658
660
663
665
669
671
672
675
676
676
678
680
682
682
683
683
685
685
685
687
688
691
691
695
695
698
698
698
699
700
703
707
709
709
712
716
718
719
719
722
723
725
727
727
728
729
734
736
737
738
738
742
743
745
749
753
757
761
763
764
766
769
773
774
777
778
781
786
788
790
793
796
799
801
802
805
809
809
810
809
811
811
812
817
819
820
820
822
824
825
825
825
829
832
831
833
834
836
837
840
840
842
844
847
850
853
855
857
860
862
862
863
866
867
867
870
871
875
878
881
881
883
882
882
884
885
887
887
890
893
892
895
897
900
903
906
906
908
908
910
915
916
918
919
923
923
923
927
929
931
933
933
