0
21
55
76
112
172
210
231
248
284
282
299
336
312
330
335
313
317
299
278
295
316
294
282
254
255
236
237
230
230
222
206
204
217
238
204
191
181
177
171
167
178
166
145
134
119
112
107
106
86
112
93
98
88
81
91
87
87
77
80
63
52
53
64
49
45
42
41
49
47
37
31
31
31
35
40
25
25
27
30
34
20
18
23
27
23
15
18
24
23
19
21
15
15
11
14
17
19
20
17
18
19
14
16
20
18
22
13
17
10
16
14
16
19
12
12
16
14
14
17
27
23
14
10
13
22
14
11
11
9
12
16
21
15
19
18
13
10
11
8
9
9
11
6
9
10
10
10
13
14
11
10
7
10
9
6
10
13
7
8
3
7
7
10
11
7
13
10
16
16
15
12
16
11
12
11
8
11
10
4
6
8
9
11
13
9
9
10
10
6
6
5
9
10
7
9
12
11
11
9
6
6
7
7
7
10
9
7
8
4
6
6
8
8
3
3
8
5
10
9
9
9
13
13
13
16
13
14
6
8
7
7
2
2
4
6
4
7
6
6
7
8
5
8
6
6
7
7
8
5
7
9
8
5
8
6
9
9
10
2
5
3
7
5
3
0
1
4
5
6
7
10
3
7
4
10
5
3
5
6
7
8
8
6
7
8
5
6
4
6
8
8
4
5
8
9
7
4
6
6
6
7
5
10
10
3
4
2
2
4
7
5
5
4
11
11
8
8
10
5
2
3
2
8
6
6
5
2
6
3
6
7
5
5
7
8
8
7
8
5
4
7
4
7
5
6
4
4
9
11
9
7
5
3
7
5
5
7
5
6
9
12
13
11
10
11
10
6
7
7
8
6
6
7
8
3
11
7
6
9
9
9
13
9
8
5
4
5
8
3
5
4
5
3
4
2
4
6
7
4
4
6
3
5
7
8
9
8
8
6
6
6
8
9
7
9
7
6
5
6
4
4
4
7
5
5
3
2
7
7
7
7
8
8
11
11
10
8
7
2
4
7
9
10
6
6
7
10
11
5
5
3
4
4
8
9
5
6
5
5
12
7
4
6
8
8
11
10
13
9
8
7
4
5
6
5
3
2
3
7
6
7
6
9
11
10
14
14
10
6
8
7
6
2
3
4
3
4
5
1
3
9
6
5
5
2
3
4
3
4
4
3
6
7
7
5
6
9
10
8
9
12
9
6
5
11
10
8
3
5
6
3
5
6
6
3
3
5
4
4
5
7
11
8
7
7
7
7
8
8
7
11
8
8
8
7
12
9
10
6
7
13
11
11
10
6
2
5
4
2
4
8
11
12
11
8
7
5
5
5
4
7
5
10
10
13
7
6
6
5
5
4
10
7
9
8
9
5
5
5
7
