0
16
54
100
134
133
181
207
253
239
247
270
288
299
329
335
310
339
336
343
312
314
301
277
241
246
213
222
227
225
214
195
218
204
192
195
200
180
158
175
187
178
165
162
159
137
118
119
100
108
104
89
79
79
76
74
80
71
71
66
63
46
48
45
33
36
33
29
21
23
27
22
16
23
15
14
15
17
15
16
16
11
12
13
8
8
7
6
7
6
5
8
7
8
12
12
11
7
8
6
2
5
5
8
8
4
5
6
5
4
5
5
5
7
4
3
1
2
1
2
1
3
2
2
1
1
4
3
3
1
7
3
6
6
5
7
8
6
5
3
2
2
3
8
7
6
3
5
2
5
7
7
5
5
4
4
2
2
2
2
3
2
3
5
4
3
3
3
2
4
5
2
1
0
5
2
2
3
4
4
6
8
7
5
4
5
2
3
4
7
8
5
4
4
5
3
3
2
6
6
5
5
3
4
4
6
3
2
1
3
2
2
5
4
4
6
7
4
3
2
1
1
2
4
6
4
5
4
4
6
3
3
2
1
3
2
4
2
3
5
6
7
3
4
5
2
3
5
4
8
5
4
4
5
6
5
7
4
4
6
5
4
1
5
6
0
2
3
1
4
1
2
3
2
4
4
7
9
7
5
5
7
6
7
5
5
3
2
2
3
4
7
6
3
4
4
4
5
1
1
1
2
3
7
5
2
0
1
3
1
5
4
2
1
0
3
3
6
4
5
2
4
4
5
4
4
2
4
2
4
5
4
3
2
3
2
3
1
1
3
3
6
7
4
3
4
3
3
9
5
4
2
2
3
2
5
3
3
3
5
2
1
1
2
2
3
2
3
3
4
3
5
4
5
3
2
2
3
3
2
3
3
0
1
2
6
5
8
3
3
5
6
4
2
1
1
2
5
3
1
3
4
2
5
4
8
8
4
6
4
3
4
4
4
2
2
1
1
1
0
1
1
0
2
5
6
3
1
3
5
7
5
4
5
3
3
2
2
8
4
4
3
2
3
3
3
5
2
3
3
3
3
2
3
4
3
6
3
2
1
4
7
5
3
3
4
6
1
3
3
4
4
4
2
0
5
4
3
2
2
4
5
4
5
4
5
7
4
1
5
3
4
6
4
3
1
4
4
3
3
8
5
5
4
9
7
5
6
8
6
6
6
3
3
4
6
6
3
3
3
4
3
2
2
5
1
4
4
5
5
3
5
5
3
2
0
3
3
4
4
3
3
4
4
6
1
1
2
4
1
4
1
2
2
4
5
2
2
4
8
4
2
0
3
3
5
4
2
3
3
4
5
3
4
7
4
5
4
5
5
1
3
7
4
5
3
2
0
1
2
5
6
5
6
6
4
3
4
4
4
5
