0
13
35
74
121
165
176
221
239
237
256
290
295
305
293
310
293
315
311
327
309
315
274
268
259
259
257
248
237
251
253
240
240
236
217
192
194
192
171
194
185
168
167
162
164
139
141
128
113
120
108
111
95
89
85
71
71
79
72
89
75
69
64
55
55
50
54
47
48
44
35
36
36
32
32
34
32
34
29
25
22
21
18
23
25
21
16
15
11
15
12
11
15
12
11
16
16
16
6
14
9
8
7
9
12
11
8
15
13
15
16
19
18
15
10
13
15
12
14
20
19
10
12
11
14
15
14
12
8
8
14
19
15
8
15
16
17
20
15
19
17
15
16
13
19
18
14
12
16
13
18
16
12
11
13
9
7
11
8
8
5
5
9
12
10
12
12
13
9
6
10
7
7
11
15
15
9
11
10
7
11
8
10
7
6
10
7
9
10
11
8
7
6
7
7
10
3
4
5
5
4
5
9
9
6
6
9
10
5
5
5
9
8
11
8
9
11
7
9
14
11
10
9
11
9
9
12
9
10
11
15
9
11
4
8
6
9
8
9
6
11
8
5
8
5
9
11
10
10
9
7
9
11
15
8
9
7
4
4
9
9
13
11
7
5
6
12
6
7
1
4
4
6
4
12
7
5
8
7
11
8
6
9
6
7
8
3
7
6
10
12
12
8
8
4
5
7
11
7
9
10
9
7
7
7
10
11
10
5
6
6
5
4
6
2
5
4
8
5
8
4
4
3
5
4
2
3
4
6
9
8
9
8
6
4
5
4
3
5
4
1
4
11
6
8
7
4
10
6
3
12
6
5
5
6
8
6
7
7
3
4
3
10
11
10
6
7
7
8
11
10
12
14
10
11
7
6
10
12
10
9
8
6
7
5
3
3
9
6
3
5
4
6
9
7
4
7
9
4
7
4
10
11
5
4
4
6
6
7
5
6
7
6
3
4
8
9
7
8
4
7
3
9
10
9
7
8
10
7
7
3
4
4
3
4
2
1
3
3
0
0
5
3
6
6
4
5
4
4
5
5
5
4
7
6
4
3
5
3
6
5
4
9
10
10
6
9
8
10
5
7
4
5
6
2
3
4
5
7
7
8
7
6
4
6
5
3
2
5
3
7
3
4
4
3
11
14
11
9
10
7
6
8
5
5
4
4
9
5
5
8
8
7
5
9
5
5
4
7
8
7
9
2
2
2
2
4
6
7
10
10
7
4
4
5
6
9
9
7
6
2
3
4
7
5
5
3
3
5
8
10
9
10
8
5
4
3
5
5
4
4
3
5
4
3
3
5
6
4
6
7
11
7
6
4
6
5
3
4
7
4
2
3
5
6
6
4
4
6
7
9
9
7
10
6
7
7
4
5
3
4
