0
2
20
69
132
216
306
425
535
656
765
881
1018
1121
1242
1352
1474
1566
1683
1777
1863
1936
2018
2077
2161
2221
2293
2381
2447
2497
2533
2584
2640
2689
2717
2749
2785
2805
2803
2827
2825
2829
2903
2937
2940
2952
2926
2937
2952
2963
2977
2986
2997
2987
2990
2986
3012
2956
2947
2941
2938
2920
2909
2910
2888
2878
2880
2844
2818
2788
2778
2750
2719
2730
2730
2710
2686
2698
2662
2669
2660
2628
2566
2543
2517
2506
2513
2490
2456
2448
2407
2391
2350
2311
2285
2254
2234
2237
2216
2182
2169
2132
2064
2024
2010
1998
1960
1945
1913
1903
1867
1845
1819
1799
1785
1770
1772
1766
1743
1736
1719
1716
1728
1716
1714
1689
1687
1689
1675
1674
1674
1678
1650
1653
1655
1665
1674
1683
1667
1647
1634
1616
1593
1583
1590
1568
1567
1548
1541
1535
1522
1518
1497
1485
1479
1475
1467
1463
1447
1448
1452
1455
1439
1436
1424
1419
1399
1390
1406
1416
1395
1403
1375
1369
1367
1348
1350
1332
1311
1293
1273
1277
1264
1242
1215
1198
1207
1212
1203
1184
1172
1146
1157
1148
1144
1131
1117
1109
1110
1098
1102
1101
1079
1089
1091
1083
1083
1077
1063
1041
1029
1035
1040
1043
1041
1035
1031
1013
1008
989
981
970
961
969
955
928
898
894
896
901
886
862
875
874
853
848
848
862
867
871
880
895
900
889
898
892
887
892
894
890
872
879
886
877
894
897
901
897
887
903
897
896
893
895
886
895
879
876
879
874
866
857
846
853
850
841
830
842
847
841
834
829
826
820
802
792
774
776
780
764
779
776
781
784
772
773
786
767
761
773
760
766
749
745
755
760
756
752
728
723
725
709
716
719
704
712
703
708
706
709
703
707
706
712
709
700
702
704
711
716
702
704
716
732
724
721
700
687
693
695
696
692
683
678
682
681
682
664
674
671
664
664
655
652
651
656
656
649
662
670
660
663
659
662
663
665
669
673
667
652
646
659
664
655
648
639
632
649
653
652
651
657
661
660
670
667
662
661
657
661
654
656
646
638
631
640
651
646
636
634
642
626
632
635
634
626
620
609
619
607
594
589
592
590
602
610
618
622
633
629
629
630
636
640
634
639
630
620
625
640
629
637
639
630
645
655
652
652
651
663
660
662
670
672
688
686
695
698
696
688
685
672
658
669
669
671
675
671
658
662
665
662
658
643
644
650
651
650
638
638
640
636
634
625
627
624
633
621
615
618
613
611
609
606
599
603
614
605
613
612
603
613
618
611
612
620
619
631
630
629
620
629
621
630
627
626
627
643
652
657
662
654
662
664
655
640
625
634
635
630
633
643
642
641
645
633
625
634
624
619
616
617
624
623
636
631
624
621
629
634
631
624
632
632
629
625
629
634
635
636
633
631
636
634
641
643
634
629
619
611
618
617
629
626
619
611
597
601
604
608
604
613
602
617
617
617
616
603
607
596
602
589
577
580
574
566
569
569
559
560
566
565
559
550
544
542
529
525
526
529
515
