0
0
0
0
0
0
0
0
0
0
0
0
0
0
0
0
0
0
0
0
0
1
3
3
3
3
3
4
4
7
7
9
11
13
17
20
20
24
26
31
33
35
36
39
44
45
48
50
53
57
63
69
72
82
85
93
97
104
104
111
111
121
136
143
150
161
167
178
189
203
211
224
233
247
253
262
270
281
293
303
313
323
341
350
365
376
393
402
423
432
446
460
472
490
504
515
534
554
570
587
599
610
629
640
654
665
678
691
705
725
735
745
760
770
784
799
810
821
836
856
868
889
897
909
926
933
956
969
984
995
1001
1015
1026
1037
1048
1057
1068
1075
1078
1084
1091
1099
1108
1119
1130
1145
1154
1164
1176
1187
1200
1209
1218
1227
1238
1249
1253
1265
1270
1281
1289
1295
1307
1313
1324
1331
1342
1354
1360
1370
1377
1381
1389
1399
1406
1416
1424
1438
1452
1461
1473
1485
1493
1506
1512
1523
1533
1539
1546
1556
1566
1575
1581
1591
1601
1608
1623
1640
1648
1656
1661
1674
1684
1692
1704
1713
1722
1730
1736
1749
1758
1766
1773
1782
1788
1794
1805
1810
1820
1828
1839
1848
1856
1864
1874
1880
1890
1910
1912
1922
1933
1938
1944
1949
1955
1967
1976
1985
1992
2001
2010
2015
2028
2032
2043
2056
2064
2072
2083
2087
2094
2106
2115
2124
2129
2139
2143
2151
2154
2159
2167
2176
2185
2193
2196
2207
2218
2224
2234
2243
2255
2266
2277
2283
2290
2298
2308
2315
2327
2332
2344
2358
2363
2368
2374
2383
2395
2405
2413
2419
2431
2439
2445
2460
2472
2479
2484
2497
2501
2509
2517
2524
2532
2537
2547
2552
2563
2571
2578
2593
2606
2614
2621
2626
2635
2645
2654
2668
2683
2698
2703
2710
2713
2721
2729
2730
2738
2745
2753
2756
2761
2768
2776
2783
2797
2803
2820
2831
2840
2847
2850
2855
2862
2867
2875
2888
2896
2901
2909
2918
2921
2928
2940
2947
2955
2962
2967
2977
2982
2990
2997
3004
3013
3019
3025
3030
3033
3044
3056
3070
3075
3087
3097
3109
3120
3128
3135
3143
3157
3165
3172
3176
3186
3195
3207
3213
3222
3233
3245
3257
3268
3277
3286
3298
3306
3319
3332
3341
3353
3360
3379
3383
3390
3400
3409
3420
3427
3435
3441
3448
3457
3463
3473
3483
3493
3499
3508
3519
3528
3538
3547
3561
3568
3574
3588
3599
3602
3613
3628
3639
3648
3657
3668
3675
3686
3694
3703
3714
3723
3728
3740
3752
3759
3771
3785
3792
3804
3810
3822
3829
3842
3854
3865
3876
3884
3893
3908
3920
3929
3937
3951
3959
3967
3983
3991
4007
4012
4024
4036
4045
4052
4061
4074
4081
4087
4097
4104
4112
4125
4138
4147
4158
4165
4185
4196
4206
4215
4222
4231
4240
4253
4263
4270
4282
4297
4313
4330
4340
4349
4361
4369
4377
4396
4409
4419
4427
4434
4446
4456
4468
4482
4497
4506
4515
4523
4537
4547
4557
4567
4575
4584
4598
4604
4608
4618
4634
4645
4656
4666
4673
4683
4698
4710
4718
4729
4744
4755
4769
4775
4789
4797
4817
4825
4833
4843
4854
4870
4883
4903
4913
4924
4933
4944
4952
4964
4980
4994
5006
5012
5022
5040
5049
5053
5064
5083
5095
5105
5115
5124
5136
5140
5153
5166
5184
5195
5210
5224
5236
5247
5256
5267
5279
5288
5296
5305
5320
5328
5338
5349
5354
5367
5378
5391
5405
5418
5438
5447
5454
5464
5474
5486
