0
0
0
0
0
0
0
0
1
1
2
3
3
4
4
5
5
5
7
7
7
8
9
10
13
15
15
15
15
17
17
19
21
22
24
24
26
27
29
33
34
37
40
41
45
47
50
51
52
52
57
61
68
72
79
85
94
103
115
122
128
135
138
151
164
176
189
196
201
217
228
235
245
258
267
276
291
302
313
329
336
341
351
363
369
383
394
407
414
424
434
446
459
468
477
484
502
513
522
532
544
557
570
581
589
602
609
617
630
640
657
669
682
694
707
714
730
739
745
760
773
780
788
796
804
819
833
846
855
869
876
886
895
909
925
935
945
953
963
977
993
1002
1020
1033
1043
1056
1069
1079
1093
1107
1116
1127
1141
1155
1161
1175
1187
1201
1214
1230
1240
1256
1273
1282
1291
1299
1308
1320
1330
1337
1346
1351
1365
1374
1379
1393
1397
1405
1416
1422
1428
1442
1452
1462
1472
1482
1491
1498
1503
1512
1520
1532
1543
1555
1564
1573
1584
1594
1603
1613
1620
1628
1634
1647
1651
1657
1663
1670
1683
1684
1693
1704
1717
1730
1738
1750
1756
1763
1775
1783
1790
1797
1807
1815
1823
1832
1839
1847
1853
1858
1870
1874
1884
1895
1899
1908
1914
1927
1943
1950
1955
1961
1966
1980
1994
2002
2009
2025
2033
2043
2051
2057
2067
2072
2082
2093
2102
2107
2119
2125
2136
2145
2151
2158
2170
2178
2187
2195
2203
2216
2225
2232
2240
2248
2258
2264
2270
2277
2277
2288
2292
2298
2306
2312
2318
2322
2330
2337
2342
2345
2347
2350
2357
2360
2366
2373
2384
2389
2398
2403
2411
2421
2428
2437
2444
2450
2457
2460
2464
2470
2477
2483
2494
2501
2512
2519
2529
2535
2542
2550
2558
2568
2580
2587
2595
2602
2608
2614
2629
2635
2640
2642
2650
2661
2668
2678
2682
2688
2695
2699
2705
2714
2722
2730
2745
2752
2764
2769
2774
2784
2792
2800
2810
2815
2821
2828
2835
2845
2849
2857
2864
2878
2892
2900
2915
2929
2939
2942
2949
2962
2969
2980
2983
2990
2996
3003
3016
3031
3045
3054
3069
3079
3089
3104
3112
3124
3127
3137
3147
3155
3162
3172
3181
3192
3197
3208
3215
3225
3237
3251
3263
3268
3271
3283
3295
3306
3314
3317
3330
3338
3345
3350
3359
3369
3375
3386
3397
3412
3419
3430
3437
3447
3456
3465
3469
3476
3487
3499
3507
3518
3525
3537
3544
3549
3557
3566
3575
3586
3598
3603
3614
3621
3631
3640
3647
3654
3663
3669
3679
3690
3693
3701
3709
3712
3725
3735
3742
3747
3753
3762
3775
3783
3791
3808
3819
3829
3839
3843
3854
3861
3874
3879
3887
3900
3905
3918
3930
3937
3947
3955
3970
3981
3989
4003
4010
4020
4030
4039
4049
4062
4076
4081
4087
4102
4110
4118
4129
4135
4148
4160
4170
4182
4188
4193
4207
4219
4226
4240
4250
4258
4264
4272
4279
4294
4305
4320
4327
4336
4347
4357
4367
4380
4392
4406
4416
4426
4444
4459
4471
4481
4496
4506
4517
4528
4535
4543
4558
4570
4582
4593
4608
4617
4625
4642
4657
4662
4678
4687
4694
4708
4716
4732
4748
4763
4776
4792
4804
4818
4833
4840
4852
4865
4874
4886
4896
4911
4926
4937
4948
4961
4973
4987
4998
5015
5026
5038
5051
5068
5086
5095
5107
5114
5131
5142
5151
5155
5166
5177
5186
5196
5201
5213
5223
5228
5240
5256
5269
5286
5295
5306
5314
