0
0
0
0
0
0
0
0
0
0
0
0
1
2
3
3
4
4
4
5
5
5
6
6
7
10
10
15
16
18
19
20
20
22
27
28
30
32
35
40
44
45
49
51
55
58
60
60
65
67
72
76
77
81
85
88
94
98
105
106
112
120
125
129
135
143
149
154
160
176
185
200
212
222
239
251
263
276
294
306
325
341
355
364
378
394
410
423
432
453
462
478
496
516
532
551
570
587
607
622
635
653
673
692
707
718
729
757
770
788
819
827
850
873
886
905
921
939
960
975
988
1010
1027
1044
1054
1065
1074
1090
1109
1126
1149
1159
1175
1187
1197
1207
1228
1238
1252
1263
1281
1286
1302
1315
1331
1341
1355
1361
1372
1387
1399
1407
1416
1421
1436
1448
1461
1467
1470
1478
1495
1505
1517
1529
1546
1558
1568
1577
1586
1600
1609
1621
1632
1640
1652
1662
1674
1689
1697
1711
1726
1740
1750
1760
1776
1790
1799
1805
1818
1827
1833
1843
1854
1867
1873
1881
1893
1910
1921
1934
1948
1958
1965
1979
1993
2003
2015
2021
2032
2035
2046
2055
2065
2075
2081
2090
2102
2107
2113
2124
2133
2141
2146
2163
2169
2176
2185
2193
2198
2207
2212
2219
2223
2231
2240
2248
2260
2264
2270
2280
2292
2299
2307
2317
2322
2328
2333
2339
2346
2353
2364
2375
2382
2392
2402
2413
2427
2434
2440
2449
2452
2463
2469
2478
2488
2497
2506
2515
2523
2531
2538
2546
2550
2565
2576
2585
2600
2607
2613
2619
2632
2641
2648
2655
2663
2674
2681
2692
2697
2701
2707
2716
2731
2742
2750
2754
2763
2778
2787
2798
2813
2822
2825
2831
2839
2846
2851
2860
2868
2873
2883
2892
2903
2909
2920
2937
2947
2955
2963
2972
2985
2993
3000
3008
3016
3025
3033
3043
3052
3059
3071
3081
3093
3099
3101
3108
3123
3136
3142
3155
3161
3168
3186
3194
3209
3217
3223
3235
3247
3253
3263
3274
3282
3294
3302
3311
3322
3332
3343
3351
3360
3371
3382
3390
3401
3408
3419
3429
3441
3452
3459
3469
3481
3494
3505
3513
3522
3538
3550
3561
3565
3574
3588
3598
3612
3626
3636
3644
3657
3662
3676
3685
3700
3712
3726
3741
3756
3765
3776
3785
3797
3805
3815
3825
3837
3851
3863
3872
3883
3895
3903
3912
3918
3928
3938
3948
3959
3976
3988
3999
4010
4022
4036
4044
4062
4067
4080
4096
4109
4124
4137
4154
4161
4167
4180
4191
4196
4210
4226
4237
4251
4258
4269
4283
4300
4308
4320
4327
4349
4361
4371
4386
4403
4413
4421
4434
4444
4460
4471
4480
4485
4497
4506
4527
4538
4555
4565
4573
4582
4594
4601
4610
4622
4633
4644
4651
4663
4671
4674
4685
4694
4708
4724
4736
4746
4762
4775
4786
4798
4805
4819
4830
4841
4860
4879
4886
4899
4913
4923
4938
4952
4964
4983
4991
5000
5011
5021
5028
5042
5058
5069
5081
5096
5109
5119
5126
5138
5156
5172
5182
5197
5207
5217
5225
5229
5241
5255
5267
5280
5296
5312
5325
5336
5349
5351
5364
5376
5390
5402
5424
5437
5453
5465
5476
5491
5500
5510
5522
5536
5543
5553
5562
5570
5578
5592
5600
5616
5634
5645
5658
5668
5677
5691
5702
5713
5724
5739
5750
5756
5763
5770
5785
5795
5805
5812
5822
5825
5837
5844
5864
5878
5889
5904
5917
5928
5942
5951
5964
5979
5991
6009
6023
6040
6048
6064
6078
6092
6110
6121
6131
6140
