0
0
0
0
0
0
0
0
0
0
0
0
0
0
1
1
1
1
2
2
3
3
4
5
5
5
6
8
9
10
10
12
17
18
21
21
23
26
27
28
28
29
31
34
36
39
41
45
48
52
55
57
66
69
72
79
87
90
96
102
106
112
115
117
122
128
133
142
151
158
170
179
186
190
196
205
218
226
233
245
255
265
281
290
296
303
317
337
354
373
389
397
412
429
446
462
472
489
505
515
529
542
561
575
585
598
605
617
628
642
656
665
680
688
706
714
727
747
753
765
772
783
797
807
819
833
841
849
859
866
873
882
886
898
906
912
920
928
938
944
952
961
971
976
982
991
996
1005
1012
1021
1026
1034
1044
1052
1062
1073
1083
1094
1100
1110
1122
1132
1141
1150
1158
1166
1171
1182
1189
1203
1214
1229
1237
1251
1262
1267
1281
1291
1297
1308
1315
1325
1334
1344
1354
1366
1382
1389
1395
1407
1415
1422
1427
1434
1440
1446
1451
1459
1468
1471
1476
1482
1487
1496
1501
1505
1515
1517
1520
1527
1532
1537
1548
1552
1557
1566
1575
1580
1584
1587
1591
1599
1606
1609
1619
1629
1631
1636
1641
1646
1651
1655
1661
1668
1674
1682
1691
1697
1703
1718
1728
1733
1744
1755
1758
1768
1775
1785
1797
1805
1817
1829
1844
1853
1863
1874
1881
1895
1905
1921
1924
1932
1939
1949
1960
1962
1977
1985
1995
2005
2012
2020
2032
2050
2067
2081
2091
2100
2114
2128
2140
2148
2160
2170
2182
2187
2202
2205
2218
2227
2237
2246
2256
2265
2274
2280
2287
2299
2309
2316
2322
2338
2344
2353
2364
2367
2374
2381
2392
2399
2408
2416
2419
2426
2433
2435
2444
2448
2454
2460
2464
2473
2478
2482
2490
2494
2497
2501
2508
2511
2516
2522
2527
2527
2533
2538
2541
2544
2548
2550
2553
2557
2559
2563
2565
2569
2572
2577
2579
2581
2583
2585
2587
2590
2591
2591
2594
2597
2602
2605
2604
2606
2609
2613
2618
2622
2621
2623
2626
2626
2627
2630
2631
2635
2637
2641
2643
2648
2650
2652
2656
2659
2665
2665
2668
2669
2673
2674
2675
2677
2677
2678
2680
2682
2681
2683
2687
2687
2687
2688
2691
2691
2691
2695
2696
2700
2704
2705
2705
2706
2708
2709
2710
2713
2713
2714
2714
2714
2714
2716
2716
2719
2720
2719
2720
2721
2725
2726
2726
2728
2730
2730
2730
2731
2731
2732
2734
2734
2734
2734
2735
2734
2734
2735
2735
2735
2735
2737
2738
2739
2740
2741
2743
2743
2745
2746
2746
2747
2747
2749
2750
2749
2749
2749
2749
2748
2748
2748
2749
2752
2752
2752
2752
2752
2752
2753
2753
2753
2754
2755
2755
2755
2756
2756
2756
2756
2757
2758
2758
2758
2758
2758
2758
2758
2758
2758
2758
2759
2759
2759
2759
2759
2759
2758
2758
2758
2759
2759
2759
2759
2759
2759
2759
2759
2759
2760
2760
2760
2761
2760
2760
2760
2760
2759
2759
2760
2760
2760
2760
2760
2760
2760
2760
2760
2760
2760
2759
2759
2759
2759
2759
2760
2760
2760
2760
2760
2760
2760
2760
2760
2760
2760
2760
2760
2760
2760
2760
2760
2760
2760
2760
2760
2761
2761
2761
2761
2761
2761
2761
2761
2761
2761
2761
2761
2761
2761
2761
2760
2760
2760
2760
2759
2759
2759
2759
2759
2759
2759
2760
2760
2761
2761
2761
2761
2761
2761
2761
2761
2761
2761
2761
