0
0
0
0
0
0
0
0
0
0
0
0
0
0
0
0
0
0
2
2
2
2
2
2
3
4
6
7
7
9
9
11
15
17
17
20
22
23
25
27
30
33
36
37
38
43
49
54
55
57
63
67
73
79
82
93
103
112
119
129
133
143
153
164
175
183
196
208
216
227
239
244
251
265
276
283
292
307
315
327
337
349
359
381
392
405
419
433
444
456
475
491
504
515
534
545
563
577
585
603
614
630
648
658
678
689
705
725
736
744
752
762
776
791
801
813
824
833
851
859
867
883
897
906
914
923
930
941
949
955
969
976
984
995
1002
1013
1024
1030
1041
1046
1056
1064
1072
1083
1098
1103
1115
1126
1132
1147
1163
1170
1182
1191
1206
1213
1227
1236
1248
1260
1275
1282
1295
1308
1316
1330
1340
1350
1366
1379
1389
1396
1406
1412
1419
1426
1433
1446
1455
1467
1478
1484
1493
1500
1515
1520
1536
1547
1557
1572
1582
1598
1610
1621
1633
1643
1658
1674
1681
1697
1710
1718
1729
1746
1756
1760
1770
1778
1782
1791
1801
1811
1819
1829
1839
1845
1852
1861
1869
1879
1891
1902
1911
1921
1941
1947
1956
1968
1975
1982
1993
2002
2017
2028
2042
2054
2064
2070
2079
2087
2093
2106
2118
2121
2125
2141
2157
2168
2176
2184
2192
2205
2215
2230
2243
2254
2260
2272
2282
2293
2308
2314
2320
2329
2337
2341
2351
2361
2367
2377
2386
2395
2403
2410
2425
2433
2437
2447
2457
2466
2478
2488
2496
2507
2515
2519
2528
2535
2545
2555
2561
2571
2582
2589
2600
2611
2622
2635
2650
2658
2670
2678
2683
2700
2704
2710
2715
2724
2733
2738
2754
2762
2771
2779
2782
2795
2802
2809
2823
2833
2844
2859
2864
2873
2884
2890
2898
2912
2919
2925
2930
2934
2943
2949
2956
2962
2972
2981
2990
2993
3000
3013
3015
3019
3027
3032
3039
3050
3057
3063
3066
3073
3077
3083
3091
3101
3109
3114
3123
3130
3140
3154
3162
3176
3182
3190
3197
3207
3214
3219
3229
3239
3248
3251
3260
3272
3278
3292
3301
3309
3314
3325
3331
3348
3363
3372
3381
3390
3394
3408
3419
3432
3440
3456
3463
3471
3476
3486
3498
3512
3520
3527
3533
3540
3547
3552
3564
3574
3588
3597
3607
3615
3628
3638
3650
3656
3670
3682
3694
3706
3721
3732
3740
3751
3757
3767
3772
3782
3794
3799
3809
3814
3822
3830
3842
3859
3871
3880
3892
3899
3913
3922
3933
3948
3959
3966
3981
3989
4002
4007
4021
4032
4044
4048
4060
4070
4081
4092
4101
4111
4119
4136
4138
4153
4166
4178
4189
4203
4216
4229
4244
4255
4261
4270
4280
4294
4311
4323
4341
4354
4366
4380
4393
4404
4419
4433
4444
4459
4468
4475
4482
4492
4505
4513
4524
4541
4553
4563
4572
4582
4589
4599
4611
4618
4624
4635
4647
4655
4666
4684
4691
4703
4714
4723
4735
4741
4749
4753
4760
4766
4784
4801
4806
4819
4829
4841
4856
4874
4880
4892
4898
4910
4921
4931
4936
4946
4951
4964
4974
4984
4994
5008
5015
5028
5041
5049
5058
5067
5079
5092
5101
5108
5116
5125
5133
5144
5160
5166
5175
5185
5198
5205
5216
5225
5238
5254
5261
5268
5280
5294
5304
5313
5319
5328
5337
5350
5356
5366
5375
5383
5397
5409
5421
5436
5447
5461
5469
5480
5493
5508
5523
5537
5549
5563
5576
5587
5599
5608
5616
5625
5644
