0
66320
191670
288677
366485
431340
483390
527256
562338
592407
616690
636917
653445
666602
677149
685906
692162
698919
703284
707462
710811
713369
715208
716934
718354
719024
719758
720222
719634
718745
717960
716722
716646
714662
714257
712720
710170
709439
707724
705655
704582
703951
702625
700584
698596
696165
693692
691154
688989
687022
683491
680547
677068
673599
670244
665431
661789
657720
653086
648878
644659
639475
634103
629682
624063
618416
612691
607390
601438
595595
589797
583246
575798
569359
563328
555958
549024
541123
533388
524559
516889
509396
501764
494904
488037
480905
473288
466593
459781
452725
445936
438861
431505
424242
418022
411944
406755
402972
399092
395957
392290
388957
385391
383142
382133
381669
380006
379372
378266
377703
376918
377316
378370
379566
380852
381677
382228
382908
383308
382883
381808
381401
379899
377456
374684
371318
368306
365623
362609
360516
358598
357755
357298
356946
357073
357600
357624
356308
355398
354713
353957
353487
352656
351032
349229
347048
345045
342358
340346
337490
334607
332027
329268
326712
324911
322587
320370
317643
315751
313704
311879
310718
309037
307041
305623
303360
301540
299634
297325
294874
292398
289922
287299
284210
280908
277756
274682
271759
268445
265854
262548
259988
258401
256384
254501
253160
251470
249649
248107
246752
244997
243738
243007
241247
239371
237891
236593
235863
235766
235151
234180
233159
232236
231619
230574
229660
229091
228304
227684
226833
226367
225607
224344
222661
220981
219790
218777
217501
216454
215641
214442
213969
213574
213378
213245
213453
213351
213473
214096
214672
215396
215574
215763
216012
217007
217492
218040
218854
219122
219314
219326
219093
218166
217321
216497
216207
215728
214451
213440
213075
212115
211375
210614
209850
208577
207996
207427
206536
206344
205747
205077
204735
203748
202615
201909
201543
200361
199523
198299
197672
197038
196276
195747
195088
193256
191681
190422
189534
188293
186526
185399
184478
182719
182057
180965
179830
179032
178318
177610
176982
176439
175581
175275
175132
175217
174726
174678
174493
173733
173030
173279
173057
173222
173923
174675
174829
174741
174478
174250
173574
172760
171950
171208
170770
170318
170259
170647
170921
170545
169895
168940
168319
168023
167309
166994
166668
166644
166698
166520
166305
166787
167077
167686
167992
168194
168773
169354
169490
169738
169429
168909
167935
167162
166769
166901
166938
166770
166982
166966
166909
166403
165730
164607
163000
162325
162345
161984
161348
161528
162083
162146
162572
163159
163666
163301
163949
164168
164083
164019
163903
164029
163785
164050
163786
163477
163031
163090
162866
163201
163103
162245
161664
161283
160112
159268
158985
158565
157894
157907
157664
156526
155917
155438
155032
155320
155558
156323
156081
155849
155956
156696
157182
157814
157902
158285
158364
158718
159182
159419
159378
159168
158535
158978
158331
158429
158559
158640
158744
158312
157733
157169
156342
155862
155514
155446
155315
155385
155689
156197
156332
156515
156868
156872
156464
156258
156309
156182
156328
156153
156517
157064
157716
157875
158219
157510
157592
157292
156974
156262
156116
155584
155484
155627
155430
155362
155037
154859
153882
152594
151935
151761
151609
151556
151842
152202
152403
152885
152591
152180
152458
152584
152822
152874
152615
152486
153150
153281
153467
153572
153163
153037
152082
151369
151211
150433
150650
150736
150275
150218
150590
150901
151502
151878
152778
153758
154826
155536
155817
156099
155960
155630
155836
155721
155908
156083
156172
156314
156148
155716
155387
154809
154105
153385
152810
152805
152576
151634
151378
151385
151378
151496
151452
151377
151038
150879
150175
149993
150223
150090
149583
149410
149566
149494
149209
148651
149084
148771
148925
148386
148437
147825
147307
146783
146259
145552
145559
145259
145129
145201
145506
145789
146172
146120
145352
144963
144523
144511
144514
144689
144758
145297
145917
146153
146335
146202
145955
146312
145615
144856
144655
143982
143206
142402
141624
140085
138337
136256
133834
131332
129098
127036
124671
123091
121472
120256
119037
117878
117073
116528
116152
115299
114665
114254
113655
113225
112776
112485
112324
112121
111323
110722
