0
66987
191468
287607
365982
431082
483305
526768
563266
592081
616612
636215
652996
665801
677246
686027
693056
699613
703500
707343
710198
712152
713906
715785
716174
716782
716692
717176
717263
717183
716828
716502
714859
714328
713548
712903
711567
710267
708822
707473
705715
704389
701935
699576
697518
695294
692460
690421
688435
684965
682691
679239
675675
671671
667995
664114
660959
657099
652916
648106
643294
637956
632083
626743
620984
614736
608928
602620
596333
590394
583766
575777
568484
561096
554667
547746
540548
533730
526484
520325
514981
508718
502190
496483
492241
487180
481407
476719
471521
466498
460958
456447
451964
447238
443587
440616
437844
434849
433252
432585
432116
431362
430379
429456
429294
430041
430282
429920
429583
429244
429530
427671
427505
426860
426101
423981
422360
421829
420758
419779
418192
417009
415508
413527
411199
409080
407288
404888
401844
398684
396335
393698
391051
388347
385284
381962
377534
373567
369879
366617
363443
359942
356415
352597
349596
346413
343044
340209
337482
335530
333858
330912
328093
324583
322016
319139
315861
313090
310182
307048
304294
301097
298100
295690
293633
291367
289892
287758
285638
283877
282335
281024
279025
277698
275617
274132
272151
270199
267857
266200
264607
262967
261473
259978
258336
257095
255697
253191
251440
249923
248909
247465
246560
244908
243423
241634
240485
239213
237883
236173
234559
232761
230595
228781
226761
224900
223183
221143
218835
216646
215478
214453
212556
210701
209358
207875
206898
206065
204967
204224
203097
201798
201233
200510
199854
199164
198200
196617
194862
193606
191985
190892
189332
188129
187173
186133
184908
184044
183496
182421
181970
181064
180628
180117
179371
178840
177749
176362
175182
174431
173207
172794
172441
171595
170939
170142
170274
169853
168828
168318
168011
167961
167743
167122
167389
167319
166910
166382
166427
166746
167724
168204
168862
168900
168895
168671
168070
167101
166593
166151
165424
164435
163759
162965
162120
161318
160795
160125
159744
159402
158935
159411
159845
160324
160583
160942
161405
161233
161051
161247
161565
161573
161992
162064
161670
161467
161152
161252
161442
161024
160177
159428
158650
158650
158192
157840
157356
156958
156642
156775
156557
156348
155945
155569
155462
155516
154916
154111
153657
152673
152118
151208
150617
150271
150366
150763
151325
152256
152798
153769
154071
154076
154673
155840
156140
156656
156488
157097
157563
158546
158593
158418
158411
157897
157936
158163
157915
157886
157728
157361
156680
156157
155731
155329
155174
155137
155789
155332
155172
154765
154618
154455
154498
154219
154313
154601
154489
155208
155977
155992
155556
155450
155709
156322
156008
155557
155034
154854
155027
154753
154875
154807
155158
154701
154963
154908
154492
154733
155440
155352
155099
154768
155062
154622
154730
155028
155402
155311
155280
155471
155454
155795
155602
155158
155154
154743
155124
155349
155945
156120
156544
157136
157123
157596
157796
158294
158544
158755
158937
158943
158675
158202
158133
157693
157224
157340
157086
156707
156137
155471
155303
155755
156231
156630
156454
156347
156165
156333
155539
154819
154681
155033
155364
156076
156411
156398
156854
157026
157173
158072
158228
158817
158724
158581
158568
158333
157970
158001
158115
157978
158059
158254
158134
157640
157312
156923
156269
155815
155430
154991
154787
154797
154981
155152
154999
155260
155166
155281
155172
155275
155021
154823
155166
154379
153948
153831
153279
153110
152687
152694
152838
153045
153385
153378
153716
154198
153978
154427
154492
154544
154232
153864
153651
153539
153449
153367
153348
153909
154317
153795
153423
153882
153795
153560
154035
154355
154667
155210
155386
154931
154547
154905
154993
155426
155267
155021
155852
156153
156715
156967
156807
157188
157368
157649
158384
158524
158607
158347
158576
158551
157849
157461
157117
157107
156806
156055
155291
154790
154365
154195
154015
154127
154231
153968
153360
152950
152994
152733
152570
151766
151768
151795
152179
152350
152693
152695
152206
152144
151850
152331
152811
153025
153295
153694
154115
154810
154716
154054
153819
153547
153453
153351
152882
152716
152607
152221
151880
151006
150814
150967
150758
