0
66615
191830
288592
367438
431632
484303
527542
562600
592585
617435
637073
652398
665763
677243
686234
692905
699298
704098
707372
710637
713483
715607
715997
717776
718595
718570
719819
718471
718249
717838
717002
715642
715442
714824
714160
712654
712345
709830
707893
706896
704355
702743
699617
697805
695820
692810
690843
687356
685224
682718
679672
676758
674075
670487
667280
663580
660150
656062
652208
647588
643347
638568
632992
628621
623878
618790
612807
606219
600272
594249
587769
580563
573247
566778
559041
550836
542529
534129
525311
515263
505181
493613
483112
471941
461269
449875
437757
426704
415587
403485
392462
381223
370830
360930
351720
343301
335957
329241
323317
318402
315615
313319
311728
310162
308002
306345
303784
301417
298787
296042
293785
291519
288815
286527
283590
281195
279153
276578
274082
271159
268313
265814
264744
264493
265906
268247
272684
277467
283227
288033
293813
300240
307196
313891
320600
325782
331161
335536
339809
344290
348145
353008
357618
360926
363135
365682
366881
368316
369995
370591
371379
371933
372479
372920
372694
372629
372890
372125
371536
371060
370293
369454
368267
367091
364853
362331
360072
357464
354798
351595
347828
343564
339198
335246
330716
326296
321703
317465
314092
309601
305093
300879
296050
291760
288447
285287
281961
278793
274743
271690
268736
267096
264046
261636
259525
257136
254289
251692
248722
246243
243642
240698
238289
236276
234130
232243
230485
228539
226266
225271
225063
224523
225033
225616
225977
226440
227087
227524
228024
228662
229496
230039
230251
230621
230634
230689
230244
229749
229216
228000
227369
226776
225526
224803
223878
223066
221751
220573
219174
217743
216810
215962
215041
214351
213626
212970
212199
211406
210859
210452
209969
209582
208991
207975
207793
207174
206339
205342
204523
203819
203622
203075
202536
201293
199521
198175
197218
196565
195869
195542
194844
193543
192789
191532
190684
189433
188809
187743
187135
186389
186030
185839
186215
186454
186236
186561
186087
185222
184152
183257
182796
182132
181350
180348
179799
179517
179749
179325
178870
178446
178784
178106
177631
177819
177253
176623
175702
174617
173867
173426
173076
172317
171827
171720
171151
170479
170291
169976
169482
168528
167742
166879
166382
166173
165915
165678
165477
165313
165665
166128
166329
166814
166839
166380
166239
165804
165201
164855
164582
164429
163205
162928
162812
162758
162434
162601
162832
163123
162971
162745
162593
161954
161147
160514
160089
159607
158664
158482
158223
157906
157526
157546
157595
157681
157921
158451
159307
159577
159680
159675
160103
160107
160092
160672
161139
161160
161351
160588
160483
160366
159802
159431
159177
158530
158460
158250
157646
157140
157499
157706
157177
156712
156914
156912
156887
156801
157104
157452
157616
158131
158400
158681
158616
158275
158030
157850
157831
158337
158406
158117
157663
157278
156881
156543
156886
156858
157424
157179
156257
155458
156003
155413
155053
155006
154106
153727
153896
154257
154186
154444
154344
154469
154532
154494
154397
153911
153616
153591
153641
153318
153227
153074
153883
154109
154197
154391
154198
153782
153546
152938
152397
152315
152404
152463
151948
151816
151838
152000
151522
152034
152252
152472
152429
152459
152477
152591
152593
153226
153640
153801
154302
154736
154994
155594
155845
155878
155276
155054
154686
154016
154127
153560
153218
152830
152600
152361
152595
152483
152315
151768
151927
152043
152539
152635
152760
152937
153141
153290
153636
153962
154088
154795
155109
154900
154632
154205
153596
153132
153376
153051
153005
152114
151996
151661
151551
151427
151663
151930
152351
152344
152299
151664
151092
150199
149259
148577
147723
147518
147264
146942
147167
146818
146529
146689
146328
145431
145172
144451
144840
144842
144883
144391
143764
143915
143604
143592
143594
143370
143063
142654
141666
141547
141406
141990
142484
143058
143370
143662
143628
143443
143803
143992
144166
144489
144423
143972
143287
142398
141559
140948
140285
140046
139027
138481
138057
137643
137043
135968
135421
134422
134144
133406
133574
133096
132820
132044
130843
130510
129887
129166
127968
126821
125710
124196
123041
121791
120310
119065
118083
117048
