0
66648
191473
288796
367279
431047
483384
527063
562816
591598
615265
636091
652927
666295
677619
687303
694566
699652
704497
708510
712139
714051
715411
716906
717498
717677
718395
718539
717941
717735
717162
716665
715486
715080
714528
713036
711750
710792
709420
707104
705798
702914
700045
698147
696503
694822
692841
690551
688838
685327
682604
679342
676285
671851
668413
664191
660390
655443
650265
645657
640886
635286
630419
624946
619272
613320
606904
600546
593730
586085
578613
569928
561823
553778
545554
537263
529571
522094
513371
503815
494264
484467
474503
463946
453630
442582
431893
421667
412105
402743
393683
384056
373672
363821
354393
344556
335712
326967
319574
314065
308516
302569
297841
294061
291581
289339
287084
285004
283027
282496
281184
280786
282130
282760
283277
283494
282924
281916
280451
278236
275965
272588
269640
268590
269045
270871
274276
278765
283809
288272
292287
295780
299144
301502
302626
304503
304923
306092
307269
309338
311937
314803
316871
319004
320396
322134
324765
327105
327687
327268
324927
321690
318053
313199
309802
305347
300283
294517
290559
285503
280438
276503
272884
268540
263791
258162
252147
246106
239869
232977
225348
217902
210601
203742
196174
188999
182384
176756
171269
165812
159951
153434
146858
140755
135123
130436
126386
122360
118708
115318
112749
111687
110357
109123
109103
109433
110524
111301
112222
112751
112781
113824
115658
117673
119432
121451
123874
126936
129765
132984
135629
138806
142789
147077
151035
154433
156965
159902
162457
164994
168153
170748
174033
177658
181162
184945
189427
194714
201327
208135
216193
225982
236227
246656
256379
265162
273545
281072
289889
298557
306339
313198
318431
322345
325577
328706
330604
332161
333847
334569
335220
335060
334796
334142
332960
331311
329944
328079
324578
320065
313566
306432
298496
289779
279533
268404
257305
245328
233601
222192
210543
198645
187686
176932
166400
156780
147890
139006
129997
120848
112307
104200
96334
88936
82001
75433
69322
63359
58108
53309
48404
44228
39947
36177
32592
29335
26373
23852
21480
19337
17486
15776
14111
12829
11446
10231
9249
8412
7644
6907
6262
5661
5062
4563
4066
3658
3249
2999
2731
2440
2227
2009
1793
1669
1539
1402
1319
1230
1123
1050
976
880
806
715
633
571
502
446
385
348
313
271
251
230
213
187
165
147
144
148
127
117
114
116
99
107
109
106
103
100
87
69
55
44
38
32
29
23
17
14
11
11
9
5
3
3
2
0
0
0
0
0
0
0
0
0
0
0
0
0
0
0
0
0
0
0
0
0
0
0
0
0
0
0
0
0
0
0
0
0
0
0
0
0
0
0
0
0
0
0
0
0
0
0
0
0
0
0
0
0
0
0
0
0
0
0
0
0
0
0
0
0
0
0
0
0
0
0
0
0
0
0
0
0
0
0
0
0
0
0
0
0
0
0
0
0
0
0
0
0
0
0
0
0
0
0
0
0
0
0
0
0
0
0
0
0
0
0
0
0
0
0
0
0
0
0
0
0
0
0
0
0
0
0
0
0
0
0
0
0
0
0
0
0
0
0
0
0
0
0
0
0
0
0
0
0
0
0
0
0
0
0
0
0
0
0
0
0
0
0
0
0
0
0
0
0
0
0
0
0
0
0
0
0
0
0
0
0
0
0
0
0
0
0
0
0
0
0
0
0
0
0
0
0
0
0
0
0
0
0
0
0
0
0
0
0
0
0
0
0
0
0
0
0
0
0
0
0
0
0
0
