0
0
0
1
2
4
6
6
10
12
17
24
27
29
43
53
63
70
84
96
102
112
113
120
127
148
162
166
176
175
182
192
202
211
216
218
234
242
248
261
267
269
275
282
280
286
287
283
283
288
297
300
303
297
299
302
301
299
298
294
294
290
287
285
281
282
290
293
288
282
279
281
279
277
272
268
267
266
261
257
252
250
250
248
246
247
243
235
231
234
228
225
220
216
217
213
213
211
207
205
207
203
201
197
197
197
197
195
189
189
187
183
186
189
187
187
188
187
186
185
180
176
175
170
173
168
165
163
162
164
159
156
156
151
154
154
152
149
148
151
151
153
151
147
146
144
143
143
143
142
141
139
128
125
122
121
120
120
117
116
111
109
108
109
111
111
111
111
111
110
111
111
108
112
110
107
110
109
104
103
104
104
106
106
104
109
109
108
104
108
109
109
110
108
109
104
102
102
98
98
100
97
98
97
94
91
95
94
93
92
90
88
86
86
84
84
83
83
83
81
79
80
81
81
80
78
79
81
81
83
83
82
79
77
79
79
80
82
84
83
81
81
78
79
79
77
80
77
77
75
75
76
76
72
74
75
73
74
75
74
75
73
76
78
76
78
80
83
83
82
83
85
86
91
92
91
89
91
93
91
94
94
92
91
91
90
89
89
89
87
89
90
88
90
88
86
85
88
87
87
83
83
82
82
84
83
86
87
90
90
92
87
85
85
86
90
92
90
87
84
80
78
76
79
76
73
72
71
67
66
65
69
70
71
72
72
72
72
73
72
72
73
72
68
69
68
68
67
65
66
67
65
63
63
63
60
63
63
64
65
65
65
64
63
63
66
68
70
75
78
77
79
79
82
80
80
79
78
81
83
81
82
78
79
79
79
77
81
81
81
78
76
77
76
76
78
79
82
83
81
76
77
80
81
80
78
80
80
80
81
81
82
83
81
84
81
78
81
82
82
81
82
80
81
77
79
78
75
78
81
82
83
79
75
74
76
74
78
81
83
83
83
82
81
78
76
75
77
78
79
81
85
86
87
89
92
92
90
90
94
94
94
97
96
96
97
98
100
98
98
97
96
95
93
90
91
93
96
95
94
97
97
97
96
95
94
98
99
99
97
97
101
97
95
97
99
100
100
99
98
100
101
101
98
97
100
103
101
104
103
102
101
99
98
97
101
103
102
100
98
98
102
104
102
101
101
101
101
103
101
104
103
104
104
101
97
97
98
97
98
100
98
99
100
102
102
105
104
107
107
104
105
106
107
109
109
105
105
104
103
104
101
103
101
102
101
100
100
104
106
104
102
101
101
101
103
102
103
105
103
102
100
101
100
99
101
99
100
100
101
101
103
100
98
95
95
93
93
92
92
91
