0
0
0
0
1
2
4
13
20
25
30
32
40
48
54
63
74
88
90
96
108
114
131
134
144
152
157
163
175
179
185
196
202
214
218
225
233
240
247
246
252
258
262
270
269
275
279
279
274
275
287
290
291
294
295
300
300
299
299
294
293
292
288
288
286
283
279
277
270
269
266
263
267
269
263
259
255
249
246
241
238
230
229
225
216
213
210
205
203
205
200
197
191
189
188
183
179
179
177
175
174
177
173
171
176
176
174
175
175
177
175
177
173
168
163
159
161
161
160
161
157
160
160
160
161
157
165
163
164
162
160
161
159
155
159
159
161
160
158
160
161
160
159
161
161
159
158
156
151
148
144
145
149
144
141
135
133
134
134
137
135
137
135
135
136
135
136
133
131
123
120
116
118
116
113
109
109
104
102
101
103
102
101
101
96
96
97
95
96
94
94
93
91
93
93
92
88
85
85
85
87
87
85
86
85
85
86
85
89
90
90
91
90
89
88
89
86
84
85
85
85
84
84
86
86
83
82
82
79
83
82
83
83
81
79
80
79
79
80
81
83
85
86
85
86
85
88
88
90
92
87
87
83
81
79
78
77
72
71
69
67
67
65
64
67
65
67
68
68
65
65
65
66
65
66
63
63
63
63
63
62
60
62
63
63
62
63
65
66
66
65
64
62
62
63
64
64
64
65
66
65
64
63
61
62
62
67
69
67
65
63
63
63
65
64
66
65
67
67
69
68
66
66
65
67
65
66
66
67
68
68
65
68
68
68
68
68
71
70
68
69
70
69
67
69
68
65
67
71
69
67
70
68
70
70
71
72
73
70
69
70
73
76
75
73
74
73
74
71
72
74
76
79
78
79
82
87
85
90
92
93
92
95
94
89
90
90
89
89
87
87
88
84
84
83
82
80
84
86
89
90
89
91
91
92
95
95
93
91
89
93
94
90
88
91
90
89
86
87
82
84
80
79
78
79
79
78
77
77
76
75
74
73
73
71
72
73
72
73
73
71
72
76
80
82
80
79
78
82
81
79
79
77
76
75
76
77
76
73
74
76
79
79
77
78
79
82
81
82
86
84
83
80
83
84
86
83
85
89
93
94
94
91
94
93
91
91
89
89
88
87
87
87
88
87
89
90
94
97
97
99
98
96
96
95
93
94
94
95
94
94
93
95
93
95
97
96
99
101
103
98
100
104
105
105
104
102
104
106
108
106
107
109
111
110
111
112
112
110
110
111
110
111
112
111
110
112
112
114
110
112
115
117
120
119
117
115
115
111
110
110
111
114
113
114
112
113
111
109
106
104
101
101
104
103
104
108
109
105
102
102
99
98
100
99
100
103
101
99
98
101
99
100
98
97
101
104
104
101
105
105
