0
0
0
0
2
4
7
9
11
12
19
29
38
46
56
64
65
74
77
86
94
97
106
115
126
131
138
139
148
157
171
176
182
186
193
197
204
207
210
212
219
217
219
223
226
228
231
231
233
235
240
243
248
250
253
255
256
257
251
251
246
250
245
246
239
240
239
242
248
245
236
230
233
237
238
238
236
231
223
221
221
219
216
213
210
210
205
201
195
194
188
183
178
171
168
169
168
166
160
160
153
152
149
143
142
140
138
140
137
135
134
133
132
132
131
129
128
127
127
129
128
126
125
121
119
118
117
115
115
114
112
109
106
107
107
107
107
106
105
104
104
104
102
99
102
98
98
96
96
97
99
98
97
98
97
97
95
94
93
92
95
92
94
96
97
95
89
90
87
87
87
85
77
78
79
81
79
77
78
78
78
77
77
75
73
72
72
71
70
69
69
70
70
68
65
63
64
64
60
60
58
56
55
53
53
53
54
53
54
52
53
53
53
53
50
52
54
57
59
60
59
62
64
66
67
73
73
73
74
72
73
76
78
78
81
81
84
84
87
91
92
95
101
102
101
105
104
107
110
108
112
115
115
118
119
118
122
124
129
128
125
125
127
122
118
119
118
116
118
117
116
112
113
111
108
107
104
103
101
102
98
94
92
91
90
88
86
85
84
83
81
78
76
74
74
73
73
73
69
67
66
66
63
62
61
59
59
59
59
59
58
56
53
53
50
49
49
47
46
46
42
42
40
40
37
36
35
35
34
34
34
31
31
30
30
29
27
26
26
26
26
25
25
24
24
23
23
23
23
22
22
22
21
20
20
20
20
19
19
19
19
18
18
18
18
18
17
17
17
17
17
17
17
17
16
16
16
16
15
12
12
11
11
11
11
11
11
11
11
11
10
10
10
10
10
10
10
9
9
9
9
9
9
9
9
9
9
9
9
9
9
9
9
9
9
9
9
8
8
8
8
8
8
8
8
8
8
8
8
8
8
8
8
8
8
8
8
8
8
8
8
8
8
8
8
8
8
8
8
8
8
8
8
8
8
7
7
6
6
6
6
6
6
6
6
6
6
6
5
5
5
5
5
5
5
5
5
4
4
4
4
4
3
3
3
3
3
3
2
1
1
1
1
1
1
1
1
1
1
1
1
1
1
1
1
1
1
1
1
1
1
1
0
0
0
0
0
0
0
0
0
0
0
0
0
0
0
0
0
0
0
0
0
0
0
0
0
0
0
0
0
0
0
0
0
0
0
0
0
0
0
0
0
0
0
0
0
0
0
0
0
0
0
0
0
0
0
0
0
0
0
0
0
0
0
0
0
0
0
0
0
0
0
0
0
0
0
0
0
0
0
0
0
0
0
0
0
0
0
0
0
