0
208
419
629
857
1052
1261
1490
1691
1923
2136
2349
2547
2752
2936
3129
3306
3512
3714
3917
4136
4338
4538
4750
4961
5137
5342
5530
5716
5907
6116
6314
6543
6757
6979
7174
7392
7578
7810
8026
8227
8441
8697
8875
9074
9285
9539
9728
9897
10131
10356
10572
10755
10951
11186
11370
11578
11801
12019
12245
12475
12687
12893
13130
13372
13576
13757
13934
14133
14327
14575
14773
14968
15161
15377
15604
15827
16025
16217
16414
16637
16845
17074
17283
17479
17670
17879
18072
18272
18457
18666
18862
19094
19316
19517
19712
19922
20136
20347
20532
20741
20942
21159
21370
21554
21784
21991
22216
22417
22612
22827
23024
23217
23416
23594
23808
23975
24168
24371
24563
24762
24979
25192
25412
25636
25863
26078
26286
26491
26682
26903
27098
27296
27513
27755
27972
28182
28392
28602
28824
29025
29252
29481
29684
29902
30102
30307
30505
30725
30938
31126
31319
31514
31706
31923
32137
32347
32535
32730
32950
33148
33331
33522
33709
33897
34084
34276
34485
34721
34956
35156
35349
35577
35776
35968
36157
36360
36566
36761
36951
37156
37346
37552
37788
38005
38220
38441
38640
38873
39073
39292
39508
39708
39914
40132
40327
40522
40748
40929
41107
41299
41495
41717
41932
42170
42388
42584
42779
42975
43174
43385
43585
43773
43981
44203
44423
44623
44816
45020
45219
45422
45614
45850
46064
46273
46464
46654
46852
47067
47280
47489
47695
47901
48088
48308
48521
48721
48929
49127
49324
49523
49715
49911
50095
50313
50517
50745
50959
51153
51362
51568
51782
51963
52164
52377
52598
52787
53000
53182
53382
53552
53744
53940
54134
54353
54565
54758
54951
55168
55378
55563
55768
55963
56180
56385
56599
56787
57002
57200
57382
57572
57773
57976
58203
58429
58634
58821
59028
59242
59421
59632
59829
60031
60249
60439
60646
60862
61086
61264
61453
61645
61846
62049
62219
62420
62611
62802
62994
63198
63390
63574
63758
63955
64142
64328
64529
64736
64934
65125
65339
65543
65725
65921
66130
66329
66541
66752
66934
67113
67334
67514
67739
67923
68103
68332
68526
68754
68972
69182
69376
69589
69761
69989
70188
70381
70609
70802
70999
71191
71411
71616
71835
72023
72237
72443
72637
72849
73037
73251
73473
73656
73888
74079
74293
74503
74715
74900
75103
75328
75527
75720
75911
76107
76313
76532
76719
76925
77136
77326
77535
77732
77924
78116
78308
78492
78687
78904
79106
79309
79503
79710
79910
80118
80324
80526
80720
80924
81115
81299
81501
81709
81898
82086
82290
82498
82690
82897
83098
83269
83469
83667
83849
84045
84244
84443
84636
84844
85055
85252
85452
85667
85880
86071
86255
86442
86654
86845
87058
87254
87453
87664
87853
88029
88219
88434
88613
88795
89003
89239
89443
89644
89853
90055
90232
90403
90596
90805
91001
91202
91402
91608
91797
91998
92208
92382
92585
92774
92976
93169
93359
93553
93744
93956
94153
94322
94516
94700
94877
95071
95295
95492
95687
95884
96093
96295
96498
96719
96914
97087
97276
97489
97679
97860
98055
98272
98482
98695
98891
99096
99303
99483
99680
99887
100083
100294
100500
100692
100887
101086
101272
101467
101656
101844
102034
102236
102426
102628
102845
103068
103276
103493
103682
103879
104081
104301
104495
104691
104900
105082
105265
105481
105698
105872
106057
106223
106404
106588
106782
106997
107203
107418
107613
107808
107988
108183
108366
108549
108738
108916
109109
109297
109458
109663
109865
110060
110254
110429
110621
110805
111005
111226
111416
111621
111792
111990
112170
112360
112540
112741
112909
113084
113278
113474
113694
113897
114102
114295
114500
114675
114867
115036
115225
115431
115602
115819
116022
116211
116415
116611
116799
116979
117170
117371
117586
117751
117932
118108
118297
118470
118643
118819
119002
119206
119409
119585
119767
119988
120197
120407
120595
120803
