0
232
460
677
882
1108
1322
1525
1728
1951
2161
2362
2596
2802
3023
3242
3460
3662
3887
4071
4276
4496
4722
4906
5087
5304
5515
5710
5911
6095
6298
6486
6694
6895
7111
7339
7524
7715
7910
8121
8341
8548
8734
8953
9178
9373
9585
9747
9950
10167
10370
10554
10767
10979
11210
11395
11617
11836
12041
12274
12471
12672
12865
13075
13285
13492
13699
13895
14086
14295
14517
14728
14924
15141
15365
15595
15780
16004
16219
16426
16664
16882
17078
17277
17503
17728
17928
18118
18307
18509
18721
18910
19131
19328
19528
19727
19926
20148
20349
20588
20805
21019
21260
21465
21705
21912
22111
22324
22544
22758
22980
23180
23385
23612
23833
24052
24259
24465
24679
24911
25125
25337
25542
25728
25943
26148
26344
26563
26788
26981
27198
27418
27616
27849
28058
28284
28515
28748
28943
29145
29354
29563
29770
29964
30196
30387
30597
30799
31009
31213
31459
31673
31888
32062
32278
32514
32696
32886
33081
33306
33502
33697
33873
34113
34323
34524
34757
34981
35195
35392
35582
35774
35999
36173
36372
36563
36781
36973
37209
37399
37600
37791
37990
38193
38407
38639
38848
39083
39280
39501
39702
39907
40124
40327
40530
40753
40977
41179
41385
41598
41803
41982
42169
42374
42597
42800
42989
43197
43399
43618
43832
44029
44205
44412
44634
44823
45024
45236
45426
45638
45839
46050
46292
46503
46700
46913
47124
47341
47546
47733
47938
48157
48374
48580
48772
48960
49158
49357
49578
49772
49982
50217
50403
50603
50806
50996
51213
51401
51628
51851
52074
52277
52466
52638
52846
53030
53309
53512
53723
53929
54134
54327
54530
54742
54942
55129
55315
55504
55706
55924
56122
56352
56534
56742
56950
57140
57344
57557
57760
57983
58182
58392
58601
58789
58970
59159
59371
59584
59822
60037
60243
60413
60606
60818
61011
61232
61441
61627
61811
62008
62210
62420
62605
62813
63010
63190
63401
63591
63797
64022
64222
64417
64598
64783
64964
65169
65376
65595
65810
66017
66240
66418
66604
66777
66989
67184
67353
67526
67715
67896
68096
68284
68470
68662
68882
69072
69275
69458
69650
69874
70079
70293
70496
70687
70884
71103
71304
71489
71660
71886
72055
72240
72445
72648
72828
73042
73237
73426
73636
73818
74001
74185
74390
74603
74821
75020
75205
75417
75634
75835
76063
76255
76455
76631
76837
77040
77247
77458
77643
77825
78069
78274
78487
78679
78873
79062
79261
79443
79654
79838
80024
80231
80431
80658
80855
81043
81226
81437
81658
81889
82072
82248
82457
82661
82864
83078
83279
83485
83704
83898
84103
84294
84478
84685
84869
85076
85268
85452
85634
85819
86026
86238
86447
86640
86850
87047
87226
87416
87631
87819
88017
88210
88409
88592
88807
88995
89211
89400
89608
89817
90037
90209
90379
90576
90756
90952
91151
91372
91553
91725
91913
92128
92302
92493
92701
92896
93113
93322
93500
93692
93877
94106
94295
94497
94701
94866
95066
95266
95461
95651
95857
96048
96244
96423
96611
96787
97004
97203
97417
97619
97796
97979
98170
98337
98533
98733
98935
99126
99309
99473
99698
99887
100093
100276
100463
100655
100859
101052
101241
101430
101658
101842
102029
102250
102431
102626
102805
102988
103177
103379
103582
103790
103980
104176
104378
104576
104757
104929
105109
105307
105495
105714
105902
106088
106275
106494
106689
106883
107100
107292
107503
107704
107896
108095
108263
108467
108660
108836
109047
109241
109446
109610
109814
110019
110195
110384
110581
110762
110945
111109
111315
111515
111703
111874
112072
112251
112399
112594
112795
112979
113170
113359
113528
113721
113896
114076
114286
114480
114639
114814
115033
115223
115408
115592
115784
115971
116150
116342
116526
116696
116876
117052
117237
117440
117612
117805
117990
118151
118329
118543
118734
118922
119110
119309
119470
119639
119837
120007
120219
120437
120616
