0
226
466
688
879
1131
1346
1528
1747
1981
2197
2444
2674
2885
3116
3305
3489
3720
3947
4154
4372
4576
4803
4996
5193
5399
5626
5838
6051
6227
6431
6628
6828
7031
7223
7432
7668
7879
8076
8293
8514
8720
8912
9100
9314
9520
9728
9947
10127
10308
10543
10768
10956
11147
11374
11617
11824
12021
12204
12378
12571
12755
12948
13170
13404
13632
13811
14011
14211
14400
14619
14842
15022
15235
15445
15674
15857
16078
16284
16468
16673
16919
17123
17329
17522
17746
17933
18167
18359
18547
18757
18966
19175
19367
19585
19785
20015
20241
20444
20635
20853
21067
21269
21481
21701
21905
22126
22349
22553
22764
22985
23187
23388
23585
23772
23979
24210
24422
24635
24837
25060
25270
25475
25688
25885
26073
26285
26463
26640
26851
27055
27251
27456
27670
27855
28072
28263
28483
28673
28867
29091
29323
29537
29738
29939
30166
30373
30567
30786
31002
31209
31427
31625
31831
32072
32275
32493
32710
32899
33114
33295
33493
33680
33886
34094
34306
34494
34686
34876
35096
35305
35516
35732
35943
36138
36353
36552
36746
36961
37161
37371
37579
37759
37950
38169
38379
38601
38799
39030
39236
39442
39650
39858
40081
40284
40496
40682
40898
41072
41256
41511
41692
41914
42126
42344
42537
42732
42947
43147
43340
43561
43783
43970
44211
44400
44606
44789
44996
45214
45439
45644
45838
46047
46280
46488
46699
46898
47096
47296
47492
47683
47890
48092
48315
48508
48696
48872
49083
49278
49468
49670
49884
50100
50304
50497
50689
50919
51132
51312
51525
51737
51944
52139
52331
52544
52740
52907
53110
53292
53508
53705
53914
54114
54351
54542
54742
54942
55153
55360
55573
55788
55965
56192
56407
56613
56823
57001
57189
57389
57593
57821
58039
58255
58430
58634
58838
59020
59225
59422
59632
59838
60040
60229
60464
60670
60868
61068
61277
61454
61642
61838
62058
62261
62478
62657
62862
63076
63290
63494
63694
63896
64083
64276
64480
64696
64898
65076
65288
65488
65678
65886
66073
66302
66501
66701
66900
67094
67290
67466
67713
67903
68089
68292
68499
68696
68897
69118
69323
69523
69724
69923
70144
70366
70573
70753
70968
71152
71360
71571
71772
71957
72160
72330
72519
72722
72912
73102
73285
73502
73691
73902
74106
74324
74516
74737
74958
75163
75364
75582
75798
75985
76178
76382
76580
76762
76941
77148
77333
77540
77723
77912
78108
78322
78526
78721
78931
79124
79340
79527
79711
79904
80115
80305
80519
80727
80926
81112
81308
81496
81735
81939
82128
82326
82535
82748
82972
83143
83328
83522
83740
83967
84176
84380
84582
84774
84947
85133
85327
85530
85721
85925
86133
86358
86560
86747
86942
87153
87324
87524
87710
87922
88105
88308
88513
88713
88906
89113
89328
89537
89723
89927
90123
90300
90493
90676
90888
91078
91272
91436
91622
91828
92024
92224
92431
92609
92775
92968
93160
93355
93561
93738
93927
94122
94332
94539
94715
94883
95064
95257
95455
95640
95838
96038
96250
96457
96642
96822
97047
97248
97452
97630
97823
98030
98241
98423
98601
98787
98990
99173
99355
99528
99707
99885
100068
100270
100448
100636
100831
101017
101198
101371
101559
101740
101940
102122
102306
102506
102709
102894
103088
103253
103447
103636
103831
104006
104205
104400
104570
104780
104992
105198
105393
105593
105809
106014
106193
106383
106581
106756
106960
107131
107327
107521
107705
107863
108061
108265
108472
108685
108891
109084
109271
109465
109690
109878
110073
110248
110468
110661
110860
111040
111208
111408
111622
111786
111995
112211
112394
112586
112774
112989
113183
113383
113568
113790
113982
114166
114351
114537
114723
114928
115115
115296
115475
115645
115834
116014
116203
116370
116585
116765
116951
117151
117320
117508
117704
117912
118102
118305
118487
118678
118870
119030
119192
119380
119579
119791
119973
120171
120357
120532
