0
1
3
24
52
118
179
255
338
439
540
614
719
803
872
951
1015
1079
1156
1220
1236
1288
1311
1353
1377
1403
1449
1469
1486
1498
1500
1506
1520
1548
1571
1592
1594
1598
1597
1598
1615
1623
1602
1601
1584
1576
1579
1585
1569
1565
1554
1564
1521
1518
1480
1478
1444
1436
1425
1413
1389
1352
1337
1319
1317
1302
1272
1264
1242
1219
1194
1170
1153
1148
1132
1109
1077
1044
1030
1006
987
965
947
926
922
915
906
903
879
855
834
817
812
794
786
786
791
783
788
784
790
792
784
781
784
805
782
787
815
820
817
823
840
847
833
824
814
812
799
788
784
780
773
768
768
771
774
767
763
745
746
736
733
714
695
688
688
672
654
637
622
605
586
580
566
564
553
539
525
528
539
539
534
518
526
525
523
520
516
509
507
504
508
515
510
518
526
531
541
555
575
588
599
605
605
614
635
645
647
652
672
677
696
707
718
740
762
779
772
783
794
800
795
793
796
798
798
800
794
790
793
799
808
814
815
786
779
776
775
757
745
750
740
731
750
739
751
745
753
747
742
764
766
774
787
778
784
786
782
787
784
791
797
809
798
798
794
799
802
806
816
827
828
826
813
818
811
813
821
820
812
822
810
818
805
819
823
825
814
814
795
801
795
810
832
833
822
816
829
811
820
829
830
834
833
820
821
811
825
828
810
810
799
790
780
772
782
783
782
790
775
767
766
756
747
753
744
743
734
738
715
720
712
715
715
721
726
724
732
733
741
738
746
743
745
766
771
779
771
765
755
771
774
768
767
773
773
782
766
755
739
733
746
742
731
750
761
767
764
751
754
768
758
765
773
759
759
742
740
753
746
758
764
781
783
795
798
787
794
811
809
816
824
827
820
827
824
828
838
820
833
845
842
850
840
830
830
825
804
827
814
804
792
788
780
796
788
794
791
806
822
821
811
830
820
823
822
834
829
828
823
820
823
817
824
831
836
858
864
865
876
886
894
874
875
869
874
861
857
868
875
878
885
888
869
870
885
895
909
899
897
894
910
900
912
910
903
890
884
871
886
899
897
898
905
901
902
912
919
914
916
919
925
928
927
925
929
922
921
936
936
940
924
937
921
917
908
908
914
932
936
942
942
937
942
941
952
926
923
924
928
946
938
935
932
912
916
917
912
916
922
914
926
942
958
952
954
939
924
927
941
941
961
972
983
981
978
970
966
983
974
964
973
969
968
972
983
972
976
971
989
981
995
1004
1005
1015
1013
1007
1024
1004
995
983
990
1004
1014
1014
1030
1033
1028
1025
1042
1044
1051
1036
1046
1057
1078
1093
1098
1091
1072
1086
1071
1084
1064
1042
1027
1012
1013
1026
1021
1018
1023
1028
1040
1039
1037
1045
1017
1016
1025
1033
1029
1039
1030
1040
1058
1081
1083
1090
1104
1119
1103
1102
1092
1089
1120
1103
1098
1094
1089
1093
1105
1115
1130
1127
1123
1111
1106
1097
1090
