0
2
7
25
70
110
183
284
370
476
556
647
712
818
898
973
1043
1110
1157
1202
1275
1310
1343
1390
1422
1474
1490
1527
1547
1573
1582
1587
1600
1600
1592
1632
1660
1674
1664
1658
1652
1659
1641
1625
1640
1650
1621
1609
1594
1590
1576
1570
1550
1541
1523
1515
1516
1505
1479
1439
1420
1384
1370
1354
1325
1303
1270
1254
1225
1194
1196
1171
1148
1115
1094
1069
1038
1019
987
971
930
913
895
882
865
841
813
797
759
745
722
710
691
669
661
641
626
605
598
572
564
556
552
545
546
543
544
535
513
506
502
487
493
482
496
485
472
470
460
462
461
459
469
460
461
475
478
480
481
490
499
500
523
533
547
554
561
568
577
595
599
603
612
640
644
666
679
689
716
724
729
728
727
737
738
735
718
714
703
696
712
717
717
720
727
724
714
713
700
687
676
660
648
639
623
604
598
582
573
568
561
548
530
515
505
500
475
462
446
421
415
410
420
408
402
390
393
375
372
361
355
361
368
377
365
365
355
356
364
356
356
374
372
395
404
400
405
418
424
439
454
459
467
492
501
521
534
549
560
577
602
620
657
698
738
775
823
868
904
925
992
1030
1074
1118
1142
1185
1214
1239
1244
1268
1291
1309
1321
1320
1342
1370
1404
1412
1421
1444
1421
1421
1408
1398
1375
1344
1312
1275
1228
1182
1128
1101
1057
1017
991
980
947
903
874
845
817
791
738
699
663
631
609
578
560
532
496
471
441
419
397
380
365
348
332
313
301
286
273
259
242
232
225
211
198
191
183
176
163
149
140
133
126
115
106
102
95
88
86
78
73
67
63
59
54
50
44
40
35
31
29
28
26
26
24
22
21
21
21
19
19
19
16
16
16
15
15
14
14
13
13
11
10
9
9
8
8
8
8
8
6
6
6
6
6
6
6
6
5
5
5
5
4
4
4
4
4
4
4
4
4
4
3
3
2
2
2
2
2
1
1
0
0
0
0
0
0
0
0
0
0
0
0
0
0
0
0
0
0
0
0
0
0
0
0
0
0
0
0
0
0
0
0
0
0
0
0
0
0
0
0
0
0
0
0
0
0
0
0
0
0
0
0
0
0
0
0
0
0
0
0
0
0
0
0
0
0
0
0
0
0
0
0
0
0
0
0
0
0
0
0
0
0
0
0
0
0
0
0
0
0
0
0
0
0
0
0
0
0
0
0
0
0
0
0
0
0
0
0
0
0
0
0
0
0
0
0
0
0
0
0
0
0
0
0
0
0
0
0
0
0
0
0
0
0
0
0
0
0
0
0
0
0
0
0
0
0
0
0
0
0
0
0
0
0
0
0
0
0
0
0
0
0
0
0
0
0
0
0
0
0
0
0
0
0
0
0
0
0
0
0
0
0
0
0
0
0
0
0
0
0
0
0
0
0
0
0
0
0
0
0
0
0
0
0
0
0
