0
1
5
34
72
133
201
286
368
451
538
639
730
820
886
951
1034
1096
1164
1225
1268
1314
1351
1385
1415
1449
1471
1506
1542
1538
1556
1556
1556
1561
1585
1597
1602
1614
1617
1607
1613
1591
1597
1591
1562
1556
1543
1534
1523
1479
1476
1495
1483
1484
1488
1457
1449
1441
1412
1382
1343
1329
1313
1297
1293
1283
1268
1267
1249
1233
1212
1181
1142
1128
1108
1091
1072
1049
1025
1016
1011
998
958
930
899
860
854
843
804
795
779
766
746
738
725
701
698
692
694
673
671
658
651
645
646
631
642
652
648
648
653
668
692
692
712
733
737
735
744
762
792
796
791
796
807
823
838
831
832
856
860
863
858
851
839
848
828
828
819
823
822
824
831
830
843
833
837
840
844
834
816
808
807
818
830
839
846
841
820
813
798
784
798
793
802
773
769
758
761
761
750
747
748
729
735
744
744
741
747
727
728
728
721
715
701
699
704
694
691
678
682
689
677
677
674
679
689
703
717
719
725
709
720
735
752
762
761
751
759
751
752
756
747
753
759
780
785
784
788
802
810
807
786
793
798
788
788
778
789
805
812
818
835
836
822
819
828
824
812
793
760
762
759
759
768
774
773
776
769
759
768
778
786
786
781
782
774
773
783
768
764
772
771
777
781
771
761
757
763
767
771
773
759
754
756
747
748
740
741
735
737
751
740
752
739
733
740
724
730
731
734
744
737
733
741
739
740
742
746
753
761
758
771
774
767
774
760
772
779
780
775
780
781
776
777
777
773
770
770
768
788
800
789
795
780
781
775
771
760
763
753
756
739
748
746
749
754
765
757
762
752
736
718
709
710
733
728
716
700
706
704
707
693
693
692
704
716
716
722
731
742
756
756
764
754
772
769
773
781
781
769
789
778
780
785
773
766
759
771
781
763
758
750
757
783
788
804
812
816
837
838
826
821
841
839
854
855
865
841
850
867
869
882
886
894
910
908
911
902
894
892
913
919
917
917
931
939
942
932
925
905
910
906
923
926
936
944
953
952
948
936
940
929
928
932
930
923
926
927
922
928
939
944
946
961
960
968
970
970
976
969
970
967
949
971
981
986
977
979
991
983
957
964
962
977
974
960
951
946
932
941
928
938
933
948
947
941
940
948
963
967
973
1000
995
983
1003
997
978
993
973
979
982
1000
1014
1014
1012
1005
1006
1010
999
998
1006
981
986
992
981
992
990
996
979
986
987
987
987
990
1002
1009
1016
1007
986
1008
1002
1001
981
974
976
961
973
966
970
955
978
978
976
984
974
978
985
993
1009
1012
1013
1012
1008
1009
1027
1039
1042
1031
1029
1027
1024
1035
1024
1001
989
1008
1018
1023
1029
1029
1043
1023
1022
1008
995
1000
993
989
998
998
972
959
975
979
982
987
1010
1005
1002
993
1006
989
996
1011
1002
999
1002
1010
1004
1015
1022
1048
1044
1047
1047
1057
1051
1036
1051
1054
