0
0
12
30
69
101
184
282
369
436
529
635
719
797
883
962
1039
1099
1153
1211
1266
1302
1339
1366
1410
1412
1437
1456
1486
1517
1542
1547
1584
1598
1564
1585
1601
1624
1603
1623
1595
1594
1591
1594
1597
1578
1564
1567
1524
1522
1514
1495
1496
1462
1449
1433
1417
1403
1368
1353
1332
1317
1284
1274
1238
1219
1206
1191
1169
1138
1096
1060
1040
1018
1001
977
962
949
915
905
886
884
866
851
823
801
790
776
741
734
705
688
675
651
650
626
629
605
597
598
607
609
605
594
594
591
585
604
601
607
604
619
628
638
636
641
642
650
643
665
671
682
689
680
682
678
690
694
700
731
726
742
750
757
765
790
795
804
789
810
815
811
841
846
852
853
847
847
846
845
851
855
846
854
861
872
889
888
907
919
922
916
912
903
907
912
928
917
912
912
889
878
867
860
852
844
845
857
874
875
881
881
856
841
840
842
817
804
798
778
764
753
746
744
730
716
704
698
691
688
684
680
682
670
664
655
656
664
652
635
623
621
619
619
615
619
624
631
654
652
651
659
685
707
718
730
736
746
754
754
778
770
777
800
815
837
816
818
830
834
832
840
844
847
847
857
860
849
861
847
855
852
855
877
887
871
863
860
877
882
887
885
863
876
882
885
875
872
870
859
845
838
850
856
853
866
852
843
826
818
823
827
816
815
827
833
828
826
844
845
845
832
824
841
850
842
854
845
841
856
837
842
842
843
850
829
836
834
855
852
838
817
821
805
813
809
790
792
765
762
765
782
789
787
786
771
752
758
763
740
750
741
729
743
756
755
752
749
749
773
764
754
761
763
761
739
763
761
759
762
767
765
757
762
764
779
768
778
765
774
775
787
770
768
782
779
787
772
786
797
804
797
815
805
815
817
813
813
824
828
846
832
868
859
860
858
870
864
870
879
893
887
889
908
918
914
913
907
897
892
891
911
927
911
928
921
917
894
900
908
905
891
890
889
885
887
884
869
859
847
847
867
876
868
857
859
865
884
884
902
880
881
862
869
868
863
860
854
854
869
866
877
877
871
877
872
882
886
876
877
871
874
866
882
884
879
891
886
878
884
866
870
901
896
903
910
932
939
950
940
967
957
956
957
963
973
975
986
996
994
988
982
972
983
984
981
967
964
957
950
942
953
957
960
949
946
958
956
964
973
986
991
1005
988
983
979
984
997
995
1002
1024
1008
1009
999
1008
1020
1003
1017
1017
1024
1023
1019
1015
1019
1028
999
977
946
934
908
895
888
882
886
859
880
884
906
898
893
881
877
872
880
884
881
882
888
874
869
870
865
855
844
834
835
827
819
829
825
834
830
824
844
855
869
880
900
890
895
902
907
905
915
921
899
907
897
884
883
880
881
877
875
882
894
883
893
902
921
931
955
947
947
952
956
979
992
995
978
966
