0
117
217
306
376
391
416
431
439
436
446
444
425
407
406
399
376
363
354
352
362
378
386
399
411
420
430
452
472
485
498
509
518
532
557
546
577
587
609
623
638
656
678
685
719
724
753
800
870
907
959
987
1017
1077
1109
1168
1206
1228
1270
1326
1377
1419
1467
1508
1546
1587
1617
1691
1751
1798
1870
1920
1960
2010
2069
2150
2227
2277
2334
2389
2455
2508
2580
2653
2693
2772
2848
2931
3005
3088
3167
3259
3340
3392
3475
3521
3591
3650
3733
3820
3883
3944
4004
4083
4139
4205
4274
4361
4446
4513
4587
4650
4705
4758
4827
4877
4943
5018
5073
5113
5164
5230
5301
5378
5432
5496
5581
5633
5677
5733
5792
5863
5935
5995
6078
6122
6191
6249
6309
6390
6447
6513
6569
6628
6693
6757
6811
6862
6915
6972
7031
7085
7159
7213
7280
7314
7357
7408
7479
7546
7620
7671
7730
7775
7851
7910
7979
8026
8108
8167
8244
8302
8340
8406
8471
8529
8582
8656
8714
8780
8841
8901
8964
9031
9128
9206
9269
9331
9376
9435
9504
9563
9643
9705
9759
9829
9899
9955
10037
10096
10163
10237
10300
10353
10404
10471
10541
10607
10678
10761
10830
10884
10934
10995
11056
11129
11187
11242
11300
11361
11418
11476
11543
11587
11649
11731
11793
11845
11926
11985
12040
12111
12176
12238
12313
12402
12449
12505
12573
12644
12710
12790
12834
12877
12940
12995
13039
13099
13162
13210
13280
13330
13367
13430
13491
13541
13594
13639
13701
13755
13817
13875
13917
13967
14019
14054
14096
14158
14236
14308
14365
14412
14484
14557
14640
14687
14766
14833
14902
14954
15019
15083
15141
15202
15261
15325
15384
15455
15540
15605
15669
15727
15804
15872
15922
15961
16020
16075
16138
16204
16247
16310
16364
16440
16486
16537
16579
16642
16698
16767
16839
16902
16963
17026
17106
17154
17212
17270
17354
17411
17481
17548
17602
17658
17713
17766
17826
17883
17954
18013
18075
18142
18203
18252
18298
18341
18382
18426
18461
18499
18560
18608
18668
18735
18781
18847
18902
18962
19021
19067
19118
19176
19243
19320
19383
19425
19489
19552
19603
19662
19730
19801
19857
19914
19981
20033
20088
20176
20217
20286
20311
20362
20390
20455
20520
20579
20630
20679
20721
20774
20825
20898
20942
21006
21062
21117
21142
21207
21251
21300
21339
21389
21432
21488
21560
21606
21684
21734
21793
21857
21892
21944
21984
21998
22053
22099
22153
22212
22262
22308
22352
22429
22484
22543
22585
22630
22691
22737
22799
22847
22900
22945
23006
23037
23086
23128
23171
23215
23276
23335
23360
23409
23476
23519
23556
23603
23643
23690
23737
23791
23856
23942
23986
24015
24057
24113
24153
24203
24258
24324
24367
24432
24478
24507
24547
24575
24637
24679
24721
24759
24816
24862
24920
24987
25041
25078
25119
25173
25236
25298
25355
25406
25442
25480
25520
25566
25599
25629
25676
25732
25779
25829
25870
25934
25985
26023
26075
26141
26171
26220
26249
26294
26325
26377
26408
26463
26483
26528
26556
26599
26629
26660
26688
26699
26730
26772
26802
26829
26853
26885
26922
26973
27022
27083
27138
27184
27225
27259
27292
27340
27375
27408
27432
27453
27519
27567
27617
27661
27695
27718
27768
27796
27838
27876
27927
27959
27992
28032
28081
28131
28172
28216
28268
28298
28344
28383
28411
28442
28474
28508
28536
28594
28653
28691
28726
28757
28781
28836
28898
28940
28978
29031
29092
29126
29183
29218
29243
29283
29324
29357
29427
29467
29494
29531
29572
29615
29655
29711
29755
29814
29879
29939
29977
30037
30077
30141
30201
30268
30307
30363
30401
30461
30511
30574
30625
30700
30750
30802
30853
30907
30937
