0
103
201
286
341
399
433
446
479
469
464
442
436
430
420
423
412
412
415
427
416
421
416
427
454
442
453
461
470
476
485
505
518
541
586
585
587
587
620
652
666
684
717
755
771
779
823
846
906
928
954
984
1026
1063
1103
1146
1178
1227
1275
1342
1371
1420
1455
1529
1578
1630
1693
1746
1804
1863
1932
1997
2072
2135
2182
2246
2330
2361
2438
2519
2575
2642
2717
2793
2856
2935
3004
3091
3173
3241
3330
3401
3475
3578
3650
3723
3804
3896
3979
4076
4155
4243
4321
4397
4492
4568
4651
4743
4842
4930
5014
5084
5172
5260
5331
5408
5484
5576
5668
5732
5800
5874
5957
6030
6096
6174
6250
6334
6412
6471
6539
6604
6655
6720
6795
6857
6913
6965
7014
7073
7143
7216
7288
7320
7395
7455
7518
7567
7626
7692
7752
7837
7886
7944
8012
8075
8138
8230
8301
8371
8442
8488
8564
8634
8714
8796
8853
8896
8955
9044
9139
9199
9288
9351
9417
9495
9559
9655
9735
9828
9923
9998
10083
10173
10256
10328
10421
10518
10613
10692
10779
10863
10924
11020
11092
11195
11280
11372
11448
11557
11636
11721
11804
11883
11964
12039
12118
12194
12262
12344
12438
12518
12588
12651
12713
12782
12863
12928
13004
13067
13111
13183
13241
13285
13364
13418
13477
13539
13598
13636
13680
13753
13796
13813
13844
13854
13871
13858
13882
13901
13905
13919
13953
13952
13979
13984
13995
14002
14017
14042
14072
14087
14092
14122
14141
14137
14129
14131
14140
14146
14182
14186
14211
14265
14310
14393
14459
14527
14622
14708
14776
14840
14925
15016
15104
15177
15266
15360
15446
15525
15607
15700
15793
15883
15991
16098
16189
16294
16376
16468
16577
16670
16767
16872
16978
17071
17179
17287
17413
17512
17617
17736
17837
17946
18046
18145
18250
18349
18472
18572
18661
18773
18867
18964
19074
19178
19282
19400
19498
19592
19700
19798
19898
20005
20109
20203
20315
20417
20536
20641
20753
20851
20949
21047
21142
21250
21350
21440
21526
21612
21722
21822
21920
22020
22121
22227
22344
22437
22538
22648
22773
22871
22964
23056
23157
23258
23350
23459
23570
23689
23795
23897
23999
24094
24181
24273
24380
24501
24612
24716
24825
24925
25029
25128
25242
25346
25463
25561
25672
25769
25870
25968
26067
26154
26258
26354
26483
26587
26690
26794
26887
26995
27086
27178
27285
27386
27500
27594
27708
27800
27916
28010
28124
28226
28334
28434
28536
28642
28744
28855
28965
29046
29161
29265
29376
29495
29603
29700
29797
29887
29979
30104
30208
30306
30407
30524
30620
30710
30799
30900
31009
31100
31204
31317
31412
31508
31615
31713
31818
31938
32030
32143
32230
32330
32437
32542
32650
32765
32854
32959
33063
33180
33267
33372
33479
33591
33698
33805
33892
33986
34094
34184
34295
34395
34496
34603
34722
34818
34901
35002
35102
35190
35282
35371
35484
35585
35698
35811
35907
35999
36103
36203
36312
36422
36525
36624
36729
36838
36938
37043
37157
37273
37349
37443
37546
37642
37728
37825
37919
38004
38104
38199
38292
38395
38485
38601
38715
38814
38912
39005
39100
39200
39288
39380
39488
39581
39687
39781
39884
39985
40088
40199
40287
40391
40473
40574
40658
40755
40846
40949
41048
41157
41265
41365
41475
41580
41662
41768
41877
41979
42070
42162
42255
42364
42474
42571
42668
42782
42870
42967
43059
43161
43248
43357
43455
43536
43628
43727
43829
43927
44038
44127
44246
44332
44417
44535
44641
44748
44857
44942
45026
45120
45220
45317
45421
45523
45640
45736
45846
45925
46012
46106
46206
46302
46406
46523
46612
46693
46785
46882
46976
47081
47181
47292
47397
47495
47598
47684
47774
47861
47962
