0
111
199
281
344
390
439
434
439
465
460
441
418
413
408
390
397
410
411
396
395
398
406
406
414
442
454
455
459
471
497
509
533
565
572
597
596
609
644
657
673
716
750
775
794
817
839
870
907
965
989
1022
1058
1081
1116
1181
1229
1267
1325
1378
1423
1452
1503
1552
1595
1651
1672
1689
1739
1806
1859
1919
1995
2043
2092
2176
2242
2312
2379
2437
2502
2568
2634
2708
2762
2840
2918
2995
3087
3176
3234
3314
3383
3452
3538
3609
3695
3780
3855
3929
4023
4089
4147
4234
4323
4415
4504
4561
4639
4715
4780
4843
4883
4955
5006
5070
5125
5177
5234
5281
5312
5371
5424
5484
5527
5585
5633
5686
5731
5791
5826
5914
5987
6050
6110
6164
6228
6295
6365
6407
6453
6489
6545
6598
6647
6705
6786
6837
6913
6990
7054
7104
7167
7241
7288
7345
7394
7455
7521
7581
7662
7727
7787
7852
7897
7973
8051
8112
8180
8226
8289
8372
8442
8522
8614
8667
8740
8805
8880
8947
9008
9066
9148
9216
9267
9343
9401
9481
9568
9636
9686
9773
9833
9896
9948
10001
10053
10094
10151
10227
10269
10330
10386
10445
10493
10556
10601
10690
10746
10807
10842
10905
10982
11042
11094
11136
11195
11261
11305
11354
11405
11476
11531
11598
11661
11722
11805
11880
11926
11958
12008
12044
12114
12162
12224
12301
12355
12407
12470
12550
12610
12669
12740
12813
12863
12895
12951
13011
13084
13169
13212
13267
13316
13367
13424
13464
13552
13624
13684
13744
13822
13893
13957
14012
14068
14155
14225
14271
14321
14350
14410
14473
14542
14597
14679
14737
14791
14840
14886
14956
15008
15042
15102
15144
15224
15290
15349
15423
15464
15522
15567
15616
15686
15733
15795
15843
15886
15955
16002
16072
16144
16198
16246
16302
16353
16395
16456
16530
16597
16645
16704
16754
16811
16896
16955
17027
17096
17151
17223
17285
17337
17392
17447
17487
17534
17596
17657
17720
17772
17830
17883
17923
17991
18052
18101
18174
18237
18281
18355
18409
18466
18531
18589
18664
18723
18750
18799
18864
18916
18976
19039
19091
19177
19228
19296
19353
19421
19471
19530
19578
19629
19698
19754
19803
19876
19938
20007
20072
20128
20184
20231
20272
20331
20383
20440
20499
20568
20618
20666
20702
20785
20856
20908
20967
20984
21023
21073
21133
21184
21220
21297
21365
21433
21499
21546
21610
21671
21717
21776
21814
21836
21882
21941
21980
22033
22087
22136
22194
22249
22308
22370
22389
22425
22461
22508
22540
22597
22636
22688
22729
22786
22840
22913
22954
23002
23040
23111
23141
23170
23232
23263
23325
23372
23409
23450
23504
23561
23626
23673
23731
23784
23821
23881
23926
23972
24020
24072
24134
24183
24226
24264
24299
24340
24381
24416
24457
24493
24537
24593
24624
24672
24742
24789
24837
24869
24912
24964
24993
25038
25101
25146
25188
25234
25285
25299
25342
25400
25436
25480
25533
25574
25610
25645
25692
25751
25783
25828
25870
25942
26004
26041
26097
26133
26164
26202
26247
26292
26329
26385
26435
26475
26518
26579
26646
26675
26728
26765
26811
26845
26892
26944
26998
27030
27098
27146
27197
27250
27278
27317
27355
27385
27423
27474
27515
27563
27604
27653
27682
27706
27757
27787
27810
27849
27903
27951
27987
28024
28053
28092
28129
28159
28201
28235
28277
28308
28340
28372
28422
28465
28518
28561
28612
28650
28706
28748
28789
28823
28858
28879
28918
28975
29014
29055
29107
29148
29184
29210
29250
29289
29331
29365
29424
29486
29537
29566
29600
29625
29663
29710
29787
29847
29863
29900
29939
29950
30004
30024
30054
30086
30129
30157
30197
30214
30262
30282
30318
30348
30394
30452
30511
30538
