1000
1143
1282
1466
1676
1893
2119
2295
2472
2615
2778
2915
3008
3015
3013
3004
2955
2833
2699
2580
2430
2245
2135
1952
1789
1666
1552
1417
1260
1147
1006
898
799
714
639
556
501
446
403
362
323
274
245
199
167
144
137
113
103
97
91
74
70
65
69
60
56
47
44
43
41
37
33
32
29
26
25
22
18
16
16
15
17
19
18
15
12
10
10
10
7
7
8
8
6
5
7
8
8
7
5
4
4
4
4
4
7
7
8
5
6
7
8
9
9
7
7
8
8
9
10
9
8
8
8
7
6
6
6
5
5
6
9
11
12
14
16
15
14
14
13
14
13
11
11
11
12
15
16
17
18
17
15
17
18
19
18
14
12
9
9
8
8
9
7
7
8
9
9
7
8
8
6
7
4
4
4
4
4
2
3
3
4
3
2
3
3
2
3
1
1
1
1
2
2
2
2
2
2
3
3
2
3
4
3
4
3
4
3
3
4
4
5
3
4
5
5
5
5
5
6
6
7
6
5
6
6
6
7
7
7
8
7
9
8
11
13
14
15
21
25
26
26
24
26
26
31
34
35
37
29
30
25
22
27
30
30
27
27
29
25
24
26
22
21
21
21
15
11
10
6
5
3
3
2
2
1
1
1
1
1
1
1
1
1
1
0
0
0
0
0
0
0
0
0
0
0
0
0
0
0
0
0
0
0
0
0
0
0
0
0
0
0
0
0
0
0
0
0
0
0
0
0
0
0
0
0
0
0
0
0
0
0
0
0
0
0
0
0
0
0
0
0
0
0
0
0
0
0
0
0
0
0
0
0
0
0
0
0
0
0
0
0
0
0
0
0
0
0
0
0
0
0
0
0
0
0
0
0
0
0
0
0
0
0
0
0
0
0
0
0
0
0
0
0
0
0
0
0
0
0
0
0
0
0
0
0
0
0
0
0
0
0
0
0
0
0
0
0
0
0
0
0
0
0
0
0
0
0
0
0
0
0
0
0
0
0
0
0
0
0
0
0
0
0
0
0
0
0
0
0
0
0
0
0
0
0
0
0
0
0
0
0
0
0
0
0
0
0
0
0
0
0
0
0
0
0
0
0
0
0
0
0
0
0
0
0
0
0
0
0
0
0
0
0
0
0
0
0
0
0
0
0
0
0
0
0
0
0
0
0
0
0
0
0
0
0
0
0
0
0
0
0
0
0
0
0
0
0
0
0
0
0
0
0
0
0
0
0
0
0
0
0
0
0
0
0
0
0
0
0
0
0
0
0
0
0
0
0
0
0
0
0
0
0
0
0
0
0
0
0
0
0
0
0
0
0
0
0
0
0
0
0
0
0
0
0
0
0
0
0
0
0
0
0
0
0
0
0
0
0
0
0
0
0
0
0
0
0
0
0
