1000
1133
1284
1452
1625
1829
2006
2191
2362
2532
2657
2721
2801
2771
2824
2776
2712
2671
2547
2432
2279
2114
1935
1780
1621
1487
1341
1233
1170
1058
954
851
772
701
639
576
525
454
412
345
319
300
260
242
229
204
191
171
154
134
117
100
86
74
66
62
61
55
50
47
47
46
47
41
36
37
35
29
23
24
20
19
19
16
21
24
22
19
18
14
15
15
13
14
15
11
13
12
13
13
13
11
13
12
12
14
12
12
10
11
12
14
18
20
23
24
25
32
31
34
35
43
42
45
46
48
44
50
47
41
38
43
44
38
37
39
39
40
39
36
35
32
34
34
36
46
47
50
47
46
47
47
45
46
46
41
40
38
39
41
41
44
46
44
42
39
38
33
30
33
34
39
39
37
37
38
36
33
33
32
29
25
28
30
26
26
27
26
25
25
23
26
27
26
26
27
35
35
42
41
41
41
38
41
45
47
50
51
53
55
58
59
62
68
72
71
67
70
68
74
87
92
91
97
102
90
88
87
92
95
99
106
106
101
105
107
114
119
124
126
128
129
129
120
121
114
112
117
117
114
120
131
139
138
133
137
130
129
144
147
151
152
161
159
165
172
179
195
197
190
194
201
213
228
222
234
235
250
257
256
274
273
275
282
287
296
303
306
314
309
312
310
317
319
329
347
344
366
387
411
428
437
458
473
492
500
486
484
490
488
491
514
536
537
564
569
586
588
597
596
588
610
615
631
646
646
650
635
632
625
644
672
673
681
693
713
709
705
709
710
696
709
746
753
773
807
833
843
838
831
818
844
848
872
898
925
952
963
980
973
976
1007
1038
1065
1089
1122
1152
1148
1144
1162
1168
1204
1233
1244
1264
1314
1307
1335
1366
1383
1423
1445
1431
1498
1556
1553
1606
1645
1699
1709
1732
1770
1820
1830
1838
1858
1897
1942
1947
1981
1987
1951
1943
1937
1987
1981
2026
2010
2039
2034
2082
2076
2112
2060
2091
2071
2025
2035
2016
1972
1976
1946
1937
1970
1947
1950
1939
1892
1858
1813
1789
1793
1792
1816
1827
1833
1804
1739
1686
1671
1665
1674
1662
1614
1587
1570
1550
1535
1523
1527
1515
1501
1488
1469
1461
1450
1404
1373
1329
1300
1274
1264
1227
1201
1174
1155
1122
1088
1084
1082
1064
1045
1043
1043
1032
1037
1039
992
1002
977
967
966
960
944
935
915
916
888
892
881
869
849
838
804
801
786
760
760
753
754
700
695
669
648
621
592
550
559
566
551
526
512
518
516
492
483
468
451
442
438
435
433
438
424
418
412
401
365
358
347
336
316
310
308
308
311
297
288
269
283
275
280
280
272
269
263
264
277
254
257
249
243
233
227
225
207
211
208
197
189
181
166
164
159
150
137
136
127
127
121
117
112
106
107
107
106
101
105
113
108
105
105
104
102
96
99
94
88
81
83
84
81
82
93
100
97
97
90
83
84
86
85
82
79
75
75
65
64
66
59
56
