1000
1145
1312
1482
1661
1882
2076
2300
2474
2639
2782
2936
3059
3111
3140
3141
3092
3043
2952
2839
2726
2584
2404
2241
2099
1922
1757
1616
1476
1338
1222
1081
971
854
741
678
586
523
455
400
356
314
288
263
244
212
191
162
157
143
139
127
116
103
86
76
68
59
50
51
47
47
47
47
48
41
33
33
30
23
25
22
27
28
29
28
24
23
24
23
20
19
18
21
18
17
14
14
14
12
12
12
11
13
12
10
10
11
12
11
14
14
15
14
16
17
18
20
24
26
25
28
27
29
35
37
39
35
34
36
38
35
34
37
38
38
38
44
41
40
42
45
50
48
45
46
43
44
40
43
42
44
41
42
42
38
37
38
38
29
33
27
24
24
27
25
20
18
19
22
22
20
17
15
18
21
24
26
31
29
28
28
28
29
28
26
31
33
34
35
32
32
34
37
36
38
38
41
42
43
45
48
49
48
46
46
46
54
46
48
55
55
48
53
51
58
61
59
60
59
57
60
70
77
74
72
71
75
70
67
62
63
64
69
71
79
80
85
90
95
96
106
108
117
130
126
127
130
117
119
112
111
115
115
115
119
120
121
116
116
111
112
115
117
131
131
130
138
143
147
147
145
149
150
153
158
151
153
157
157
160
172
168
166
174
190
195
209
202
198
194
201
197
202
224
237
248
261
267
273
268
267
274
287
278
291
285
281
276
282
290
294
296
297
294
286
285
291
300
308
301
298
298
300
285
310
324
317
333
340
347
358
378
368
373
381
373
395
387
397
407
407
414
415
412
413
447
456
477
490
482
502
492
505
522
513
506
520
525
510
497
501
515
521
519
536
548
529
550
560
563
560
576
566
567
575
580
581
566
569
579
591
586
588
616
637
657
652
647
652
656
650
644
622
628
629
625
624
632
651
660
692
713
684
693
687
665
651
677
682
679
694
696
662
668
689
706
699
702
712
712
734
718
729
732
699
719
725
730
712
709
696
672
675
686
676
690
713
731
723
717
721
721
739
744
745
741
755
745
738
726
697
696
683
695
697
699
689
687
673
687
670
672
648
660
631
638
639
625
603
604
594
590
592
580
567
566
557
551
544
529
518
508
492
489
459
463
446
431
427
426
417
395
382
382
367
359
357
345
316
306
306
295
285
281
283
287
273
273
270
243
234
236
242
241
230
227
209
211
208
213
209
200
193
189
176
167
160
165
159
157
154
149
144
138
133
131
133
143
143
147
141
145
142
139
136
138
127
130
136
140
132
128
115
115
109
111
110
104
108
106
107
106
105
98
103
92
76
79
72
68
70
69
65
61
62
68
69
59
62
63
57
51
53
50
45
37
35
36
35
37
37
37
32
29
28
25
23
25
25
23
22
23
25
25
25
25
24
25
25
24
