0	0
0.1	0.6
0.2	3.5
0.3	8.1
0.4	14.3
0.5	22.6
0.6	30.7
0.7	43.6
0.8	57.2
0.9	70.8
1	84.3
1.1	99.5
1.2	110.6
1.3	121.9
1.4	137.6
1.5	150.7
1.6	164
1.7	176.9
1.8	190.3
1.9	203.5
2	217.5
2.1	232.4
2.2	245.7
2.3	260.3
2.4	274.5
2.5	288.4
2.6	301.8
2.7	315.1
2.8	329.1
2.9	340
3	355.1
3.1	370.2
3.2	381.1
3.3	395.8
3.4	408.4
3.5	421.1
3.6	434.2
3.7	447.2
3.8	462.2
3.9	476.7
4	491.3
4.1	505.3
4.2	518.1
4.3	530.9
4.4	544.3
4.5	555.2
4.6	566.1
4.7	577.5
4.8	591.1
4.9	605.4
5	617.5
5.1	628.3
5.2	640.7
5.3	652
5.4	664.6
5.5	676.7
5.6	687
5.7	698.8
5.8	713.3
5.9	726
6	737.8
6.1	750
6.2	762.5
6.3	771.9
6.4	784.5
6.5	796.6
6.6	805.8
6.7	816.3
6.8	827.6
6.9	839.2
7	851.7
7.1	862.4
7.2	873.9
7.3	886.9
7.4	899.8
7.5	912.6
7.6	924.1
7.7	934.2
7.8	946.3
7.9	955.6
8	966.1
8.1	975.7
8.2	985.7
8.3	996.7
8.4	1005.6
8.5	1015
8.6	1027.7
8.7	1037
8.8	1047.3
8.9	1057.3
9	1066.3
9.1	1076.5
9.2	1089.4
9.3	1100.2
9.4	1109.4
9.5	1118.6
9.6	1128.9
9.7	1139.9
9.8	1152.1
9.9	1163.1
10	1172.4
10.1	1181.4
10.2	1187.4
10.3	1196.9
10.4	1205.9
10.5	1215
10.6	1222.8
10.7	1232.7
10.8	1241.2
10.9	1252.4
11	1262.1
11.1	1270.3
11.2	1282.7
11.3	1290.1
11.4	1299.5
11.5	1308.9
11.6	1319
11.7	1325.9
11.8	1334
11.9	1343.2
12	1352.6
12.1	1360.6
12.2	1371.1
12.3	1379.3
12.4	1392
12.5	1397.9
12.6	1404.9
12.7	1412.3
12.8	1421.4
12.9	1428.2
13	1437.5
13.1	1445.6
13.2	1454.5
13.3	1461.1
13.4	1467.6
13.5	1474.7
13.6	1483.5
13.7	1491.2
13.8	1500.6
13.9	1507.8
14	1517.1
14.1	1524.4
14.2	1531.7
14.3	1537.8
14.4	1543.8
14.5	1552.2
14.6	1561.9
14.7	1570.9
14.8	1577.6
14.9	1583.3
15	1590
15.1	1597.1
15.2	1602.8
15.3	1609.5
15.4	1617
15.5	1625.3
15.6	1632.3
15.7	1641.6
15.8	1649.2
15.9	1656.9
16	1664.2
16.1	1670.9
16.2	1674
16.3	1677.6
16.4	1683.2
16.5	1689
16.6	1695.6
16.7	1702.7
16.8	1707.6
16.9	1715.5
17	1720.3
17.1	1729
17.2	1737
17.3	1744.1
17.4	1748.8
17.5	1756.4
17.6	1761.8
17.7	1769.2
17.8	1775.8
17.9	1781.1
18	1783.9
18.1	1792.6
18.2	1796.9
18.3	1800.9
18.4	1806.3
18.5	1813.5
18.6	1819
18.7	1825.1
18.8	1831.8
18.9	1837
19	1845.1
19.1	1851.3
19.2	1857.4
19.3	1863.8
19.4	1868.9
19.5	1872
19.6	1874.9
19.7	1881.7
19.8	1888.4
19.9	1892.5
20	1900.7
20.1	1907.5
20.2	1912.4
20.3	1916.7
20.4	1921.7
20.5	1925.1
20.6	1930.5
20.7	1936.2
20.8	1940.8
20.9	1943.4
21	1947.4
21.1	1951.6
21.2	1956.9
21.3	1963.3
21.4	1967.7
21.5	1972.4
21.6	1977.6
21.7	1982.6
21.8	1988.2
21.9	1993.7
22	1999.6
22.1	2005.9
22.2	2010.2
22.3	2015.7
22.4	2019.9
22.5	2023.5
22.6	2026
22.7	2030.9
22.8	2034.2
22.9	2038.7
23	2044.8
23.1	2047.9
23.2	2052.4
23.3	2054.9
23.4	2059.7
23.5	2064.7
23.6	2070.7
23.7	2076.5
23.8	2081.2
23.9	2084.6
24	2086.5
24.1	2092.4
24.2	2096.1
24.3	2100.2
24.4	2104.5
24.5	2108.9
24.6	2112.2
24.7	2117.1
24.8	2122
24.9	2128.6
25	2134.4
25.1	2136.1
25.2	2142.1
25.3	2146.8
25.4	2151.5
25.5	2155.3
25.6	2160.9
25.7	2163.9
25.8	2166.8
25.9	2170.6
26	2175.4
26.1	2180.5
26.2	2182.9
26.3	2184.3
26.4	2186.6
26.5	2193
26.6	2197.4
26.7	2202.3
26.8	2204.7
26.9	2210.2
27	2214
27.1	2217.6
27.2	2221.9
27.3	2224.9
27.4	2228.9
27.5	2233.2
27.6	2236.8
27.7	2241.6
27.8	2243.5
27.9	2245.7
28	2248.4
28.1	2253.7
28.2	2257.4
28.3	2259.6
28.4	2265.2
28.5	2265.7
28.6	2269.6
28.7	2273.6
28.8	2276.6
28.9	2280.8
29	2286.7
29.1	2289.9
29.2	2291.2
29.3	2293.7
29.4	2297.7
29.5	2301.2
29.6	2307
29.7	2306.4
29.8	2308.6
29.9	2310.9
30	2312.7
30.1	2316.4
30.2	2321.6
30.3	2325
30.4	2330.2
30.5	2334.4
30.6	2337.9
30.7	2339.5
30.8	2341.9
30.9	2344.7
31	2348.5
31.1	2349.8
31.2	2353.2
31.3	2355.9
31.4	2358.8
31.5	2360.9
31.6	2362.2
31.7	2365.9
31.8	2369
31.9	2372.4
32	2378.2
32.1	2381.4
32.2	2384
32.3	2387.4
32.4	2389.6
32.5	2393.4
32.6	2398.5
32.7	2402.5
32.8	2404.7
32.9	2408
33	2411.9
33.1	2415.3
33.2	2417.8
33.3	2420
33.4	2422.9
33.5	2425.6
33.6	2428.7
33.7	2427.5
33.8	2429.6
33.9	2431.8
34	2436.8
34.1	2437.3
34.2	2440.3
34.3	2442.3
34.4	2446
34.5	2450
34.6	2453.8
34.7	2455
34.8	2457.5
34.9	2459.8
35	2462.1
35.1	2466.9
35.2	2471.6
35.3	2474.1
35.4	2475.7
35.5	2478.1
35.6	2479.6
35.7	2481.8
35.8	2483
35.9	2485.3
36	2485.3
36.1	2484
36.2	2486.1
36.3	2488.5
36.4	2490.7
36.5	2490.6
36.6	2492
36.7	2493.9
36.8	2495.5
36.9	2495.9
37	2495.8
37.1	2497.3
37.2	2498.1
37.3	2498.8
37.4	2499.7
37.5	2501.4
37.6	2504.4
37.7	2504
37.8	2503
37.9	2504.2
38	2504.4
38.1	2503.3
38.2	2502.5
38.3	2501.9
38.4	2500.3
38.5	2504.1
38.6	2504.3
38.7	2504.2
38.8	2506.7
38.9	2507.4
39	2508.3
39.1	2508.1
39.2	2506.9
39.3	2506.4
39.4	2505.6
39.5	2504.8
39.6	2504.8
39.7	2503.7
39.8	2500.3
39.9	2502.7
40	2500
