959909
921588
884354
848170
813527
780276
747996
717110
687673
659115
631475
605053
579607
555477
532316
510239
489007
468502
448751
430160
411833
394301
377474
361788
346774
332141
317974
304605
291790
279370
267856
256683
245747
235404
225637
216339
207417
198787
190573
182592
174896
167565
160603
153765
147576
141578
135711
130204
124776
119549
114661
109992
105636
101318
97187
93325
89569
85874
82311
78966
75810
72828
70014
67220
64461
61883
59445
57116
54885
52729
50785
48888
47100
45357
43576
41942
40385
38794
37332
35980
34723
33473
32308
31141
29993
28948
27900
26846
25908
25031
24135
23387
22605
21931
21231
20549
19927
19379
18829
18231
17622
17077
16543
16101
15594
15127
14719
14334
13983
13605
13228
12875
12566
12315
11984
11668
11411
11132
10912
10664
10455
10268
10058
9865
9713
9550
9412
9274
9116
8996
8873
8735
8614
8494
8350
8197
8059
7946
7834
7770
7667
7601
7510
7458
7411
7364
7301
7231
7170
7134
7097
7012
6921
6868
6813
6760
6673
6622
6550
6507
6503
6483
6412
6334
6330
6325
6282
6273
6254
6246
6240
6197
6165
6109
6076
6040
6039
6049
6034
6019
5973
5957
5917
5918
5939
5968
5976
5958
5912
5914
5902
5913
5913
5907
5927
5933
5919
5948
5908
5927
5909
5882
5866
5879
5865
5871
5828
5857
5847
5821
5788
5765
5732
5756
5759
5752
5726
5707
5708
5696
5696
5663
5646
5640
5661
5654
5661
5674
5682
5705
5675
5660
5622
5649
5649
5671
5703
5702
5704
5688
5723
5740
5721
5693
5682
5657
5666
5662
5628
5618
5601
5603
5620
5616
5583
5582
5566
5588
5587
5569
5561
5534
5534
5553
5584
5590
5600
5614
5628
5649
5628
5600
5607
5603
5596
5583
5601
5596
5584
5594
5589
5599
5571
5579
5584
5573
5570
5543
5566
5567
5565
5580
5587
5619
5618
5591
5564
5557
5583
5566
5537
5563
5571
5580
5583
5639
5654
5669
5674
5682
5737
5768
5801
5797
5841
5879
5898
5894
5897
5890
5868
5868
5888
5913
5911
5939
5923
5915
5926
5913
5910
5908
5952
5993
6040
6058
6060
6068
6088
6131
6157
6194
6226
6218
6243
6315
6344
6426
6448
6512
6539
6570
6604
6664
6691
6730
6772
6805
6812
6848
6909
6971
7040
7095
7101
7159
7226
7292
7341
7391
7444
7497
7589
7687
7796
7923
8038
8144
8257
8371
8438
8537
8644
8799
8877
9015
9124
9230
9395
9529
9660
9797
9973
10125
10287
10439
10618
10758
10944
11095
