960082
921589
884432
848326
813624
780300
747973
716900
687042
658628
630945
604530
579341
554946
531402
508830
487519
466800
447122
428243
410166
392606
376035
360051
344691
330147
316429
302995
289993
277561
265715
254660
243648
233457
223755
214241
205124
196421
188318
180383
172916
165737
158762
152076
145919
139777
134032
128453
123192
118114
113191
108539
104105
99715
95658
91878
88028
84447
80995
77723
74660
71565
68573
65717
63060
60567
58198
55903
53694
51555
49636
47716
45864
44128
42426
40833
39309
37873
36547
35175
33928
32694
31483
30363
29296
28237
27274
26308
25407
24512
23628
22879
22171
21448
20767
20104
19474
18882
18273
17700
17145
16619
16143
15710
15275
14850
14492
14126
13820
13492
13209
12913
12601
12257
11951
11697
11422
11137
10885
10670
10455
10226
10053
9889
9740
9578
9411
9235
9104
8934
8768
8647
8534
8442
8289
8178
8055
7993
7894
7794
7706
7592
7517
7454
7402
7344
7265
7214
7060
6965
6919
6886
6867
6855
6799
6794
6737
6677
6607
6566
6511
6469
6432
6403
6318
6268
6238
6240
6211
6198
6136
6101
6081
6057
6062
6028
6018
5975
5994
6011
5957
5930
5898
5859
5906
5883
5842
5866
5877
5877
5855
5820
5797
5825
5826
5838
5821
5799
5816
5816
5829
5848
5826
5832
5826
5814
5773
5763
5762
5744
5754
5775
5767
5771
5751
5800
5802
5821
5756
5747
5743
5771
5760
5790
5797
5809
5816
5779
5806
5795
5747
5740
5738
5764
5817
5831
5828
5813
5812
5809
5785
5781
5766
5741
5730
5775
5780
5805
5806
5789
5779
5796
5773
5775
5749
5769
5766
5761
5772
5791
5745
5684
5685
5712
5737
5752
5745
5749
5737
5739
5727
5742
5765
5752
5754
5754
5733
5755
5784
5787
5797
5782
5752
5774
5819
5840
5844
5837
5858
5872
5876
5878
5860
5875
5868
5894
5908
5927
5946
5943
5922
5925
5891
5908
5922
5923
5957
5957
5983
6018
6032
6044
6072
6083
6086
6081
6102
6124
6126
6160
6164
6171
6166
6202
6200
6223
6254
6300
6339
6398
6415
6458
6530
6565
6623
6645
6737
6799
6867
6912
6982
7022
7067
7215
7315
7397
7459
7570
7650
7776
7855
7923
7995
8094
8256
8410
8559
8677
8831
8995
9149
9304
9491
9659
9864
10047
10256
10416
10534
10697
10858
11047
11145
11281
11478
11694
11896
12107
12343
12567
12797
13044
13305
13541
13828
14053
14298
14589
14849
15087
15333
15564
15825
16060
16284
16510
16758
17007
17241
17481
