7749
22525
33056
41210
47429
52356
56698
60011
62714
64946
66990
68547
69599
70497
71542
72205
72889
73567
73820
73845
74000
74230
74405
74548
74591
74534
74454
74383
74467
74587
74532
74449
74510
74370
74451
74516
74474
74583
74828
74550
74371
74644
74476
74283
74096
73932
73828
74385
74635
74505
74497
74650
74946
74592
74468
74353
74285
74535
74432
73990
74304
74304
74274
74295
74429
74191
74166
74113
74110
73983
74099
74339
74314
74172
74026
74251
74165
74148
73836
73718
73332
73357
73297
73204
73428
73747
73656
73764
73460
73377
73056
73006
73075
72958
73268
73140
73243
73006
73109
72821
72955
72578
72592
72399
72395
72530
72367
71994
72022
72163
72194
72170
71894
71591
71279
71217
71052
70871
70901
70952
70603
70259
70185
70167
69969
69918
69717
69548
69572
69354
69453
69415
69376
69326
68987
69125
68978
68693
68694
68336
68116
68028
67698
67733
67494
67568
67320
67333
67298
66952
66697
66676
66771
66810
66437
66217
66370
66121
65971
65912
65817
65617
65556
65557
65505
65519
65509
65205
65180
65156
64946
64742
64841
64586
64541
64496
64486
64348
64338
64052
64043
64219
64287
64395
64393
64350
64200
63983
63717
63646
63971
63779
63464
63307
63512
63339
63568
63428
63348
63333
63452
63343
63222
63167
63061
63304
63298
63452
63560
63316
63009
63139
63262
63288
63008
63068
62984
63016
63056
63236
63055
63151
63108
63141
63291
63321
63087
62960
63059
63257
63304
63253
63187
63084
62946
62849
62719
62510
62541
62498
62407
62638
62684
62786
63034
63088
63269
63227
63319
63155
63094
63134
62895
62708
62869
62922
62989
63354
63539
63630
63417
63526
63597
63368
63144
63031
62961
62802
62706
62639
62673
62855
62779
63029
62875
62693
62758
62802
62807
62818
62744
62720
62895
63020
62857
62798
62963
62981
63046
63054
62942
62854
62491
62439
62222
62282
62373
62580
62569
62844
62845
62812
62876
62784
62762
62797
62773
62906
62811
62968
63086
62980
62978
63129
62785
62450
62317
62256
62370
62384
62515
62703
62582
62674
62608
62650
62616
62692
62929
62979
62716
62779
62580
62393
62397
62221
62282
62213
62136
62227
62053
62044
62082
61847
61517
61509
61456
61100
60978
60806
61028
61058
61067
60832
61019
60914
60967
61032
60964
61042
60966
60800
60415
60414
60491
60465
60442
60425
60431
60592
60562
60518
60285
60161
59798
59600
59303
58880
58866
58600
58517
58440
58542
58466
58433
58231
58285
58039
57773
57899
57726
57473
57011
56815
56395
55665
55143
54533
54173
53807
