0
0
0
0
0
0
0
0
0
0
0
1
2
3
5
5
8
9
12
14
15
17
20
20
18
24
26
27
27
31
32
36
39
39
43
46
49
48
47
49
49
49
48
47
49
49
49
49
51
51
55
57
59
60
59
59
62
65
63
63
64
64
67
65
64
63
63
62
64
64
64
66
67
70
69
69
69
69
67
65
66
67
64
64
65
64
63
62
62
64
65
65
64
62
60
58
55
56
53
52
53
51
51
52
52
53
54
52
50
49
50
50
49
48
49
51
49
48
47
47
48
49
47
47
46
46
46
46
45
42
44
44
44
44
43
41
40
39
39
39
38
36
37
36
35
34
34
34
34
32
31
31
30
30
31
31
30
29
27
27
26
24
21
21
21
21
21
21
21
22
22
22
20
20
20
20
19
18
17
17
17
17
17
16
15
15
13
13
12
12
12
12
12
12
13
12
12
12
13
14
14
14
14
13
13
13
13
13
13
13
13
11
11
10
10
10
11
12
11
11
11
12
11
11
10
10
10
8
7
6
6
6
6
8
8
8
8
8
8
9
9
9
9
9
10
9
9
9
11
11
11
11
11
11
11
10
10
9
10
10
10
10
10
10
10
10
10
10
10
10
10
10
10
11
12
13
13
13
13
11
10
11
11
10
10
10
9
9
8
7
8
8
8
9
10
11
11
11
11
11
11
10
10
10
10
10
10
10
10
10
10
10
10
10
10
10
10
9
9
9
9
9
9
9
9
9
10
10
10
9
10
10
10
10
10
10
10
11
11
11
11
11
11
11
11
12
11
11
10
10
10
10
10
10
10
10
9
8
7
7
6
7
7
7
8
9
9
9
9
8
10
10
10
10
10
10
11
11
11
11
11
11
11
11
11
11
9
9
9
9
9
9
9
9
9
9
9
9
9
9
