0
0
2
6
11
17
28
40
49
63
69
81
91
99
115
121
128
129
138
143
151
153
161
161
161
165
172
177
179
178
178
185
185
188
198
203
206
209
210
218
217
227
226
227
232
239
248
254
259
260
260
260
272
274
269
270
277
277
283
286
293
295
291
292
288
287
285
286
277
277
272
266
268
269
269
270
268
264
264
261
264
266
267
264
264
260
258
255
251
250
249
252
253
248
245
249
245
245
245
244
241
241
244
242
243
240
240
241
241
244
252
252
250
250
249
244
242
237
233
231
234
234
230
229
223
225
218
214
214
216
217
211
210
212
208
201
203
201
203
201
197
198
196
194
185
187
188
187
185
184
184
180
176
172
170
168
166
168
169
167
169
169
168
166
164
162
162
159
160
160
157
157
154
154
158
157
162
160
158
158
159
160
162
157
157
154
151
149
144
147
150
146
145
149
149
148
145
143
143
147
149
153
157
159
161
163
163
156
155
153
155
156
156
157
158
159
153
154
154
154
154
150
150
147
144
150
147
149
152
154
154
154
160
156
156
158
153
154
158
158
157
154
151
155
154
152
154
151
153
158
156
162
163
165
162
159
163
160
160
160
161
160
153
152
150
157
162
158
166
164
161
163
160
163
159
159
162
162
167
172
172
174
170
173
178
173
179
183
183
182
184
188
193
194
193
198
198
205
209
206
205
208
203
205
206
210
212
211
213
212
214
216
217
223
219
222
219
220
217
219
214
211
212
205
207
207
206
202
203
203
205
209
213
211
209
212
211
212
210
208
212
212
215
215
213
218
211
210
208
207
212
212
219
216
213
210
214
211
208
213
210
214
214
211
205
211
212
212
206
206
200
194
191
192
188
188
190
186
191
194
191
192
194
193
191
186
188
185
185
190
191
186
184
184
181
176
173
173
166
167
