0
2
3
5
9
14
20
29
38
48
52
64
72
79
88
101
112
117
127
133
138
138
144
152
159
160
166
175
173
184
193
193
199
210
214
223
226
228
235
245
250
254
260
257
259
261
260
257
256
259
260
252
257
260
261
263
263
264
271
276
279
283
284
280
282
285
284
293
294
294
293
295
290
297
288
279
284
281
281
288
285
283
281
286
285
287
285
286
283
279
271
276
275
269
268
271
270
273
275
268
264
265
268
272
278
278
272
273
267
271
268
271
269
264
262
264
264
252
244
234
234
234
231
229
228
231
229
227
227
226
222
218
222
220
218
216
215
212
214
219
210
209
204
207
206
206
206
210
206
199
198
203
200
199
194
191
184
189
189
188
184
180
180
180
177
176
177
174
175
170
169
164
168
161
158
153
150
149
147
144
142
140
140
140
144
145
144
148
150
151
148
146
148
149
147
150
154
155
149
151
154
154
155
160
160
163
162
165
165
165
164
163
160
163
169
166
167
164
167
168
171
172
173
172
170
169
170
174
173
176
173
177
179
174
175
175
176
177
173
171
170
174
174
173
169
171
173
170
168
166
166
167
166
167
163
164
162
163
162
161
165
161
161
162
166
162
162
162
166
167
165
168
170
166
166
170
169
172
173
174
174
165
170
168
170
172
177
184
177
181
177
180
176
179
181
185
185
186
193
196
191
190
187
189
191
191
192
192
191
191
189
190
192
192
189
187
186
186
188
192
198
198
195
198
198
198
201
202
203
199
198
199
199
203
204
204
198
194
197
200
205
198
205
203
204
203
198
201
201
195
195
195
186
184
190
190
192
194
189
186
185
189
192
194
191
193
191
188
193
191
191
193
192
187
188
189
183
182
181
180
177
174
176
178
175
170
168
169
167
168
164
168
169
165
166
165
167
162
158
157
