556
616
690
773
845
943
1045
1155
1257
1373
1527
1649
1783
1953
2109
2316
2472
2612
2823
3035
3237
3443
3700
3904
4150
4396
4658
4880
5128
5411
5672
5887
6146
6403
6616
6887
7154
7444
7735
8026
8315
8623
8844
9175
9418
9725
10073
10434
10744
11065
11401
11768
12117
12509
12767
13073
13304
13580
13837
13994
14254
14499
14710
14943
15137
15340
15478
15684
15867
16023
16285
16519
16782
16832
17110
17270
17309
17414
17536
17758
17861
18019
18112
18264
18367
18453
18572
18691
18680
18725
18766
18780
18835
18941
18999
19033
19085
19055
19031
19082
19130
19142
19144
19198
19033
19016
19121
19161
19201
19193
19102
19208
19225
19308
19401
19445
19478
19521
19613
19694
19890
19954
20136
20147
20137
20119
20084
19959
19889
19877
19931
19811
19858
19869
19716
19676
19499
19569
19447
19366
19206
19091
19120
18977
18892
18815
18752
18745
18608
18467
18300
18188
18167
17983
17924
17897
17885
17839
17818
17557
17392
17318
17145
17099
17084
16966
16838
16750
16675
16502
16479
16370
16373
16254
16197
16003
15883
15731
15521
15278
15074
14995
14826
14708
14480
14235
14053
13897
13612
13412
13169
13021
12794
12569
12390
12170
12028
11899
11617
11498
11258
11026
10761
10648
10538
10366
10224
10019
9844
9762
9645
9544
9335
9240
9083
8888
8761
8670
8545
8393
8321
8170
8021
7889
7779
7624
7444
7310
7135
7025
6858
6700
6561
6417
6301
6149
5964
5824
5697
5602
5504
5382
5214
5083
4939
4802
4678
4610
4555
4436
4267
4120
3982
3914
3794
3681
3555
3430
3350
3235
3117
3061
3002
2917
2804
2677
2608
2526
2470
2371
2306
2228
2187
2113
2053
2018
1971
1901
1833
1761
1706
1596
1527
1450
1406
1364
1330
1263
1233
1169
1134
1105
1061
1010
986
968
905
852
804
781
766
734
682
657
624
596
565
554
515
488
453
433
407
368
346
337
313
295
285
275
266
266
246
220
210
199
192
192
186
168
156
154
145
139
137
120
112
114
106
97
90
81
85
77
76
74
72
79
88
76
66
65
62
60
63
61
53
44
41
34
33
34
30
30
28
27
22
23
20
21
18
18
16
15
10
11
8
8
9
8
6
4
3
2
1
1
1
1
1
2
2
2
2
3
3
3
3
3
3
2
