0
3
14
24
36
49
55
64
74
87
102
113
132
150
167
184
196
212
228
238
250
263
278
292
308
320
337
347
358
369
383
402
416
430
439
453
467
486
493
507
516
530
537
545
555
569
578
589
597
607
623
635
642
656
669
684
701
710
729
742
755
769
789
804
813
829
834
840
846
854
867
882
899
909
921
935
950
956
964
974
980
988
999
1017
1028
1032
1045
1055
1065
1076
1086
1099
1109
1122
1138
1154
1163
1184
1199
1210
1220
1227
1236
1250
1260
1274
1282
1289
1298
1302
1310
1318
1324
1335
1353
1359
1365
1373
1387
1392
1406
1409
1420
1442
1458
1471
1476
1482
1489
1495
1493
1501
1514
1524
1527
1530
1538
1546
1548
1552
1561
1562
1572
1565
1573
1575
1583
1591
1595
1601
1603
1605
1608
1607
1620
1621
1622
1634
1644
1648
1660
1667
1668
1680
1688
1694
1698
1704
1721
1729
1741
1747
1760
1764
1770
1771
1775
1792
1793
1804
1803
1802
1802
1812
1813
1829
1840
1848
1857
1866
1875
1883
1891
1898
1900
1910
1910
1914
1912
1913
1917
1926
1927
1929
1925
1928
1929
1936
1936
1939
1938
1947
1952
1959
1969
1977
1988
1996
2000
2004
2013
2022
2034
2040
2049
2050
2057
2057
2059
2058
2067
2070
2072
2073
2077
2082
2085
2100
2107
2117
2121
2119
2126
2139
2144
2147
2156
2160
2161
2162
2167
2169
2171
2184
2190
2190
2190
2196
2206
2204
2210
2219
2223
2222
2229
2227
2224
2218
2215
2221
2226
2222
2226
2231
2240
2240
2245
2255
2260
2270
2279
2282
2289
2285
2288
2290
2296
2300
2313
2319
2324
2325
2335
2340
2342
2348
2354
2355
2352
2351
2350
2346
2346
2344
2344
2354
2357
2355
2365
2361
2361
2363
2369
2367
2374
2382
2389
2396
2398
2399
2406
2403
2405
2408
2413
2423
2432
2433
2436
2443
2451
2456
2455
2464
2465
2465
2470
2466
2469
2473
2476
2483
2490
2493
2494
2489
2495
2489
2494
2502
2514
2515
2509
2508
2508
2515
2516
2521
2522
2516
2517
2516
2519
2528
2533
2537
2534
2534
2534
2529
2537
2540
2539
2538
2534
2535
2538
2533
2533
2523
2522
2522
2531
2540
2536
2534
2527
2526
2529
2539
2535
2539
2538
2536
2538
2539
2535
2535
2531
2527
2524
2524
2521
2519
2514
2515
2508
2508
2505
2503
2499
2495
2489
2486
2481
2477
2467
2464
2462
2460
2464
2463
2451
2443
2441
2436
2433
2430
2419
2411
2409
2399
2392
2378
2369
2367
2360
2356
2347
2342
2338
2335
2327
2320
2309
2304
2297
2295
2289
2276
2269
2261
2255
2242
2236
2224
2219
2212
2205
2197
2185
2179
2175
2164
2158
2153
2145
2136
2131
2122
2111
2103
2094
2087
2081
2073
2057
2049
2038
2029
2016
2006
1993
1983
1975
1963
1953
1943
1933
1925
1918
1908
1902
1893
1883
1876
1870
1860
1854
1848
1836
1830
1823
1817
1805
1798
1790
1784
1780
1772
1771
1762
1752
1740
1734
1727
1715
1706
1699
1691
1684
1675
1664
1660
1651
1648
1640
1631
1625
1612
1602
1595
1590
1583
1577
1572
1564
1559
1554
1551
1546
1541
1536
1531
1517
1515
1509
1505
1500
1491
1485
1479
1472
1465
1459
1453
1443
1438
1429
1425
1423
1416
1411
1408
1404
1398
1393
1386
1383
1377
1368
1364
1359
1354
1351
1348
1343
1337
1335
1324
1319
1316
1311
1304
1303
1301
1295
1292
1288
1285
1281
1273
1265
1261
1254
1250
1245
1239
1230
1225
