0
2
8
11
24
30
38
55
67
84
97
114
132
144
155
169
176
187
201
212
231
243
248
256
275
292
306
325
332
342
357
377
386
404
419
434
449
463
483
502
515
522
532
547
555
566
580
595
612
618
632
640
656
669
675
693
705
722
734
748
752
764
773
782
795
811
823
837
859
871
879
883
893
901
911
925
939
946
949
957
968
977
989
996
1009
1018
1029
1038
1051
1067
1086
1099
1102
1116
1128
1139
1149
1162
1174
1180
1186
1193
1206
1214
1223
1234
1247
1256
1264
1271
1282
1285
1286
1302
1312
1320
1332
1339
1347
1355
1371
1381
1390
1399
1406
1418
1427
1436
1448
1454
1463
1469
1469
1479
1494
1497
1511
1522
1530
1538
1546
1549
1560
1560
1563
1566
1564
1568
1582
1592
1604
1621
1626
1632
1635
1648
1658
1677
1683
1695
1706
1715
1721
1726
1736
1745
1745
1750
1758
1768
1772
1776
1787
1795
1801
1812
1817
1820
1821
1831
1838
1841
1847
1857
1860
1862
1870
1881
1887
1890
1888
1900
1902
1899
1907
1912
1914
1911
1914
1916
1917
1925
1938
1947
1948
1945
1947
1960
1962
1965
1969
1972
1979
1984
1992
1998
2002
2008
2014
2018
2024
2026
2029
2032
2031
2036
2047
2055
2066
2078
2081
2088
2092
2093
2104
2105
2102
2108
2114
2115
2117
2123
2122
2120
2127
2124
2124
2123
2122
2125
2123
2125
2121
2126
2131
2130
2127
2129
2132
2138
2140
2140
2149
2151
2158
2156
2165
2166
2175
2176
2192
2190
2191
2199
2208
2215
2211
2218
2227
2229
2236
2243
2252
2257
2268
2272
2266
2269
2270
2268
2263
2270
2275
2277
2276
2278
2282
2284
2288
2298
2303
2299
2299
2312
2319
2317
2318
2326
2320
2323
2329
2325
2335
2337
2337
2341
2346
2354
2357
2351
2350
2346
2346
2344
2349
2349
2351
2358
2366
2374
2384
2385
2387
2388
2380
2383
2383
2384
2388
2394
2394
2394
2401
2410
2417
2424
2423
2437
2437
2447
2455
2458
2464
2465
2462
2467
2470
2469
2467
2478
2474
2476
2470
2471
2476
2479
2481
2484
2487
2496
2500
2507
2513
2513
2512
2515
2518
2518
2517
2512
2517
2521
2523
2529
2538
2529
2533
2533
2534
2531
2534
2549
2548
2546
2548
2552
2554
2552
2555
2556
2561
2565
2563
2569
2566
2567
2567
2576
2579
2585
2579
2571
2570
2565
2564
2557
2563
2560
2563
2560
2550
2546
2548
2550
2541
2538
2531
2531
2533
2526
2519
2514
2511
2508
2505
2499
2496
2493
2483
2481
2475
2467
2463
2458
2454
2452
2446
2433
2426
2420
2410
2392
2389
2379
2378
2372
2366
2358
2353
2350
2345
2340
2334
2325
2320
2311
2305
2298
2294
2283
2274
2265
2256
2245
2236
2225
2221
2218
2216
2214
2203
2194
2186
2182
2172
2163
2157
2151
2147
2137
2131
2122
2111
2107
2098
2092
2084
2076
2065
2058
2046
2041
2027
2022
2016
2010
2005
1996
1991
1978
1969
1962
1953
1947
1941
1932
1922
1917
1908
1904
1897
1887
1884
1878
1866
1854
1845
1838
1830
1823
1815
1807
1804
1799
1795
1789
1782
1774
1765
1756
1747
1738
1737
1732
1724
1716
1711
1701
1692
1684
1680
1672
1665
1661
1655
1647
1638
1630
1622
1615
1611
1604
1600
1597
1594
1589
1587
1584
1576
1566
1558
1548
1540
1531
1521
1515
1510
1507
1501
1495
1488
1481
1475
1474
1471
1467
1460
1458
1450
1444
1435
1435
1430
1426
1421
1418
1415
1412
1407
1397
