1
10
22
32
44
51
58
73
83
91
110
120
130
145
161
174
187
200
212
227
233
247
256
268
279
291
301
313
325
341
351
366
380
395
413
432
443
450
465
480
495
505
525
542
558
572
585
595
600
621
633
645
661
678
678
685
701
708
717
722
728
737
750
766
778
793
807
817
832
843
856
871
888
896
902
915
931
940
953
963
968
980
986
990
998
1015
1031
1039
1049
1064
1073
1086
1097
1109
1119
1131
1135
1145
1141
1151
1158
1170
1183
1196
1197
1205
1208
1220
1232
1246
1255
1258
1263
1274
1290
1295
1302
1309
1312
1332
1333
1339
1349
1362
1375
1387
1397
1408
1411
1415
1423
1434
1430
1438
1449
1464
1477
1484
1489
1487
1500
1504
1510
1514
1522
1528
1537
1544
1551
1560
1562
1577
1579
1589
1598
1603
1616
1631
1636
1646
1670
1676
1688
1695
1699
1712
1720
1724
1732
1734
1739
1744
1746
1749
1755
1760
1770
1775
1779
1782
1791
1796
1794
1801
1802
1806
1814
1820
1813
1822
1835
1840
1847
1856
1865
1867
1870
1870
1874
1877
1884
1883
1888
1894
1900
1904
1912
1916
1925
1928
1932
1932
1935
1939
1944
1949
1953
1956
1962
1968
1973
1974
1981
1985
1987
1999
2002
2010
2010
2018
2023
2029
2030
2045
2047
2054
2059
2059
2058
2058
2068
2077
2085
2087
2090
2103
2110
2107
2118
2118
2125
2130
2137
2136
2145
2151
2156
2167
2166
2172
2181
2187
2191
2192
2196
2202
2202
2197
2205
2212
2219
2230
2236
2242
2252
2249
2251
2259
2267
2274
2274
2274
2291
2292
2298
2305
2306
2315
2328
2330
2332
2332
2339
2340
2346
2353
2360
2364
2364
2365
2372
2370
2370
2367
2367
2363
2366
2367
2365
2360
2372
2371
2371
2377
2375
2380
2388
2392
2391
2387
2386
2399
2411
2416
2425
2424
2428
2428
2432
2443
2439
2444
2445
2457
2462
2466
2470
2468
2468
2475
2484
2482
2480
2485
2486
2490
2495
2501
2511
2517
2532
2533
2536
2537
2529
2527
2533
2538
2544
2540
2542
2543
2543
2537
2542
2543
2551
2555
2554
2551
2553
2549
2551
2553
2549
2551
2546
2538
2535
2538
2538
2539
2542
2551
2545
2548
2554
2557
2559
2570
2575
2584
2582
2585
2590
2589
2595
2596
2600
2599
2604
2604
2601
2603
2613
2614
2619
2620
2617
2615
2611
2615
2622
2624
2627
2633
2638
2642
2640
2646
2644
2642
2641
2641
2643
2647
2651
2638
2636
2642
2645
2644
2658
2656
2654
2656
2665
2670
2672
2678
2677
2685
2685
2694
2685
2687
2683
2688
2693
2688
2687
2689
2693
2692
2693
2691
2691
2687
2691
2699
2707
2717
2711
2718
2722
2725
2727
2729
2729
2732
2740
2746
2754
2749
2748
2747
2751
2750
2751
2752
2751
2740
2731
2731
2733
2728
2730
2739
2747
2748
2750
2751
2751
2754
2755
2755
2755
2747
2749
2745
2735
2736
2732
2735
2739
2737
2733
2740
2738
2738
2737
2735
2729
2728
2728
2718
2717
2715
2713
2702
2700
2693
2686
2693
2689
2689
2685
2674
2668
2659
2655
2650
2650
2647
2649
2646
2646
2640
2630
2623
2616
2611
2609
2603
2600
2594
2587
2574
2566
2560
2553
2543
2541
2536
2528
2520
2513
2502
2492
2482
2473
2465
2454
2445
2433
2424
2416
2405
2399
2388
2381
2371
2362
2348
2338
2330
2326
2322
2310
2294
2287
2276
2273
2265
2259
2240
2229
2223
2215
2206
2202
2196
2190
2181
2177
2169
2157
2150
2142
2133
