960083
921270
883673
847474
812655
779477
747327
716395
686614
658154
630608
603982
578554
554482
531181
508804
487049
466466
446682
427708
409813
392647
375889
360204
344980
330232
316194
302939
290270
278044
266361
255317
244592
234269
224397
215148
206170
197594
189345
181497
173893
166644
159661
153068
146646
140674
134801
129200
123904
118796
113778
109115
104632
100252
96192
92331
88563
84991
81506
78307
75261
72272
69398
66632
64087
61559
59188
56831
54697
52504
50497
48529
46721
45070
43331
41739
40173
38698
37304
35962
34695
33359
32171
31028
29982
28871
27849
26829
25858
24937
24106
23340
22629
21915
21222
20544
19908
19283
18740
18161
17639
17086
16643
16152
15738
15304
14882
14483
14084
13695
13302
12992
12711
12440
12168
11858
11565
11355
11128
10887
10733
10491
10315
10111
9910
9745
9552
9398
9200
9075
8922
8735
8575
8454
8359
8261
8176
8046
7916
7825
7744
7686
7574
7504
7451
7380
7323
7282
7186
7123
7035
6962
6896
6821
6733
6701
6637
6647
6614
6548
6520
6484
6446
6402
6385
6335
6315
6272
6224
6190
6208
6150
6117
6115
6084
6075
6067
6037
6056
6018
6001
5969
5964
5969
5983
5985
5959
5956
5928
5918
5945
5923
5889
5855
5849
5819
5817
5772
5773
5789
5788
5726
5750
5734
5731
5725
5726
5728
5785
5783
5769
5765
5742
5742
5731
5721
5718
5725
5659
5688
5647
5664
5688
5707
5676
5657
5647
5655
5649
5700
5714
5719
5759
5746
5761
5712
5737
5714
5666
5662
5667
5662
5645
5668
5703
5678
5692
5715
5716
5722
5718
5750
5767
5761
5734
5731
5753
5768
5765
5763
5750
5745
5746
5743
5764
5745
5742
5739
5749
5743
5725
5752
5765
5750
5785
5791
5772
5796
5773
5808
5768
5782
5789
5771
5777
5831
5871
5867
5881
5891
5883
5922
5914
5945
5972
5986
6009
6029
6002
6014
5996
6013
6010
5999
6029
6049
6031
6055
6055
6075
6091
6112
6122
6126
6138
6188
6213
6247
6280
6288
6342
6377
6402
6464
6468
6515
6547
6598
6627
6659
6705
6776
6887
6911
6958
7038
7114
7200
7274
7361
7473
7560
7669
7779
7851
7952
8009
8098
8232
8353
8505
8663
8815
8983
9118
9287
9422
9609
9769
9961
10156
10307
10428
10643
10799
10899
11041
11167
11309
11407
11543
11659
11714
11817
11904
12000
12080
12233
12371
12519
12633
12778
12916
13064
13209
13334
13478
13626
13754
13913
14043
14219
14405
14609
14804
15034
15275
15523
15794
16017
16287
16537
16778
17008
17272
17511
17773
18034
18277
18530
18767
18990
19222
19471
19727
19971
20184
20437
20674
20910
21134
21374
21628
21860
22089
22310
22550
22811
23069
23286
23516
23757
24001
24252
24482
24747
24986
25231
25460
25703
25970
26213
26466
26709
26949
27171
27415
27684
27942
28192
28436
28683
28915
29136
29407
29648
29858
30136
30389
30618
30859
31128
31412
31646
31890
32150
32393
32639
32866
33100
33347
33596
33863
34109
34320
34575
34822
35046
35291
35553
35746
35991
36246
36497
36746
36989
37209
37476
37741
37956
38205
38464
38700
38960
39197
39433
39680
39904
40153
40394
40640
40888
41152
41399
41636
41852
42091
42306
42522
42783
43030
43277
43514
43763
43994
44243
44468
44697
44909
45146
45366
45609
45848
46098
46330
46559
46793
47049
47231
47460
47715
47952
48192
48427
48668
48903
49124
49356
49573
49809
50042
50261
50499
50753
51009
51262
51488
51743
51991
52205
52448
52691
52925
53167
53421
53647
53885
54111
54357
54583
54831
55060
55310
55522
55763
56009
56234
56484
56717
56940
57182
57398
57623
57849
58081
58272
58536
58753
58963
59215
59446
59682
59930
60150
60389
60613
60844
61076
61342
61571
61804
62033
62303
62516
62763
62999
63241
63475
63740
63971
