960075
921427
884198
847961
813338
779996
747814
717167
687551
659160
631857
605702
580223
556235
533118
510984
489377
468892
449183
430348
412307
394879
378326
362430
347153
332450
318466
305031
292186
279871
268020
256696
245944
235699
225783
216174
207061
198093
189689
181779
174268
166943
159934
153378
147097
141074
135243
129780
124344
119194
114418
109623
105205
101003
96907
92925
89210
85599
82233
78848
75742
72754
69849
67146
64528
62007
59582
57196
54998
52839
50768
48831
46944
45129
43430
41823
40202
38766
37398
36013
34689
33436
32140
31031
29964
28919
27892
26949
26057
25142
24284
23542
22748
22013
21319
20623
19970
19346
18800
18260
17739
17230
16750
16234
15769
15347
14900
14471
14071
13722
13353
13077
12781
12489
12164
11900
11613
11376
11123
10886
10668
10465
10232
10039
9900
9707
9506
9358
9176
9000
8856
8788
8651
8564
8432
8327
8241
8104
7997
7956
7846
7753
7595
7487
7398
7362
7262
7181
7093
7011
6969
6928
6841
6786
6741
6722
6672
6607
6513
6494
6446
6431
6397
6389
6376
6372
6372
6343
6303
6306
6309
6281
6221
6169
6154
6129
6115
6119
6091
6069
6058
6035
6048
6005
5997
6002
5951
5906
5897
5909
5924
5905
5904
5903
5882
5849
5839
5845
5837
5841
5832
5828
5860
5814
5799
5810
5803
5807
5785
5782
5740
5775
5758
5751
5782
5791
5783
5787
5800
5795
5751
5744
5689
5681
5707
5684
5741
5750
5756
5770
5750
5728
5700
5722
5736
5731
5750
5725
5782
5764
5793
5746
5753
5668
5705
5699
5665
5664
5660
5683
5658
5673
5632
5645
5633
5693
5706
5724
5727
5764
5766
5782
5782
5798
5790
5776
5764
5759
5790
5805
5783
5785
5786
5773
5737
5762
5770
5772
5810
5812
5820
5830
5827
5802
5817
5819
5800
5797
5791
5827
5818
5835
5851
5805
5803
5779
5780
5780
5771
5784
5782
5757
5730
5752
5776
5799
5776
5795
5793
5774
5761
5774
5776
5787
5822
5825
5825
5851
5864
5864
5877
5877
5905
5913
5982
6035
6049
6058
6084
6091
6123
6097
6129
6115
6126
6171
6187
6224
6295
6329
6370
6409
6457
6542
6596
6666
6755
6814
6850
6900
6954
6993
7051
7121
7183
7188
7234
7310
7374
7421
7525
7642
7748
7814
7918
8025
8153
8262
8398
8521
8697
8841
8985
9118
9299
9449
9620
9766
9909
10053
10265
10458
10619
10786
10981
11197
11392
11593
11803
11986
12135
12302
12450
12630
12782
12908
13094
13278
13478
13683
13873
14067
14288
14493
14675
14900
15070
15258
15460
15670
15879
16067
16267
16444
16616
16785
16991
17217
17478
17695
17925
18136
18365
18611
18909
19130
19383
19613
19849
20075
20321
20568
20798
21052
21301
21550
21790
22054
22267
22509
22762
22997
23256
23501
23726
23972
24216
24447
24683
24911
25131
25359
25594
25823
26076
26322
26542
26771
27007
27246
27516
27752
27991
28245
28464
28711
28917
29145
29360
29584
29836
30074
30322
30584
30819
31059
31293
31534
31798
32029
32252
32461
32710
32962
33191
33444
33671
33885
34108
34331
34582
34850
35093
35320
35513
35743
35969
36209
36449
36676
36897
37131
37377
37627
37905
38136
38391
38644
38904
39153
39420
39679
39919
40150
40407
40641
40881
41095
41359
41622
41862
42118
42383
42634
42872
43102
43334
43593
43850
44075
44304
44557
44810
45051
45330
45553
45783
46046
46284
46571
46786
47039
47280
47489
47718
47975
48234
48474
48716
48947
49190
49425
49667
49931
50163
50385
50626
50876
51096
51356
51610
51850
52072
52339
52570
52812
53035
53295
53562
53805
54026
54275
54505
54737
54983
55234
55477
55718
55979
56200
56423
56656
56895
57151
57393
57616
57816
58050
58289
58525
58775
59006
59247
59497
59748
59988
60226
60457
60675
60906
