959753
920939
883576
847803
812958
779819
747901
717123
687443
658972
631576
605198
579736
555474
532236
509771
488376
467830
448326
429294
411088
393996
377535
361750
346799
332117
318133
304577
291807
279682
267941
256682
245915
235639
225863
216317
207351
198538
190092
182078
174478
167077
160002
153390
147142
141114
135161
129602
124381
119196
114421
109668
105189
100860
96783
92885
89179
85602
82118
78863
75688
72709
69861
67117
64387
61829
59477
57154
54973
52897
50886
48924
46976
45283
43477
41798
40243
38698
37341
35973
34650
33382
32192
30996
29880
28795
27780
26809
25932
25138
24345
23573
22797
22014
21293
20568
19891
19347
18779
18212
17645
17112
16619
16161
15714
15300
14868
14480
14094
13702
13333
13032
12752
12415
12122
11885
11580
11365
11063
10814
10553
10340
10110
9912
9760
9580
9399
9188
9067
8984
8837
8668
8519
8407
8300
8153
8029
7924
7856
7758
7663
7579
7520
7437
7349
7269
7177
7104
7045
6999
6958
6879
6812
6737
6684
6634
6593
6507
6439
6413
6394
6386
6366
6310
6314
6275
6256
6271
6271
6209
6184
6172
6150
6162
6136
6129
6088
6053
6048
6046
5993
5960
5960
5945
5931
5958
5908
5881
5867
5844
5865
5869
5867
5865
5878
5848
5882
5846
5868
5861
5828
5842
5773
5800
5782
5770
5776
5799
5804
5808
5821
5803
5816
5848
5822
5795
5793
5778
5742
5753
5735
5735
5712
5728
5717
5715
5706
5702
5702
5717
5728
5765
5720
5706
5713
5733
5724
5748
5762
5760
5776
5772
5784
5774
5751
5715
5697
5680
5676
5698
5696
5726
5737
5757
5798
5760
5746
5738
5727
5737
5763
5760
5795
5796
5807
5837
5799
5781
5787
5789
5783
5778
5778
5774
5783
5765
5747
5710
5695
5649
5636
5639
5635
5648
5635
5617
5625
5633
5631
5643
5662
5650
5604
5680
5690
5694
5694
5729
5742
5700
5664
5673
5664
5680
5679
5691
5715
5762
5809
5786
5788
5795
5814
5810
5836
5837
5803
5815
5838
5822
5856
5891
5876
5924
5923
5957
5951
5983
5994
6034
6099
6126
6162
6193
6229
6278
6347
6360
6401
6425
6481
6486
6549
6639
6663
6726
6768
6802
6918
6948
6995
7032
7117
7154
7189
7233
7313
7359
7426
7497
7552
7597
7664
7716
7787
7858
7972
8087
8169
8297
8392
8495
8588
8647
8705
8776
8848
8953
9052
9141
9242
9363
9523
9655
9750
9883
10000
10129
10293
10409
10566
10682
10864
11029
11214
11406
11618
11832
12044
12261
12539
12774
12990
13208
13456
13709
13900
14120
14361
14569
14769
14997
15225
15411
15592
15778
15971
16155
16325
16507
16646
16818
16896
17074
17264
17448
17629
17812
17979
18208
18399
18569
18779
18961
19163
19371
19600
19818
20017
20257
20496
20727
20962
21218
21493
21733
22003
22236
22486
22721
22970
23221
23460
23712
23983
24268
24549
24816
25065
25310
25555
25803
26062
26284
26559
26809
27076
27297
27512
27753
28014
28273
28533
28779
29024
29269
29511
29743
29974
30187
30402
30644
30878
31108
31322
31566
31792
32026
32264
32526
32759
33012
33287
33533
33757
33997
34261
34503
34735
35002
35243
35488
35753
35997
36250
36507
36750
36986
37222
37446
37655
37898
38155
38398
38643
38885
39139
39386
39648
39876
40105
40304
40543
40769
40999
41266
41518
41731
42019
42248
42489
42725
42947
43199
43417
43649
43857
44081
44330
44570
44812
45068
45330
45558
45796
46037
46296
46544
46762
47014
47256
47470
47732
47956
48179
48402
48630
48856
49097
49330
49569
49760
49998
50248
50506
50739
51005
51237
51477
51714
51965
52196
52407
52648
52887
53112
53371
53629
53891
54134
54371
54592
54851
55115
55357
55585
55817
56060
56315
56533
56757
56976
57214
57450
57667
57871
58091
58344
58567
58833
