960211
921566
883949
847966
813563
780071
747978
717019
687391
658852
631557
605080
579659
555658
532370
509949
488439
467853
448108
429143
410905
393677
377137
361250
346170
331418
317466
304077
291495
279109
267625
256187
245211
234940
225007
215676
206545
197887
189704
181740
174157
166777
159876
153221
146734
140644
134880
129244
123879
118873
114066
109467
105122
100863
96756
92934
89209
85579
82140
78817
75685
72701
69786
66983
64321
61800
59299
56990
54737
52617
50603
48694
46857
45118
43404
41729
40196
38716
37231
35877
34587
33292
32128
30931
29832
28770
27708
26709
25847
24945
24169
23384
22663
21938
21257
20619
19939
19308
18727
18184
17634
17062
16597
16125
15676
15258
14829
14412
14008
13624
13284
12918
12612
12248
11994
11699
11402
11145
10877
10635
10404
10202
10010
9884
9638
9467
9298
9151
9000
8848
8697
8578
8482
8388
8253
8118
7996
7910
7819
7707
7609
7513
7458
7415
7407
7369
7296
7244
7155
7080
6996
6916
6869
6784
6734
6678
6602
6517
6462
6392
6348
6321
6309
6283
6279
6259
6215
6192
6169
6169
6126
6170
6166
6147
6141
6133
6154
6134
6134
6110
6084
6020
5994
6009
5992
5980
5974
5933
5909
5915
5901
5893
5904
5873
5881
5891
5881
5873
5867
5861
5865
5877
5899
5908
5902
5889
5883
5896
5863
5854
5838
5866
5833
5839
5813
5817
5822
5802
5805
5815
5786
5778
5779
5819
5825
5813
5791
5767
5745
5725
5705
5681
5657
5693
5700
5653
5632
5635
5680
5683
5700
5683
5629
5599
5567
5557
5551
5550
5557
5582
5566
5564
5569
5540
5510
5507
5541
5518
5531
5552
5537
5539
5512
5548
5565
5561
5569
5585
5609
5603
5623
5594
5599
5600
5584
5587
5583
5551
5526
5520
5544
5550
5532
5558
5587
5555
5544
5512
5508
5527
5507
5547
5550
5568
5587
5604
5593
5606
5603
5653
5636
5628
5623
5598
5602
5594
5581
5562
5596
5598
5575
5564
5530
5525
5550
5547
5544
5556
5585
5597
5629
5605
5598
5629
5652
5648
5622
5626
5644
5637
5615
5654
5649
5642
5639
5620
5614
5615
5624
5637
5626
5615
5586
5577
5594
5603
5606
5623
5608
5588
5636
5617
5629
5621
5631
5687
5648
5649
5603
5623
5630
5658
5652
5683
5682
5648
5636
5620
5591
5594
5593
5621
5632
5603
5615
5598
5598
5601
5612
5576
5594
5577
5622
5606
5637
5649
5664
5666
5644
5655
5669
5685
5725
5732
5696
5695
5710
5715
5713
5710
5752
5732
5727
5765
5793
5794
5819
5834
5823
5808
5787
5759
5741
5780
5790
5812
5820
5834
5820
5839
5838
5850
5906
5935
5981
6035
6039
6061
6053
6082
6102
6084
6103
6143
6156
6220
6255
6299
6320
6369
6433
6499
6528
6537
6611
6626
6656
6721
6778
6818
6820
6876
6936
6987
7084
7133
7203
7264
7328
7378
7462
7507
7545
7603
7670
7723
7806
7836
7878
7954
8000
8073
8141
8209
8296
8363
8401
8496
8586
8657
8718
8799
8872
8971
9059
9173
9257
9351
9467
9589
9726
9854
9978
10115
10260
10403
10583
10794
11000
11185
11398
11603
11792
11982
12173
12412
12650
12874
13135
13367
13626
13883
14149
14414
14664
14923
15175
15394
15632
15858
16110
16358
16582
16855
17100
17322
17572
17834
18118
18334
18585
18846
19066
19318
19572
19835
20080
20349
20597
20811
21079
21338
21602
21853
22105
22337
22576
22827
23077
23299
23530
23758
23992
24257
24525
24754
24992
25229
25465
25708
25940
26187
26439
26690
26921
27154
27390
27636
27843
28084
28328
28583
28855
29072
29318
29575
29818
30062
30305
30559
30795
31052
31266
31496
31741
31989
32217
32465
32682
32921
33148
33394
33617
33872
34144
34363
34617
34852
35127
35369
