38974
74535
106967
136316
163234
187060
208678
228223
245385
260212
273501
285087
294865
303190
310185
315511
319948
323345
325602
326946
327366
327064
326152
324519
322613
319902
317013
313680
309805
305510
301344
296655
291751
286590
281368
276056
270470
264772
259345
253803
248135
242478
236663
230858
224881
219236
213652
208104
202400
196997
191716
186437
181224
176134
171077
166101
161388
156647
151956
147228
142847
138369
134094
130125
126151
122332
118410
114631
111088
107607
104248
100940
97603
94420
91414
88560
85672
82846
80055
77596
75059
72600
70149
67855
65619
63316
61224
59193
57272
55358
53556
51711
49945
48255
46714
45086
43520
42000
40532
39182
37855
36492
35232
34113
32972
31963
30940
29937
29012
28057
27148
26300
25465
24694
23951
23250
22464
21767
21083
20423
19858
19244
18615
18065
17531
17084
16612
16086
15675
15270
14869
14465
14044
13678
13286
12984
12658
12320
12077
11780
11515
11192
10889
10668
10395
10206
10011
9839
9597
9406
9186
8991
8783
8621
8430
8279
8092
7990
7888
7720
7575
7485
7363
7244
7117
7046
6926
6804
6714
6578
6495
6407
6358
6296
6220
6144
6079
6026
5962
5917
5857
5818
5766
5758
5713
5701
5610
5589
5522
5439
5440
5425
5379
5332
5297
5263
5229
5201
5189
5143
5122
5074
5038
4992
4951
4947
4927
4901
4849
4810
4788
4778
4770
4762
4761
4762
4763
4752
4763
4718
4710
4689
4682
4689
4709
4721
4747
4735
4716
4707
4713
4731
4717
4687
4690
4672
4695
4699
4691
4702
4709
4687
4715
4705
4715
4701
4725
4709
4715
4718
4702
4692
4722
4692
4744
4789
4797
4818
4800
4815
4800
4774
4769
4750
4730
4726
4734
4760
4731
4727
4698
4686
4662
4692
4673
4674
4699
4732
4741
4762
4753
4771
4747
4748
4703
4659
4653
4643
4625
4635
4636
4650
4667
4647
4693
4665
4667
4704
4695
4697
4654
4653
4692
4650
4640
4630
4663
4659
4646
4594
4589
4588
4557
4533
4531
4517
4501
4464
4432
4431
4448
4443
4378
4383
4332
4324
4334
4325
4353
4343
4337
4332
4294
4258
4206
4201
4190
4154
4113
4111
4091
4068
4044
4020
3995
3988
3959
3939
3940
3898
3850
3819
3788
3709
3694
3634
3574
3540
3506
3488
3455
3405
3399
3382
3371
3337
3281
3238
3206
3146
3095
3020
2948
2905
2857
2774
2716
2592
2474
2375
2264
2187
2076
1966
1874
1786
1689
1607
1517
1438
1371
1297
1232
1164
1106
1045
982
931
886
846
808
767
727
690
660
624
598
561
529
506
478
455
426
408
382
360
337
319
308
294
278
262
244
229
222
209
198
183
176
164
157
148
141
128
126
120
117
110
108
102
98
94
87
78
70
65
62
59
52
50
50
49
46
44
41
39
37
36
35
34
30
30
26
26
25
23
23
23
19
19
18
18
17
17
17
14
14
14
12
11
11
11
11
9
8
8
7
6
5
5
4
4
4
4
2
2
2
2
2
2
2
2
2
2
2
2
2
2
2
1
1
0
0
0
0
0
0
0
0
0
0
0
0
0
0
0
0
0
0
0
0
0
0
0
0
0
0
0
0
0
0
0
0
0
0
0
0
0
0
0
0
0
0
0
0
0
0
0
0
0
0
0
0
0
0
0
0
0
0
0
0
0
0
0
0
0
0
0
0
0
0
0
0
0
0
0
0
0
0
0
0
0
0
0
0
0
0
0
0
0
