39179
74724
107237
136780
163597
187255
208481
227634
244879
260200
273414
285098
294710
303031
309919
315118
319254
322923
325237
326712
327416
327347
326848
325020
323121
320549
317489
314018
310305
306290
301563
297164
292329
287161
281922
276532
270947
265438
259774
254236
248596
242713
237013
231706
225958
220315
214686
209398
203895
198524
193163
187765
182719
177462
172476
167460
162480
157647
153061
148388
144064
139856
135615
131443
127392
123458
119476
115750
112225
108663
105299
101927
98656
95452
92376
89427
86508
83627
80858
78251
75665
73097
70737
68275
66002
63873
61721
59777
57679
55622
53703
51883
50230
48529
46915
45386
43901
42457
41009
39569
38202
36959
35776
34616
33392
32375
31292
30241
29269
28308
27452
26555
25664
24863
24121
23340
22641
21979
21312
20679
20116
19447
18871
18265
17782
17282
16808
16281
15854
15373
14953
14559
14132
13780
13421
13053
12708
12448
12156
11809
11546
11313
11069
10789
10551
10259
10060
9840
9538
9334
9170
8998
8887
8719
8549
8392
8220
8055
7901
7751
7634
7541
7429
7315
7188
7072
6912
6808
6726
6642
6558
6503
6437
6360
6330
6233
6131
6091
6012
5954
5874
5807
5743
5708
5650
5626
5601
5565
5536
5528
5487
5422
5407
5376
5346
5384
5303
5228
5201
5185
5188
5182
5159
5119
5038
5022
4982
4998
4981
5000
5021
4991
4972
4982
4951
4939
4932
4908
4873
4860
4842
4828
4788
4749
4721
4700
4726
4717
4705
4688
4683
4701
4698
4628
4615
4605
4588
4590
4558
4528
4492
4521
4526
4556
4559
4566
4583
4575
4567
4556
4550
4532
4552
4569
4539
4582
4564
4559
4565
4556
4535
4599
4625
4591
4606
4612
4623
4617
4596
4567
4592
4551
4556
4579
4563
4563
4581
4551
4528
4550
4548
4545
4542
4531
4532
4533
4521
4514
4482
4476
4477
4468
4453
4456
4450
4502
4517
4547
4541
4538
4535
4547
4556
4565
4548
4576
4557
4540
4541
4537
4520
4542
4534
4534
4537
4515
4512
4516
4556
4557
4564
4566
4550
4576
4590
4575
4537
4572
4591
4586
4587
4605
4610
4631
4624
4620
4629
4651
4695
4674
4675
4656
4653
4683
4661
4663
4672
4671
4665
4648
4657
4645
4632
4646
4598
4614
4643
4662
4688
4709
4685
4682
4671
4647
4650
4645
4619
4605
4600
4576
4551
4531
4539
4517
4497
4489
4491
4501
4531
4522
4557
4548
4572
4571
4573
4586
4578
4584
4587
4593
4585
4577
4582
4565
4614
4605
4620
4624
4645
4654
4644
4636
4618
4634
4605
4614
4591
4608
4609
4622
4617
4620
4651
4652
4646
4596
4594
4617
4595
4598
4620
4629
4644
4651
4636
4655
4625
4606
4602
4582
4593
4553
4554
4543
4517
4488
4441
4419
4384
4356
4311
4271
4250
4249
4199
4176
4138
4087
4102
4077
4077
4073
4055
4036
4044
4014
3991
3950
3912
3891
3806
3787
3741
3691
3637
3551
3481
3457
3392
3344
3282
3205
3142
3089
3021
2944
2864
2812
2747
2685
2616
2530
2464
2373
2294
2207
2115
2024
1938
1877
1812
1734
1634
1580
1516
1441
1347
1281
1215
1153
1088
1038
988
930
875
842
800
750
718
688
652
616
586
562
540
512
476
457
434
411
387
367
345
320
305
291
278
264
244
234
221
204
189
180
168
160
152
143
132
127
121
114
110
106
102
97
94
89
83
79
76
72
71
66
62
59
56
54
53
50
48
46
42
40
39
36
34
30
29
26
25
25
25
23
20
20
17
15
15
15
14
14
14
13
13
13
12
12
12
12
11
11
10
10
10
9
8
8
7
7
