6555
3384
2089
1679
1253
1174
1042
979
917
893
809
789
758
749
710
753
674
632
676
680
674
706
677
675
661
688
700
642
779
711
754
715
754
781
728
792
813
772
839
871
858
928
963
959
986
988
1038
1047
1108
1090
1208
1208
1206
1322
1232
1351
1417
1476
1416
1556
1452
1577
1637
1731
1753
1773
1889
1905
2034
2049
2109
2207
2223
2294
2483
2467
2491
2719
2758
2843
2902
2933
3153
3187
3291
3457
3621
3649
3804
3972
4131
4174
4423
4518
4654
4858
4987
5252
5350
5484
5773
5760
6017
6246
6533
6631
6800
7029
7257
7452
7783
8166
8425
8480
8767
8910
9215
9637
9969
10072
10532
10790
11177
11347
11782
12003
12418
12785
12944
13385
13563
14056
14666
14988
15252
15635
15878
16340
16804
16956
17379
17561
18077
18631
19163
19505
20140
20513
20714
21206
21474
21818
22099
22478
22823
23228
23546
24194
24558
25220
25707
26357
26596
26752
27153
27394
27850
28064
28507
28532
28755
29397
29482
29742
30101
30552
31142
31521
31723
32060
32277
32615
32901
32899
33128
33629
33543
33944
34087
34215
34353
34541
34805
35000
35287
35395
35649
35869
35861
36173
36401
36443
36545
36697
37000
37210
37418
37503
37648
37783
37868
38132
38115
38323
38377
38431
38372
38500
38539
38462
38773
38887
39183
39318
39369
39649
39735
40002
39951
40004
39991
40026
39834
39819
39943
40035
40069
39970
39951
39807
39743
39807
39775
39939
39919
39823
39966
40293
40388
40470
40327
40361
40267
40376
40328
40372
40148
39813
39929
39762
39934
39781
39962
40116
40117
40073
40057
39909
39707
39478
39853
39717
39596
39548
39550
39565
39353
39568
39633
39685
39689
39852
39740
39797
39847
39625
39818
39859
39867
40014
39754
39622
39846
40106
40235
40139
40177
40209
40299
39988
39972
40060
39989
40063
40045
40044
40184
40153
40267
40277
40304
40561
40365
40360
40368
40498
40601
40554
40558
40642
40757
40616
40870
41039
41013
41065
41136
40973
40898
40970
41089
40975
41063
41147
40979
41206
41158
41200
41385
41299
41289
41185
41179
41249
41059
41203
41215
41404
41378
41691
41652
41739
41884
41982
41932
41615
41735
41399
41370
41275
41276
41112
41302
41609
41635
41713
41816
41733
41691
41844
42134
42239
42333
42224
41550
41460
41348
41490
41644
41599
41601
41700
41323
41100
41074
41190
41225
41418
41301
40744
40691
40781
40802
40923
41174
41006
41009
40682
40756
40600
40540
40736
40719
41000
41076
41067
40962
41161
41194
41560
41744
41623
41797
41634
41642
41536
41325
41513
41398
41451
41652
41495
41532
41810
41965
42197
42338
42549
42460
42657
42784
42798
42937
43119
43266
43669
43971
44080
44382
44679
44792
45120
45950
46753
47112
47500
48751
49510
50239
51133
52010
52917
53590
54340
55350
56088
57223
57935
58692
59464
60221
60599
61125
61541
61876
62103
61984
62085
62258
62486
62698
62930
63351
63734
63763
64020
64218
64664
65072
65634
66172
66973
68026
68881
69908
71297
72251
73109
73794
74809
75903
76889
77590
78565
79670
81015
82035
83185
84248
85725
86999
88426
89827
91325
92933
94737
96415
98199
100000
101711
103626
105364
107202
109027
111038
113039
115072
117125
119281
121401
123669
125843
128341
130898
133343
135716
138218
140905
143566
146129
148719
151368
153837
156342
158790
161270
163797
166262
168607
170803
173045
175250
177512
179858
181931
184033
186091
188030
189815
191663
193477
195133
196919
198690
200421
202108
203697
205270
206796
208248
209632
211016
212343
213600
214851
216097
217345
218635
219784
220971
222066
223157
224191
225155
226084
227064
228002
228920
229792
230615
231366
232158
232840
233560
234263
234959
235598
236231
236833
237371
237811
238343
238790
239251
239719
240141
240547
240920
241323
241655
