6708
3277
2168
1678
1356
1158
1067
991
943
835
857
779
780
719
755
749
655
672
708
696
685
637
666
668
690
674
677
661
721
714
743
737
706
770
753
829
800
781
891
873
943
985
959
933
968
1020
1043
1108
1053
1095
1112
1156
1187
1216
1277
1374
1363
1427
1425
1519
1588
1590
1635
1723
1784
1808
1822
1889
2051
2105
2134
2187
2281
2372
2506
2468
2610
2702
2704
2799
2913
2916
3077
3316
3253
3357
3577
3764
3735
3910
3973
4164
4484
4564
4584
4795
4990
5134
5335
5412
5645
5790
6033
6210
6490
6544
6910
7100
7403
7561
7862
8219
8323
8783
8979
9174
9280
9621
9999
10316
10558
10820
11114
11445
11795
12075
12359
12759
13065
13410
13787
14092
14415
14728
15046
15581
15749
16158
16704
16979
17362
17732
18360
18661
18842
19294
19930
20416
20687
20965
21522
21896
22438
22552
22765
23223
23514
23784
24354
25106
25346
25709
26115
26459
26860
27099
27453
27597
27994
28524
28992
29316
29675
30140
30286
30394
30703
31122
31632
31610
31791
32244
32561
32796
33052
33216
33372
33670
34186
34139
34475
34508
34731
34977
35032
35350
35558
35431
35826
35789
36085
36138
36325
36284
36356
36133
36453
36758
36724
37124
37460
37617
37671
37719
38016
37802
37897
38039
37897
38083
38414
38320
38412
38698
38898
39123
39021
39082
39095
39334
39473
39765
39764
39558
39618
39671
39890
39872
40103
40540
40516
40453
40643
40920
41049
41070
41373
41318
41345
41510
41392
41084
40897
40800
40651
40622
40787
40799
40729
41003
41041
40931
40964
40878
40788
40869
40997
40906
40902
40991
40885
41029
40885
40701
40726
40579
40604
40612
40762
40994
41008
41017
40746
40832
40718
40966
41018
41270
41208
41155
40982
40958
40739
40858
40920
40837
40875
40725
40964
40979
40928
40954
41106
41194
40667
40716
40589
40479
40622
40650
40584
40610
40606
40722
40893
40917
40948
40982
40966
40944
40748
41004
40932
40764
40801
40522
40663
40349
39914
40106
40037
40254
40186
39976
39741
39841
39777
40078
39906
39676
39821
39959
39942
40191
40187
40409
40270
40215
40487
40587
40798
40595
40558
40332
40235
40091
39905
39854
39685
39668
40083
39808
39731
40056
40008
40014
40062
40065
40030
39947
39978
40146
40157
40492
40357
40602
40780
40605
40534
40583
40388
40567
40383
40422
40449
40456
40582
40659
40996
41020
40925
40851
40693
40402
40395
40483
40612
40681
40546
40449
40544
40425
40524
40735
40543
40854
41141
41020
41146
41293
41254
41205
41401
41235
41483
41577
41509
41714
41776
41694
41699
42063
42309
42096
42318
42457
42583
42841
43105
43246
43560
43684
43893
44263
44664
45017
45245
45735
45961
46420
46665
47131
47414
47688
47942
48131
48301
48370
48791
48931
49577
49914
50169
50633
50843
51209
52012
52878
53494
53680
54241
54817
55087
55658
56212
56742
57591
58349
59057
59686
60446
61270
62169
63072
64156
65161
66320
67812
69158
70418
71950
73383
74953
76262
77932
79696
81216
82892
84531
86262
87978
90117
91796
93145
94687
95766
97021
98005
98879
99814
100672
101502
102157
102780
103490
103850
104371
104786
105571
106410
107060
108004
108821
109987
110843
111768
112600
113199
113861
115036
115789
116795
117361
117634
118044
118081
118010
118538
119276
120324
121448
122905
124378
126272
128202
130167
132297
134595
136726
139032
141277
143554
145827
147948
150177
152494
154564
156791
159099
161351
163590
165906
168191
170461
172724
174876
176969
179153
181185
183255
185346
187382
189353
191246
193037
194967
196794
198554
200321
201942
203616
205248
206787
208298
209727
211162
212547
213935
215209
216466
217588
218711
219850
221092
222087
223067
224033
224969
225862
226864
227752
228703
229603
230409
231257
232003
232732
233460
234209
234945
