7638
22525
32728
40793
47190
52527
56702
59971
62505
65148
67008
68197
69784
70495
71535
72279
72735
72990
73441
73779
74093
74183
74327
74480
74602
74487
74519
74683
74704
74759
74678
74503
74430
74524
74650
74299
74424
74533
74437
74575
74466
74448
74427
74642
74570
74401
74326
74361
74346
74467
74329
74222
74073
73971
74179
74396
74174
74271
74238
74224
74099
74096
74033
74175
73983
74013
74086
74168
73965
74033
74019
73946
73775
74133
74136
74119
74050
73840
73801
73684
73659
73763
73691
73506
73756
73752
73722
73536
73492
73803
73987
73599
73619
73411
73606
73384
73036
72909
72919
72810
72730
72683
72679
72614
72930
72709
72679
72367
72201
72060
72028
71869
71902
71819
71736
71440
71462
71431
71138
71356
71170
71069
70785
70410
70308
70103
69960
70055
69861
70024
69763
69773
69622
69658
69259
69264
69072
68933
69048
68607
68485
68246
67990
67842
67701
67901
67448
67254
67210
67078
67136
67044
66971
66796
66796
66655
66363
66166
66039
66026
66002
65713
65519
65416
65317
65199
65000
64722
64797
64879
64855
64562
64228
63923
64069
64059
64112
64016
63994
63886
63738
63855
64094
64091
64248
64118
64213
64323
64103
63942
63957
63716
63642
63658
63456
63529
63361
63438
63619
63647
63716
63704
63518
63347
63513
63424
63463
63402
63307
63119
63282
62949
62943
62983
62900
62683
62781
62905
62945
62818
62593
62737
62502
62446
62430
62404
62545
62872
62968
63017
62966
62886
62853
62834
62694
62892
62814
63062
63128
63053
63083
62801
62370
62473
62459
62720
62863
63091
63092
63069
62998
63123
63005
63296
63019
62784
62932
62942
62952
63056
62863
63000
62911
62924
62972
63100
63294
63429
63652
63531
63488
63324
63400
63495
63456
63286
62995
63125
62992
63008
63084
62899
63118
63197
63071
63047
63056
62841
62630
62658
62860
62954
63154
63020
63268
63263
63357
63173
63003
62665
62839
62804
63068
63082
63157
62916
62690
62670
62538
62478
62520
62508
62321
62258
62475
62469
62459
62147
62122
62220
62464
62396
62429
62371
62154
62014
62351
62301
62381
62540
62385
62301
62155
62079
62020
61586
61383
61450
61499
61608
61635
61613
61611
61455
61230
60969
60818
60502
60817
61055
60753
60754
60437
60411
60219
59889
59790
59867
59713
59654
59483
59730
59750
59589
59562
59519
59060
58932
58863
59030
58652
58588
58438
58163
58272
58128
58092
58249
58028
57875
57599
57408
57370
57195
56977
56669
56439
56087
55816
55506
55021
54897
54622
54162
53797
53229
52511
52052
51420
50603
49634
48553
47916
47001
46181
45322
44622
44159
43454
43160
42896
42382
41984
41473
41018
40633
40565
40652
40870
40998
41376
41860
42658
43318
43828
44339
44412
44572
44771
44905
44660
44515
44433
44285
43857
43137
42383
41790
41083
40281
39427
38842
38007
37173
36312
35437
34443
33290
32257
31422
30441
29721
28743
27918
27093
26343
25597
24660
23658
22990
22182
21493
20693
19931
19224
18484
17955
17436
16840
16260
15771
15231
14742
14219
13689
13188
12734
12163
11635
11259
10850
10417
9973
9485
8973
8402
7879
7445
7083
6738
6436
6009
5662
5435
5260
5025
4733
4594
4432
4274
4116
3932
3672
3474
3320
3153
2937
2824
2708
2577
2408
2299
2197
2083
1999
1925
1812
1746
1708
1631
1549
1463
1367
1286
1199
1124
1095
1065
1002
966
931
877
833
763
718
678
648
600
579
550
532
511
486
452
453
434
431
411
393
378
375
353
352
322
306
285
249
217
206
172
151
116
100
85
69
50
42
34
25
18
16
11
10
8
8
8
5
4
2
1
1
0
0
0
0
0
0
0
0
0
0
0
0
0
0
0
0
0
0
0
