7846
22698
32864
40926
47301
52406
56719
60069
62907
65140
66909
68429
69757
70632
71184
71932
72580
72951
73401
73894
74034
74219
74671
74471
74432
74325
74623
74762
74782
74714
74815
74898
74778
75071
74903
74935
74665
74848
74765
74824
74820
74838
74900
74842
74605
74666
74753
74854
74613
74515
74447
74314
74218
74136
74072
74087
74149
74032
74331
74143
74010
74467
74676
74584
74463
74486
74724
74443
74556
74361
74451
74362
74487
74420
73948
73839
74001
73985
74044
74093
73831
73838
73831
73729
73765
73399
73386
73119
73346
73143
72880
73047
73076
72985
72815
72905
73002
73068
72973
72897
72679
72472
72366
72017
71867
71986
71993
72152
72063
72021
71948
71883
71962
71662
71791
71619
71688
71715
71702
71653
71286
71102
70851
70816
70698
70494
70290
70162
69959
69826
69568
69264
69186
69077
69121
69111
68856
68434
68181
67992
67887
67547
67609
67384
67389
67238
67187
67449
67279
67185
67264
67442
67472
67183
66940
66615
66213
66229
66084
66021
65735
65881
65714
65786
65588
65551
65745
65573
65458
65005
64750
64660
64612
64644
64600
64516
64490
64376
64425
64505
64721
64287
64251
64323
64266
64353
64272
64237
64048
64218
64047
63992
63865
63726
63588
63452
63356
63488
63347
63392
63403
63200
63214
63166
63210
63003
63148
63230
63087
63146
62961
62784
62955
63052
63136
62891
62857
63019
63033
63265
63033
63134
63267
63186
62829
62942
62864
62986
63026
63153
63169
63514
63570
63512
63453
63284
63504
63526
63285
63179
63048
63043
63155
63265
63470
63380
63684
63777
63576
63418
63586
63755
63838
63743
63606
63557
63378
63189
62885
62717
62732
62679
62705
62801
62854
62922
62939
62949
62961
62903
62597
62459
62438
62119
62111
61937
61907
62196
62487
62578
62403
62506
62584
62435
62191
62338
62492
62751
62907
63022
63020
62717
62535
62538
62774
62665
62607
62415
62264
62266
62397
62459
62384
62220
62185
62624
62556
62418
62351
62637
62575
62630
62670
62881
62694
62526
62501
62703
62628
62518
62462
62550
62949
63061
63084
63013
63140
63044
62964
63077
63119
63053
63106
63329
63162
63129
63153
63025
63184
62947
63034
63148
63372
63475
63483
63268
63413
63436
63332
63045
62990
62915
63059
62958
63182
63132
63066
63181
62991
62867
62849
62525
62357
62280
62186
62266
62088
62361
62655
62493
62624
62740
62708
62886
62542
62478
62486
62407
62228
62465
62667
62714
62511
62421
62407
62553
62558
62577
62686
62598
62529
62739
62782
62797
63055
63006
62850
62877
62839
62881
63145
63146
62996
62977
62825
62769
62751
62878
63021
62531
62494
62688
62550
62585
62518
62702
62595
62616
62413
62485
62521
62626
62669
62564
62578
62401
62245
62360
62327
62478
62487
62240
62080
61926
62070
61929
62107
61983
61792
61621
61580
61534
61332
61331
61531
61571
61624
61544
61546
61469
61593
61533
61571
61529
61315
60864
60741
60462
60230
59995
60046
60055
60206
59982
59947
59927
59857
59877
59893
59876
60080
60108
60079
59833
59738
59563
59759
59752
59661
59442
59365
59247
59211
59245
59036
59035
59197
59087
58909
58556
58337
58291
58241
57850
57423
57110
56509
56123
55385
54772
54244
53628
52910
52297
51637
50957
50173
49395
48535
47654
46611
45534
44655
43668
42837
41799
40718
39796
39106
38183
37325
36355
35405
34289
33143
32159
31370
30483
29843
28826
28049
27284
26536
25845
25103
23990
23294
22577
21939
21063
20390
19726
18939
18143
17422
16753
16012
15358
14752
14086
13607
13047
12443
11976
11503
10994
10441
10014
9570
9178
8716
8416
8148
7819
7538
7433
7104
6805
6542
6235
5979
5669
5461
5241
5025
4899
4724
4440
4246
4001
3788
3556
3403
3252
3068
2902
2799
2753
2633
2559
2430
2370
2307
2218
2144
2003
1893
1767
1681
1605
