7676
22568
32764
40796
46879
52284
56511
59772
62492
64725
66476
68041
69219
70346
71108
71682
72186
72849
73263
73339
73608
73799
73950
73877
74256
74148
74453
74707
74609
74772
74911
74851
74700
74688
74612
74559
74384
74242
74346
74244
74476
74348
74555
74326
74187
73904
74125
74120
74332
74322
74436
74718
74401
74420
74367
74242
74086
74109
74232
74002
74001
74030
74047
73957
74046
74122
74043
74071
74165
74122
74212
74296
74195
74123
74049
74071
73961
74074
74073
74054
74283
74439
74312
74047
73524
73375
73424
73368
73382
73373
73296
73264
73147
73279
73369
73144
73143
72873
72830
72743
72578
72767
72736
72505
72705
72675
72475
72302
72319
71982
71862
71898
72055
71884
71755
71635
71595
71376
71079
70814
70678
70369
70167
70228
70090
70097
69801
69699
69197
69031
69337
68991
68879
68666
68756
68991
68951
68654
68652
68272
68146
67825
67814
67674
67357
67476
67420
67350
67544
67211
67191
67131
67069
66950
66520
66425
66323
66443
66426
65987
65867
65826
65614
65487
65371
65369
65309
65133
64960
65100
65008
64794
64675
64572
64508
64250
63906
64105
64109
63900
63866
63886
64018
64168
64057
64030
63996
63958
63724
64005
63858
63664
63959
63625
63398
63404
63312
62934
63186
63266
63077
63001
63026
62902
62990
63171
63124
63032
63171
63288
63381
63143
63203
63170
63264
63184
63241
63019
63076
62904
62641
62632
62683
62796
62577
62422
62443
62630
62837
62744
62550
62560
62612
62809
62638
62810
62953
62923
62983
63327
63490
63219
63188
62976
63126
62985
63038
62950
62926
62911
62687
62401
62483
62550
62436
62440
62498
62791
62704
62573
62722
62556
62624
62613
62560
62705
62542
62399
62646
62759
62767
62698
62758
62704
62577
62621
62509
62490
62601
62669
62756
62553
62912
63189
63244
63051
63132
63139
63431
63241
63327
63643
63431
63289
63014
63186
63378
63203
63089
62893
62634
62655
62760
62530
62361
62095
62034
62437
62714
62765
62728
62819
62805
62711
62687
62469
62616
62749
62871
62853
62653
62530
62342
62451
62290
62682
62776
62846
62903
62754
62543
62946
62711
62623
62742
63002
62981
62792
62964
63123
63056
62855
62866
62896
63023
62985
62968
62869
63123
63053
63305
63448
63713
63908
63871
63735
63592
63611
63494
63389
63453
63480
63398
63495
63510
63245
63208
63228
63373
63226
63164
62894
62716
62701
62736
62782
62818
62650
62673
62637
62693
62612
62598
62714
62621
62536
62816
62701
62489
62172
62130
62299
62473
62702
62860
62796
62565
62551
62852
62861
62886
62801
63122
63303
63015
63069
63238
63387
63372
63261
63382
63242
63081
62975
62826
62711
62748
62612
62489
62702
62567
62574
62556
62722
62811
62453
62483
62397
62441
62453
62488
62464
62324
62327
62405
62361
62120
62006
62200
62368
61914
61661
61853
61795
61938
61936
61727
61478
61536
61746
61583
61325
61202
60753
60695
60599
60517
60455
60449
60325
59893
59416
59294
59369
59154
58824
58526
58500
58409
58356
57731
57439
56923
56735
56097
55776
55271
54784
54710
54313
53827
53706
53627
53496
53221
52852
52574
52238
51689
50886
50162
49488
48946
48384
48039
47409
46604
45952
45306
44535
43831
43267
42514
41794
41215
40796
40159
39527
38773
38038
37230
36239
35339
34389
33402
32347
31454
30603
29469
28552
27576
26675
25967
25055
24254
23428
22739
21983
21367
20546
19883
19245
18435
17684
17057
16428
16040
15459
14876
14416
13876
13219
12684
12213
11732
11147
10633
10257
9819
9318
8818
8408
7911
7532
7284
6945
6535
6134
5937
5719
5533
5295
5051
4842
4665
4444
4247
4069
3885
3740
3628
3432
3301
3125
3015
2846
2735
2627
2468
2296
2107
1982
1852
1726
1648
1605
1536
1514
1441
1398
1336
1300
1217
1141
1148
1090
1009
985
959
903
