22
49
73
95
110
130
144
161
180
203
219
241
260
284
305
329
342
361
380
394
410
435
460
485
509
519
539
556
581
604
618
636
661
677
689
708
730
762
780
802
813
834
855
874
896
918
934
952
971
980
1004
1015
1038
1054
1069
1085
1106
1125
1143
1164
1176
1196
1215
1237
1254
1265
1286
1306
1321
1335
1353
1365
1386
1400
1420
1439
1453
1472
1492
1520
1547
1568
1589
1607
1627
1654
1675
1700
1717
1750
1769
1789
1805
1828
1850
1869
1889
1913
1929
1946
1962
1990
2006
2033
2047
2066
2092
2109
2129
2154
2173
2196
2212
2237
2252
2269
2288
2306
2325
2347
2365
2384
2402
2417
2435
2461
2483
2508
2523
2542
2555
2583
2610
2637
2658
2682
2703
2720
2744
2756
2783
2801
2817
2842
2865
2891
2903
2928
2950
2970
2989
3017
3035
3058
3081
3101
3120
3143
3159
3174
3199
3220
3242
3261
3285
3300
3317
3336
3352
3375
3399
3425
3444
3467
3483
3502
3517
3537
3560
3578
3612
3630
3644
3668
3685
3701
3727
3745
3762
3792
3808
3838
3863
3878
3908
3931
3951
3977
4002
4027
4043
4061
4075
4096
4109
4134
4161
4180
4196
4221
4234
4247
4261
4278
4300
4315
4339
4355
4376
4395
4421
4434
4457
4479
4496
4517
4536
4552
4573
4589
4605
4622
4651
4677
4698
4715
4733
4754
4768
4787
4817
4833
4856
4872
4888
4907
4928
4942
4969
4988
5005
5030
5053
5078
5094
5118
5133
5153
5175
5203
5217
5240
5263
5283
5305
5323
5339
5358
5380
5405
5426
5451
5471
5493
5520
5537
5562
5584
5601
5622
5638
5650
5668
5683
5703
5729
5750
5768
5784
5806
5828
5852
5878
5905
5922
5935
5962
5986
6006
6033
6054
6068
6100
6117
6130
6148
6165
6184
6210
6228
6253
6279
6304
6320
6341
6351
6365
6391
6406
6424
6445
6468
6480
6498
6510
6528
6548
6578
6603
6613
6635
6649
6681
6704
6718
6741
6766
6780
6799
6821
6837
6857
6881
6898
6922
6950
6974
6996
7018
7041
7067
7085
7105
7128
7150
7167
7188
7206
7235
7256
7268
7286
7308
7333
7356
7375
7396
7419
7443
7470
7487
7509
7526
7549
7575
7592
7610
7628
7651
7672
7692
7714
7732
7749
7773
7795
7810
7828
7849
7879
7904
7934
7955
7975
7993
8017
8037
8056
8077
8091
8113
8127
8144
8155
8182
8208
8232
8254
8269
8283
8300
8323
8342
8368
8396
8420
8445
8461
8488
8513
8536
8555
8572
8589
8610
8634
8656
8671
8702
8724
8741
8761
8779
8798
8818
8843
8865
8889
8907
8922
8943
8966
8982
9008
9029
9057
9080
9106
9123
9149
9175
9186
9204
9225
9247
9268
9283
9305
9323
9342
9360
9385
9412
9438
9461
9489
9509
9527
9551
9579
9596
9612
9639
9661
9679
9705
9730
9745
9763
9787
9806
9832
9854
9875
9896
9912
9933
9953
9973
9994
10021
10044
10066
10095
10118
10145
10165
10192
10208
10230
10244
10273
10291
10316
10331
10354
10375
10390
10408
10429
10446
10470
10492
10518
10548
10573
10592
10613
10637
10656
10675
10699
10718
10743
10762
10772
10794
10819
10839
10862
10883
10903
10927
10947
10966
10990
11011
11032
11062
11082
11111
11131
11160
11174
11194
11217
11235
11261
11278
11301
11324
11346
11368
11390
11412
11427
11446
11464
11496
11526
11547
11571
11594
11617
11639
11658
11679
11699
11718
11742
11766
11784
11810
11832
11856
11880
11910
11923
11940
11968
11998
12013
12038
12057
12075
12094
12116
12130
12149
12173
12203
12225
12249
12266
12290
12307
12337
12356
12378
12393
