0
1
2
7
13
18
25
30
40
55
68
75
82
90
99
107
128
147
153
154
162
168
172
173
176
179
183
184
186
191
198
196
196
209
214
217
217
220
220
229
234
239
238
237
240
244
242
244
249
252
253
254
250
252
254
254
253
256
262
259
261
265
269
275
280
280
281
279
279
278
273
277
275
279
282
288
289
283
283
286
288
284
280
280
284
288
287
291
289
280
277
276
276
276
272
277
275
272
270
268
263
260
256
259
254
247
248
247
247
246
241
239
238
240
239
235
231
227
224
225
224
222
222
226
224
226
223
221
223
221
217
217
216
215
213
210
209
208
205
207
202
196
194
189
186
187
188
185
179
174
172
167
167
169
168
167
167
164
161
159
154
155
157
158
156
153
149
151
154
156
160
165
165
168
170
171
171
166
164
159
158
163
165
170
168
170
164
163
169
173
166
168
168
165
165
162
163
157
157
156
161
161
163
158
152
153
151
152
151
152
147
148
147
148
153
153
152
157
158
157
158
161
160
158
156
154
151
152
153
158
145
141
142
138
133
134
135
133
136
137
137
141
138
140
136
136
139
141
139
142
141
139
144
147
149
144
144
144
142
139
145
149
151
151
151
147
152
150
150
151
159
159
159
157
155
157
156
152
157
162
162
161
160
167
167
161
165
166
165
162
164
166
163
166
165
167
171
170
168
166
167
170
167
166
168
170
170
171
177
179
185
189
186
184
188
193
191
193
198
196
200
200
204
204
210
211
211
219
222
220
221
222
223
222
226
231
235
228
231
231
228
228
229
231
235
242
238
233
232
230
226
228
234
227
224
225
230
229
227
232
234
230
231
232
233
229
220
222
220
220
223
214
212
214
211
211
214
213
210
211
209
203
202
203
197
196
195
193
193
195
190
189
185
187
184
178
175
171
169
170
170
170
169
165
163
164
163
161
162
160
157
154
156
157
151
150
151
148
146
146
141
136
130
127
126
123
120
115
114
113
108
106
106
104
103
101
101
99
96
92
90
90
88
85
83
81
80
78
78
77
74
73
69
64
63
59
58
54
52
53
50
49
46
46
46
44
43
42
41
41
41
39
37
35
33
32
31
30
29
28
28
28
27
26
26
26
26
24
22
21
19
19
19
19
17
16
16
16
15
15
14
14
14
13
13
13
13
13
12
12
11
11
11
10
9
9
8
7
7
7
7
6
6
5
5
5
5
5
5
5
5
5
4
4
4
4
3
2
2
2
2
2
2
2
2
2
2
2
2
2
2
1
1
1
1
1
1
1
1
1
1
1
1
1
1
1
0
0
0
0
0
0
0
0
0
0
0
0
0
0
0
0
0
0
0
0
0
0
0
0
0
0
0
0
0
0
0
0
0
0
