543
601
648
724
801
885
986
1097
1217
1314
1435
1560
1709
1817
1980
2131
2288
2454
2619
2792
3002
3177
3382
3564
3734
3955
4177
4454
4668
4887
5139
5391
5645
5881
6157
6392
6658
6960
7325
7634
7955
8299
8582
8875
9212
9508
9880
10152
10452
10732
11069
11340
11577
11804
12076
12395
12805
13005
13173
13413
13675
13912
14114
14208
14381
14527
14691
14781
14919
15106
15201
15316
15530
15651
15673
15709
15775
15827
15910
15948
16042
16168
16192
16221
16403
16426
16520
16553
16612
16638
16769
16814
16772
16789
16778
16786
16811
16885
16780
16750
16855
16830
16886
16957
17087
17084
17006
17038
17066
17122
17257
17209
17199
17260
17192
17175
17251
17205
17183
17185
17129
17132
17077
17008
16864
16744
16597
16425
16354
16291
16071
16002
15875
15793
15680
15482
15510
15370
15178
14969
14898
14770
14646
14496
14352
14148
13973
13874
13685
13598
13457
13268
13091
12857
12732
12610
12503
12278
12183
12073
11874
11666
11571
11378
11369
11164
11070
10902
10851
10718
10525
10429
10294
10222
10143
10118
10084
9951
9700
9550
9505
9398
9270
9184
9058
8946
8773
8717
8566
8474
8347
8214
8129
8030
7883
7778
7591
7447
7367
7258
7101
7052
6926
6813
6701
6628
6514
6325
6189
6101
6065
5928
5830
5786
5740
5666
5500
5357
5253
5128
5094
5037
4898
4752
4618
4526
4453
4402
4316
4216
4121
4039
3958
3853
3749
3680
3567
3481
3391
3301
3188
3118
3054
2936
2878
2810
2753
2706
2650
2583
2536
2513
2455
2390
2327
2229
2150
2069
1985
1935
1861
1778
1738
1697
1643
1614
1546
1517
1460
1418
1379
1328
1263
1235
1201
1159
1111
1083
1045
1006
982
950
918
863
816
765
727
701
701
690
677
666
639
614
587
567
563
528
506
498
491
477
462
458
437
418
390
367
352
332
318
298
290
278
263
267
251
235
228
219
216
203
179
160
157
154
137
133
125
120
119
101
96
77
72
64
67
58
58
55
56
55
47
43
40
40
38
34
35
33
30
26
26
25
24
22
25
25
21
17
14
17
14
11
11
10
10
14
14
14
16
15
13
16
13
11
11
10
13
13
13
15
15
14
12
12
9
11
11
10
10
7
5
3
4
4
4
2
2
3
4
4
4
4
4
4
4
5
3
5
4
4
3
3
3
3
3
2
0
0
0
0
0
0
0
0
0
0
0
0
0
0
0
0
0
0
0
0
0
0
0
0
0
0
0
0
0
0
0
0
0
0
0
0
0
0
0
0
0
0
0
0
0
0
0
0
0
0
0
0
0
0
0
0
0
0
0
0
0
0
0
0
0
0
0
0
0
0
0
0
0
0
0
0
0
0
0
0
0
0
0
0
0
0
0
0
0
0
0
0
0
0
0
0
0
0
0
0
0
0
0
0
0
0
0
0
0
0
0
0
0
0
0
0
0
0
0
0
0
0
0
0
0
0
0
0
0
0
0
0
0
0
0
0
0
0
0
0
0
0
0
0
0
0
0
0
0
0
0
0
0
0
0
0
0
0
0
0
0
0
0
0
0
0
0
0
0
0
0
0
0
0
0
0
0
0
0
0
0
0
