551
620
693
767
844
920
996
1098
1201
1323
1453
1582
1712
1865
2031
2207
2360
2548
2731
2915
3141
3333
3543
3770
4038
4342
4627
4964
5274
5569
5891
6272
6584
7005
7424
7820
8236
8679
9181
9673
10248
10729
11228
11823
12383
13001
13740
14446
15069
15812
16617
17436
18245
18993
19836
20775
21707
22715
23779
24841
25891
26830
28016
29195
30330
31505
32793
34065
35209
36316
37499
38813
40060
41454
42739
43924
45111
46416
47785
49146
50420
51970
53253
54804
56303
57835
59316
60757
62206
63893
65517
67133
68763
70675
72638
74690
76592
78759
80764
82978
85234
87430
89573
91797
94083
96304
98542
101012
103466
105935
108119
110452
112829
115207
117420
119753
121829
124058
125993
128183
130194
132238
134227
136603
138649
140837
143249
145375
147695
149946
152222
154316
156439
158472
160453
162783
164983
166863
168738
171256
173347
175363
177884
180346
182616
184868
187071
189212
191252
193215
195067
196600
198476
200360
202303
203952
205470
206905
208031
209272
210617
212113
213579
214921
215902
217120
218754
219718
220781
222063
223076
224609
225733
226448
227346
228594
229002
229433
230313
231361
232405
233031
233802
234813
235759
235943
236773
237183
237808
238114
238133
237775
237762
238034
237973
237848
238003
238343
238569
238149
237706
237454
236849
236080
235839
234902
234207
233232
232443
231418
230219
229297
228136
226998
225851
224931
224197
222897
221548
220484
219525
218413
217465
216100
214443
212916
211364
209588
207586
205615
203664
201636
199467
197497
195275
193285
191067
188862
186363
183833
181710
179473
176833
174514
171910
169399
166884
164493
162170
159383
156888
154174
151943
149345
146660
144080
141559
139048
136896
134081
131576
129242
127129
124473
122177
119851
117388
114645
112665
110548
108185
105800
103293
101022
98595
96430
94375
92281
89896
87581
85199
83084
80866
78729
76781
74448
72294
70150
68164
66177
64238
62483
60614
58796
57027
55336
53603
52076
50625
49036
47311
45803
44352
42972
41665
40256
39117
37846
36693
35539
34494
33393
32185
31401
30263
29438
28429
27508
26705
25893
25041
24246
23488
22665
21823
21036
20349
19664
19049
18453
17831
17347
16808
16266
15668
15116
14611
14155
13618
13203
12622
11978
11529
11137
10791
10367
9977
9613
9234
8808
8452
8137
7862
7587
7264
6999
6744
6462
6169
5869
5645
5420
5201
4965
4750
4578
4429
4236
4060
3913
3816
3660
3480
3332
3166
3028
2923
2827
2725
2598
2489
2419
2324
2222
2158
2068
1946
1874
1811
1728
1669
1586
1530
1458
1385
1326
1264
1182
1098
1048
1002
975
916
856
815
771
717
681
656
623
595
572
551
512
484
461
434
413
392
387
358
338
310
301
273
262
248
236
214
206
210
192
185
178
169
161
156
139
127
124
117
119
115
117
115
112
108
97
89
88
77
76
74
70
68
71
66
62
59
55
58
57
53
51
47
54
52
50
49
45
44
45
42
37
42
39
38
33
30
32
32
34
29
26
25
26
24
22
23
19
16
15
13
12
10
12
7
4
4
4
4
4
5
3
2
1
1
0
0
0
0
0
0
0
0
0
0
0
0
0
0
0
0
0
0
0
0
0
0
0
0
0
0
0
0
0
0
0
0
0
0
0
0
0
0
0
0
0
0
0
0
0
0
0
0
0
0
0
0
0
0
0
0
0
0
0
0
0
0
0
0
0
0
0
0
0
0
0
0
0
0
0
0
0
0
0
0
0
0
0
0
0
0
0
0
0
0
0
0
0
