0
7
10
18
27
34
40
52
69
83
96
109
123
133
144
149
162
179
194
205
218
230
248
255
271
287
303
316
336
350
362
374
388
411
424
435
446
461
472
480
493
511
520
526
538
548
563
578
595
609
619
635
646
657
660
676
681
694
704
718
734
738
751
757
765
777
792
794
799
814
833
854
864
874
876
892
908
928
944
954
962
968
979
983
995
1009
1016
1021
1032
1049
1055
1057
1062
1073
1082
1093
1098
1109
1119
1132
1143
1150
1159
1170
1195
1196
1202
1205
1210
1219
1233
1242
1248
1259
1266
1279
1290
1303
1316
1321
1331
1341
1362
1365
1369
1378
1382
1385
1392
1400
1411
1418
1424
1433
1447
1463
1468
1476
1483
1492
1500
1506
1515
1526
1528
1535
1541
1556
1564
1564
1574
1588
1600
1608
1612
1623
1630
1630
1636
1641
1648
1658
1668
1673
1681
1685
1695
1700
1709
1714
1719
1727
1738
1746
1747
1752
1755
1755
1761
1771
1780
1792
1798
1801
1811
1818
1824
1826
1829
1834
1847
1852
1857
1852
1861
1863
1863
1872
1873
1870
1869
1873
1879
1882
1886
1883
1885
1889
1890
1892
1894
1898
1904
1904
1902
1911
1914
1921
1918
1923
1928
1933
1938
1944
1951
1952
1949
1950
1947
1945
1940
1939
1940
1944
1938
1930
1933
1929
1928
1923
1920
1922
1925
1916
1911
1915
1915
1905
1905
1907
1902
1898
1895
1897
1890
1883
1884
1883
1881
1876
1871
1868
1861
1855
1852
1849
1846
1845
1841
1835
1832
1821
1817
1817
1813
1805
1801
1792
1784
1780
1773
1776
1770
1763
1756
1742
1736
1730
1716
1709
1704
1698
1689
1683
1678
1674
1667
1661
1653
1645
1637
1629
1625
1622
1615
1609
1605
1598
1594
1591
1584
1581
1578
1566
1562
1557
1551
1547
1544
1535
1529
1524
1521
1518
1509
1502
1494
1487
1481
1475
1471
1469
1465
1461
1457
1450
1445
1435
1428
1422
1416
1408
1404
1400
1394
1388
1384
1377
1371
1367
1363
1359
1355
1352
1346
1339
1333
1329
1328
1323
1318
1311
1308
1301
1296
1288
1282
1274
1269
1263
1262
1255
1252
1248
1241
1235
1222
1217
1208
1201
1195
1187
1184
1181
1180
1174
1168
1165
1163
1155
1152
1147
1143
1143
1138
1132
1125
1118
1116
1112
