959932
921306
883993
848056
813092
779966
747993
717178
687451
659160
631993
605775
580758
556620
533494
511401
489966
469729
450212
431407
413464
396287
379970
364086
348752
334253
320272
307003
294377
282149
270302
259019
248374
237874
227945
218397
209350
200632
192359
184413
176795
169540
162655
155974
149576
143385
137597
131946
126554
121413
116542
111957
107500
103265
99019
95132
91288
87692
84220
80930
77827
74754
71766
68984
66294
63768
61338
59020
56665
54501
52419
50463
48599
46870
45143
43533
42015
40635
39281
37866
36604
35367
34139
32982
31885
30811
29758
28810
27862
26951
26128
25297
24475
23742
23024
22389
21783
21120
20486
19841
19290
18724
18194
17700
17139
16667
16192
15726
15288
14895
14517
14197
13841
13551
13285
12989
12767
12439
12194
11906
11646
11408
11160
10967
10811
10656
10459
10322
10171
9976
9847
9742
9645
9548
9466
9373
9294
9227
9124
9043
8956
8911
8854
8808
8770
8699
8631
8549
8515
8478
8443
8459
8422
8408
8414
8381
8400
8384
8401
8369
8365
8353
8358
8361
8365
8398
8411
8433
8442
8486
8497
8539
8611
8623
8683
8727
8732
8765
8817
8867
8939
8980
9038
9100
9225
9318
9402
9487
9576
9702
9834
9976
10079
10237
10377
10543
10694
10844
10980
11125
11279
11420
11584
11739
11906
12064
12240
12452
12647
12836
13055
13264
13472
13684
13894
14116
14328
14575
14833
15103
15358
15614
15865
16122
16375
16627
16857
17113
17350
17612
17879
18125
18372
18637
18887
19132
19380
19605
19839
20083
20311
20580
20806
21059
21318
21572
21817
22053
22288
22560
22816
23054
23277
23527
23785
24063
24306
24556
24781
25019
25279
25511
25753
25999
26226
26470
26736
26990
27241
27449
27717
27963
28225
28455
28710
28938
29183
29466
29699
29947
30185
30409
30651
30900
31145
31407
31629
31863
32094
32342
32577
32846
33087
33322
33573
33812
34061
34284
34528
34749
34978
35233
35453
35714
35956
36211
36463
36707
36964
37217
37457
37686
37917
38179
38403
38636
38874
39131
39335
39570
39797
40040
40261
40469
40713
40950
41193
41443
41675
41905
42110
42330
42580
42813
43044
43302
43551
43781
44032
44280
44543
44780
45024
45261
45488
45724
45956
46191
46438
46670
46905
47158
47403
47633
47865
48080
48326
48572
48786
49024
49249
49469
49739
49983
50226
50467
50709
50938
51208
51433
51685
51949
52196
52425
52673
52909
53139
53371
53623
53868
54105
54352
54571
54828
55063
55267
55485
55739
55995
56244
56485
56705
56935
57174
57422
57688
57909
58178
58409
58656
