960183
921406
884110
848380
813749
780822
748818
718204
688696
660513
633007
607100
581955
558134
535033
512897
491824
471301
451872
432928
414950
397536
381176
365243
349960
335521
321504
308095
295242
282948
271063
259729
249098
238739
228839
219417
210276
201816
193466
185345
177703
170360
163359
156742
150378
144143
138363
132638
127287
122106
117043
112212
107684
103398
99230
95312
91501
87887
84334
80966
77679
74574
71547
68699
65941
63421
60953
58610
56336
54170
52157
50164
48299
46436
44765
43115
41579
39984
38473
37111
35864
34557
33381
32195
31036
29981
28998
27950
26960
26045
25156
24368
23579
22917
22204
21489
20805
20248
19688
19085
18534
18015
17496
17062
16606
16117
15679
15281
14849
14500
14105
13804
13494
13189
12875
12601
12333
12135
11885
11644
11400
11227
11040
10820
10621
10408
10262
10113
10018
9870
9726
9573
9445
9321
9254
9135
9040
8919
8841
8746
8660
8579
8502
8433
8337
8248
8225
8201
8177
8104
8031
7999
7997
7997
7962
7932
7873
7871
7874
7856
7839
7821
7785
7793
7831
7819
7795
7801
7767
7761
7703
7708
7715
7735
7750
7781
7790
7811
7823
7876
7887
7937
8015
8028
8081
8093
8171
8220
8248
8295
8323
8369
8377
8433
8497
8572
8642
8721
8830
8909
9010
9078
9199
9305
9421
9555
9703
9824
9989
10128
10275
10410
10581
10753
10938
11058
11202
11340
11498
11692
11839
12039
12252
12514
12726
12958
13214
13489
13713
13946
14189
14398
14607
14851
15100
15366
15617
15867
16108
16361
16597
16811
17066
17328
17565
17836
18072
18283
18506
18754
19009
19236
19489
19737
19963
20218
20483
20727
20954
21219
21457
21697
21910
22179
22402
22648
22894
23154
23392
23627
23863
24105
24315
24536
24783
25037
25286
25537
25797
26056
26290
26543
26796
27041
27280
27510
27751
28001
28237
28472
28699
28958
29195
29449
29678
29906
30162
30400
30682
30916
31172
31395
31615
31859
32103
32309
32547
32782
32970
33178
33444
33690
33965
34191
34412
34653
34897
35133
35360
35600
35853
36085
36318
36553
36801
37047
37287
37557
37793
38002
38233
38470
38734
38994
39239
39476
39726
39957
40190
40421
40668
40908
41147
41414
41631
41905
42151
42398
42656
42938
43188
43426
43662
43909
44162
44399
44606
44831
45078
45325
45573
45795
46024
46234
46475
46708
46942
47182
47431
47665
47898
48175
48385
48588
48818
49032
49270
49527
49767
50005
50242
50498
50720
50965
51207
51427
51651
51878
52112
52369
52599
52827
53074
53327
53556
53788
54023
54272
54493
54728
