39197
74584
106861
136010
162758
186283
207429
226511
243163
257902
271015
282609
292280
300508
307231
312696
317502
320563
323062
324499
325222
324883
323975
322361
320551
317994
315232
311890
308292
304057
299819
295198
290340
285270
280343
275088
269403
263904
258611
252906
247236
241666
236103
230622
224847
219211
213794
208262
202846
197677
192324
187145
182187
176911
171834
167040
162323
157583
152658
148226
143808
139575
135332
131366
127433
123423
119562
115829
112083
108571
104969
101491
98369
95278
92110
89266
86251
83488
80743
78155
75576
73215
70773
68505
66176
63907
61781
59685
57670
55806
53948
52165
50484
48741
47107
45518
43993
42543
41113
39756
38523
37249
36074
34866
33666
32630
31529
30552
29540
28578
27726
26785
25983
25173
24413
23621
22931
22210
21521
20875
20262
19600
19079
18522
17991
17485
16953
16503
16090
15644
15272
14831
14399
14015
13640
13257
12892
12563
12256
11925
11661
11322
11078
10835
10537
10291
10008
9769
9544
9274
9045
8840
8632
8456
8244
8078
7910
7745
7588
7448
7291
7161
7021
6841
6674
6547
6391
6264
6161
6054
5933
5817
5706
5584
5513
5366
5226
5133
5015
4936
4838
4762
4671
4564
4441
4355
4245
4168
4080
3984
3892
3763
3690
3584
3483
3387
3285
3211
3148
3083
2998
2917
2830
2747
2646
2542
2454
2337
2239
2148
2067
1978
1887
1806
1730
1668
1620
1565
1506
1449
1384
1321
1254
1200
1121
1058
1007
955
912
869
827
786
734
697
660
623
590
562
530
501
467
448
429
410
386
369
349
334
317
294
278
266
252
236
225
215
204
195
184
174
165
152
144
135
131
124
118
107
103
101
92
90
86
83
80
78
75
72
68
65
59
57
55
50
49
47
47
46
44
43
43
40
38
37
37
35
32
29
29
26
26
25
25
24
24
23
20
20
20
20
19
19
19
18
15
15
15
12
11
11
10
10
8
8
7
6
6
6
6
6
6
6
5
5
5
5
5
5
5
5
4
3
2
2
2
2
2
2
2
2
2
2
2
2
2
2
2
2
2
2
2
2
2
1
1
1
1
1
0
0
0
0
0
0
0
0
0
0
0
0
0
0
0
0
0
0
0
0
0
0
0
0
0
0
0
0
0
0
0
0
