38951
74205
106705
136144
162220
186076
207386
226336
243539
258709
271847
283164
292861
301269
308200
313988
318201
321939
324281
325575
326184
326029
325284
324006
322185
319453
316353
312997
309324
305223
300919
296566
291790
286534
281341
275946
270649
264961
259413
254022
248370
242375
236564
230992
225475
219910
214306
208716
203277
197768
192634
187285
182109
176971
171864
167068
162219
157477
152791
148134
143820
139608
135273
131233
127162
123356
119534
115772
112107
108533
105036
101627
98488
95309
92132
89134
86303
83420
80671
77960
75477
73070
70549
68258
65892
63661
61463
59474
57526
55693
53819
51937
50154
48564
47007
45402
43879
42536
41030
39786
38529
37302
36107
34869
33691
32522
31474
30456
29453
28472
27604
26694
25924
25084
24382
23670
22926
22135
21434
20812
20179
19617
18999
18396
17892
17353
16861
16355
15867
15388
14907
14505
14104
13756
13415
13043
12697
12382
12124
11815
11500
11157
10897
10645
10381
10154
9898
9667
9457
9221
8978
8774
8578
8350
8191
8020
7858
7672
7491
7369
7257
7127
6983
6878
6811
6659
6579
6486
6404
6296
6178
6064
6005
5915
5798
5720
5625
5531
5441
5356
5306
5239
5161
5086
4999
4907
4792
4677
4589
4492
4407
4325
4259
4172
4052
3961
3890
3830
3759
3695
3618
3530
3479
3381
3314
3245
3157
3099
3067
2995
2919
2864
2787
2744
2677
2612
2541
2476
2431
2366
2296
2233
2151
2095
2007
1926
1831
1756
1673
1599
1532
1447
1390
1326
1247
1166
1100
1058
1011
955
904
855
809
773
725
689
652
614
586
555
524
497
474
443
411
395
376
348
332
313
288
276
261
254
242
224
214
204
197
186
181
167
158
150
143
137
128
120
115
109
101
95
93
87
84
81
79
77
74
68
62
59
58
55
53
50
48
42
42
42
38
35
35
32
32
30
29
27
25
24
24
21
21
21
21
21
19
15
14
14
12
11
11
11
10
10
10
9
8
8
8
8
7
7
6
6
6
6
6
6
6
6
6
5
4
4
4
4
4
4
4
4
4
4
4
4
4
4
4
4
4
4
4
3
3
2
2
2
2
1
1
1
1
1
1
1
1
1
0
0
0
0
0
0
0
0
0
0
0
0
0
0
0
0
0
0
0
0
0
0
