38751
74488
106962
136143
162584
186127
207663
226599
243679
258514
271942
283106
293037
300793
307590
312996
317139
320500
322833
324547
325351
325433
324430
322996
321255
318635
315766
312684
308991
304925
300768
296060
290959
286019
281002
275446
270099
264304
258683
253400
247887
242115
236112
230244
224612
219237
213613
208267
202741
197423
192260
187123
181834
176780
171771
166611
161682
156960
152377
147918
143651
139324
135184
131069
127058
123157
119352
115481
111924
108460
104949
101656
98348
95276
92080
89236
86372
83533
80922
78300
75586
73142
70713
68445
66216
63987
61812
59789
57789
55941
54091
52219
50518
48774
47171
45593
44116
42661
41220
39871
38512
37260
36027
34884
33791
32683
31671
30617
29618
28662
27715
26746
25907
25088
24344
23535
22874
22125
21466
20860
20227
19613
18974
18412
17857
17370
16837
16337
15802
15347
14982
14575
14122
13749
13345
13004
12644
12382
12090
11764
11464
11168
10907
10602
10308
10071
9838
9592
9357
9162
9005
8774
8561
8431
8273
8076
7932
7768
7573
7426
7310
7217
7089
6945
6813
6725
6667
6590
6518
6447
6389
6313
6213
6134
6042
5920
5810
5710
5618
5500
5413
5301
5199
5131
5055
4981
4883
4816
4808
4747
4686
4637
4639
4578
4514
4469
4426
4359
4279
4224
4139
4092
4032
3947
3849
3761
3663
3590
3495
3396
3333
3259
3185
3099
3006
2946
2901
2827
2756
2673
2619
2520
2425
2305
2210
2111
2004
1915
1819
1707
1619
1541
1454
1380
1310
1238
1171
1112
1045
994
959
911
846
809
768
726
687
655
612
583
556
530
507
484
455
431
408
389
374
346
325
307
284
271
266
255
241
228
215
204
195
182
174
159
153
142
137
132
127
119
113
106
102
97
91
87
84
80
74
68
65
60
58
56
55
53
50
47
43
40
38
37
34
32
31
31
29
29
28
26
26
24
23
23
22
22
21
21
21
19
18
18
16
16
15
15
12
10
9
9
9
9
9
9
9
8
8
8
8
8
8
7
7
5
4
3
3
3
3
3
3
3
3
3
3
3
3
3
3
3
3
3
3
3
3
3
3
3
3
3
2
2
2
2
2
2
1
1
1
1
1
1
1
0
0
0
0
0
0
0
0
0
0
0
0
0
0
0
0
0
