6521
3312
2150
1690
1380
1207
1030
988
914
844
795
767
728
736
701
716
704
719
657
701
725
665
699
720
676
686
739
752
698
788
728
733
760
732
792
780
838
835
814
864
923
867
962
1001
1045
993
1027
1093
1070
1101
1127
1190
1150
1279
1307
1275
1356
1440
1497
1514
1612
1584
1604
1673
1769
1765
1869
1919
1959
2099
2134
2217
2275
2287
2417
2447
2515
2668
2679
2798
2937
3048
3108
3252
3354
3407
3609
3653
3696
3911
4144
4123
4265
4463
4588
4643
4941
5156
5330
5489
5802
5962
6123
6235
6440
6608
6792
7035
7337
7462
7629
7852
8126
8375
8809
9034
9245
9464
9817
10080
10358
10750
11085
11430
11708
11834
12558
12805
13123
13441
13934
14414
14424
14820
15127
15466
16115
16278
16924
17167
17612
17938
18662
18725
18870
19393
19838
20240
20704
21173
21542
21830
22454
22869
23433
23543
23791
24303
24761
25360
25701
26198
26852
27055
27634
28006
28526
29024
29579
29768
29806
30100
30710
31307
31737
32309
32772
33233
33380
33575
33876
34140
34733
35130
35457
35922
36270
36674
37314
37620
37847
38256
38435
38711
39183
39290
39838
40178
40582
40795
41279
41822
42073
42402
42678
43105
43485
44225
44587
45011
45328
45673
46144
46410
46698
46713
46872
46994
47349
47694
47950
48245
48534
49030
49562
50013
50520
50902
51502
52002
52533
53203
53579
54077
54628
55274
56027
56893
57812
58753
59534
60086
60685
61404
61908
62854
63667
64308
65144
66323
67347
68426
69759
70965
72226
73340
74689
76283
77897
79626
81567
83759
85660
87758
90187
92512
94844
97232
99694
102364
104871
107623
110202
112793
115314
117958
120685
123549
126356
129030
131668
134098
136792
139530
142357
144946
147376
149875
152335
154824
157241
159541
161937
164262
166504
168683
170779
172911
175018
176999
179132
181179
183365
185352
187476
189409
191239
193085
194902
196523
198266
199979
201555
203189
204686
206228
207576
208980
210412
211876
213267
214610
215977
217225
218544
219606
220817
221975
223099
224199
225256
226253
227158
227983
228747
229475
230265
231013
231778
232558
233227
233875
234512
235126
235664
236242
236830
237339
237838
238339
238785
239253
239752
240226
240649
241053
241450
241845
242192
242567
242869
243187
243475
243765
244044
244316
244573
244873
245142
245385
245638
245850
246045
246232
246429
246581
246752
246922
247103
247292
247447
247598
247739
247836
247983
248105
248217
248313
248400
248477
248573
248644
248733
248806
248877
248937
249018
249074
249132
249172
