7659
22459
32895
41064
47264
52677
57010
60351
62822
65012
66592
68120
69342
70174
70997
72159
72702
73021
73400
73595
73707
73675
73984
73989
73970
74140
74406
74457
74560
74693
74728
74572
74854
74834
74993
74762
74537
74318
74297
74280
74301
74278
74243
74512
74538
74592
74454
74272
74553
74522
74690
74502
74380
74427
74635
74517
74687
74599
74684
74520
74723
74634
74728
74596
74435
74518
74262
74066
73836
74029
73983
74081
74032
73795
73825
74037
74437
74427
74308
74210
74201
74242
74197
74111
74304
74022
73938
73949
73813
73838
73660
73796
73609
73508
73465
73311
73122
73088
72922
72893
72690
72681
72706
72859
72766
72676
72643
72716
72396
72292
72115
71737
71494
71671
71389
71383
71239
71014
71122
71179
71063
70913
70755
70635
70503
70445
70374
70322
70106
70081
69878
69646
69604
69477
69497
69205
69037
68837
68546
68468
68209
67859
68078
67864
67776
67738
67502
67256
66965
67109
67058
66916
66805
66758
66366
66002
65870
65920
65916
65597
65406
65355
64896
64794
64586
64551
64500
64238
63877
63633
63621
63544
63317
63226
63036
63099
62997
62952
62602
62564
62548
62449
62335
62330
62154
62085
61863
61855
61498
61402
61414
61170
60970
60951
60712
60313
60032
59443
59053
58590
58153
57873
57397
57309
56936
56561
56358
55959
55678
55294
55020
54614
54143
53709
53141
52502
51769
51020
50522
49820
48912
48386
47622
46929
46167
45496
45054
44572
43897
43090
42167
41356
40453
39687
38603
37955
36899
36002
35117
34073
33253
32389
31437
30530
29669
28645
27657
26890
26067
25442
24659
23853
23161
22420
21700
21028
20255
19428
18742
18121
17495
16896
16165
15635
15149
14505
13915
13415
13001
12537
12139
11615
11129
10650
10218
9825
9426
9137
8798
8580
8271
7978
7690
7427
7052
6735
6449
6138
5872
5492
5123
4851
4496
4202
3921
3743
3617
3315
3086
2916
2732
2635
2560
2405
2278
2123
2043
1960
1928
1873
1794
1706
1683
1597
1557
1508
1495
1466
1406
1395
1359
1278
1266
1201
1125
1027
952
880
818
705
645
594
541
504
465
397
343
275
223
190
165
134
111
97
81
66
50
41
28
22
19
15
13
11
9
8
7
4
4
3
2
2
2
2
2
2
2
1
0
0
0
0
0
0
0
0
0
0
0
0
0
0
0
0
0
0
0
0
0
0
0
0
0
0
0
0
0
0
0
0
