0
0
0
0
0
0
0
0
0
0
1
2
2
3
4
4
5
5
6
8
9
9
9
9
11
12
13
13
15
16
16
18
22
25
25
26
25
26
29
33
36
38
40
43
45
45
47
47
47
49
53
53
56
54
53
54
55
57
57
57
59
59
59
61
62
60
62
59
59
58
57
59
58
55
55
54
54
56
54
55
56
58
60
62
61
60
58
59
59
57
58
62
61
62
62
61
62
61
61
60
59
58
59
58
59
56
56
56
56
57
55
55
52
51
52
49
45
45
44
44
44
44
45
45
45
43
43
43
42
42
41
40
40
39
36
35
34
33
31
30
29
29
29
29
28
27
27
27
27
28
28
29
29
31
31
31
29
28
28
27
29
29
30
30
29
29
29
28
27
26
25
24
22
22
22
22
19
17
16
15
15
14
14
14
14
14
15
15
15
15
15
15
14
14
13
13
13
14
14
12
12
11
11
12
12
12
12
13
15
13
13
11
12
12
12
12
12
12
11
11
11
11
11
11
11
10
10
9
9
9
9
9
8
8
7
7
6
6
6
5
5
5
5
5
5
5
5
5
5
5
5
5
5
5
6
6
6
5
5
5
5
5
4
5
5
5
5
5
5
5
5
4
4
4
4
3
4
4
4
4
4
3
3
4
4
4
4
4
4
4
4
4
4
4
4
4
4
4
4
4
4
4
4
4
4
4
4
4
4
3
3
2
1
1
1
1
1
1
1
1
1
1
1
1
1
1
1
1
1
1
1
1
1
1
1
1
1
1
1
1
1
1
1
1
1
1
1
1
1
1
1
1
1
1
1
1
1
1
1
1
1
1
1
1
1
1
1
1
1
1
1
1
1
1
1
1
1
1
1
1
1
1
1
1
1
1
1
1
1
1
1
1
1
1
1
1
1
1
1
1
