29
59
80
96
124
145
163
198
228
253
268
296
315
329
346
366
377
397
422
438
455
469
495
520
551
573
597
625
642
666
682
707
731
754
775
789
811
833
853
868
888
903
917
944
970
986
1009
1021
1043
1055
1072
1090
1110
1133
1149
1161
1173
1193
1213
1232
1253
1276
1296
1313
1336
1362
1384
1407
1428
1450
1473
1482
1497
1521
1537
1551
1573
1595
1610
1630
1650
1674
1709
1724
1747
1768
1783
1805
1825
1856
1874
1897
1921
1935
1954
1966
1989
2009
2035
2051
2068
2090
2107
2129
2153
2172
2193
2213
2239
2256
2276
2292
2315
2333
2358
2379
2394
2418
2435
2457
2477
2492
2506
2524
2547
2575
2607
2632
2657
2687
2706
2740
2761
2793
2824
2843
2862
2877
2899
2918
2930
2951
2973
2993
3022
3039
3065
3085
3102
3123
3157
3176
3194
3221
3245
3269
3283
3312
3337
3355
3374
3397
3413
3435
3452
3470
3490
3510
3532
3552
3566
3591
3611
3628
3638
3660
3685
3709
3729
3749
3764
3787
3807
3828
3847
3864
3885
3904
3931
3947
3964
3975
4003
4023
4041
4054
4071
4092
4117
4132
4155
4179
4200
4217
4234
4250
4271
4289
4310
4336
4365
4388
4413
4444
4467
4487
4512
4540
4561
4582
4609
4627
4644
4662
4686
4711
4735
4753
4770
4785
4808
4828
4852
4878
4889
4913
4938
4962
4986
5001
5018
5037
5059
5080
5097
5105
5123
5148
5170
5208
5224
5255
5276
5288
5302
5325
5340
5364
5381
5393
5416
5438
5461
5478
5496
5519
5536
5553
5575
5603
5621
5634
5659
5670
5692
5707
5730
5743
5758
5779
5796
5815
5844
5861
5878
5897
5922
5939
5958
5974
5989
6015
6040
6063
6084
6104
6121
6149
6169
6192
6216
6234
6267
6296
6319
6337
6351
6373
6392
6416
6434
6454
6480
6505
6530
6563
6586
6608
6632
6648
6675
6698
6719
6739
6752
6776
6806
6829
6848
6860
6878
6896
6916
6937
6962
6986
7011
7031
7056
7078
7093
7111
7133
7155
7172
7193
7216
7237
7251
7275
7292
7308
7328
7359
7383
7398
7414
7432
7461
7486
7503
7525
7554
7580
7606
7623
7645
7665
7688
7712
7739
7754
7774
7797
7818
7843
7867
7883
7906
7925
7946
7965
7991
8012
8033
8049
8071
8090
8111
8131
8153
8178
8202
8218
8236
8255
8276
8298
8316
8338
