23
44
65
78
102
123
140
161
182
220
244
265
284
308
332
356
371
391
414
439
458
481
503
524
549
569
585
607
633
654
684
705
722
735
754
780
803
823
839
861
876
898
920
940
963
979
1000
1014
1043
1064
1087
1110
1134
1160
1179
1195
1219
1238
1253
1274
1287
1310
1333
1342
1362
1380
1400
1420
1450
1473
1484
1498
1518
1534
1554
1576
1600
1624
1645
1661
1680
1698
1713
1728
1743
1762
1790
1815
1836
1853
1869
1890
1908
1923
1944
1960
1979
1998
2016
2044
2073
2091
2109
2133
2153
2174
2194
2213
2235
2253
2273
2285
2299
2321
2335
2359
2384
2405
2426
2454
2467
2489
2508
2529
2553
2573
2597
2616
2633
2655
2676
2695
2722
2740
2748
2768
2781
2801
2820
2834
2844
2862
2882
2906
2929
2962
2984
3016
3039
3052
3076
3106
3127
3148
3170
3198
3228
3244
3259
3296
3319
3340
3359
3379
3403
3428
3456
3477
3495
3521
3535
3552
3573
3590
3607
3620
3647
3665
3691
3716
3738
3754
3777
3795
3810
3832
3849
3872
3895
3922
3940
3965
3990
4011
4030
4065
4088
4108
4129
4147
4161
4187
4211
4220
4242
4257
4281
4306
4323
4339
4358
4377
4407
4427
4448
4465
4479
4500
4513
4529
4549
4569
4590
4617
4635
4655
4672
4700
4716
4741
4759
4775
4796
4827
4844
4869
4904
4918
4940
4962
4986
5012
5036
5053
5075
5102
5130
5156
5174
5197
5222
5240
5264
5276
5293
5323
5347
5371
5387
5404
5425
5449
5478
5500
5524
5544
5562
5589
5608
5628
5650
5670
5692
5714
5736
5764
5791
5811
5823
5840
5860
5875
5891
5914
5932
5960
5976
5998
6022
6038
6063
6083
6107
6125
6157
6177
6194
6212
6233
6255
6280
6307
6336
6354
6382
6405
6427
6450
6467
6481
6504
6524
6545
6568
6591
6612
6636
6656
6677
6691
6713
6735
6748
6774
6800
6828
6850
6865
6879
6902
6919
6941
6956
6981
7000
7021
7046
7063
7084
7101
7136
7160
7182
7205
7223
7245
7274
7298
7309
7326
7343
7362
7381
7408
7431
7454
7472
7488
7514
7538
7551
7574
7594
7624
7653
7664
7679
7703
7729
7745
7770
7789
7802
7831
7853
7872
7891
7924
7940
7964
7980
7998
8019
8035
8053
8076
8097
8118
8139
8164
8182
8199
8225
8243
8268
8287
8309
8323
8346
8366
