0
0
0
3
6
17
26
32
40
54
67
71
78
85
99
107
110
124
130
136
146
155
166
171
174
185
193
194
207
212
225
233
247
254
252
248
248
248
248
251
253
261
269
268
264
269
275
277
285
280
279
278
286
291
289
290
294
290
292
294
293
292
289
292
294
290
290
287
292
285
286
296
298
297
293
296
300
302
301
297
294
293
295
292
294
291
278
278
274
271
269
265
265
265
266
270
270
276
272
273
266
260
262
260
247
248
250
249
249
248
246
247
244
240
240
239
241
236
236
238
241
240
241
245
239
236
235
233
231
229
230
232
229
224
220
219
215
214
213
205
202
196
197
200
193
190
190
189
192
190
188
187
184
183
182
178
179
175
176
178
172
166
160
157
160
166
167
166
167
164
165
166
168
170
166
161
158
157
152
150
148
151
152
151
145
145
143
144
148
148
148
147
150
146
146
143
140
145
144
142
140
136
142
139
141
145
141
138
135
136
131
128
126
120
120
114
110
106
102
103
99
96
90
91
91
91
88
88
89
85
81
80
78
75
74
74
70
70
71
73
72
74
71
71
70
67
67
65
63
62
59
56
53
53
54
53
52
51
51
48
46
44
44
44
44
44
42
40
38
39
38
37
35
35
34
34
34
33
33
33
33
30
29
27
26
24
25
25
26
26
26
25
24
20
20
20
19
19
19
18
18
17
17
17
17
17
17
17
17
16
16
16
16
16
16
16
15
15
14
14
14
14
12
11
10
10
10
10
10
10
10
9
9
9
9
9
9
8
7
7
7
7
7
7
7
7
7
7
7
7
7
6
6
6
6
6
6
6
5
5
4
4
4
4
4
4
4
4
4
3
3
3
3
3
3
3
3
2
2
2
2
2
2
1
1
1
1
1
1
1
1
1
1
1
1
1
1
1
1
1
