0
2
3
6
9
16
28
42
51
60
70
92
98
107
111
127
134
139
143
147
146
148
153
162
174
185
193
201
213
218
229
231
240
238
234
244
246
244
254
260
260
264
261
271
276
279
279
285
289
286
288
285
285
287
284
287
284
286
283
284
289
292
292
294
296
297
292
285
280
288
286
283
276
271
274
274
271
271
273
275
269
274
270
279
279
278
275
272
268
271
268
267
267
261
257
259
259
249
244
243
243
242
241
240
242
246
241
233
233
235
230
229
230
224
215
209
206
207
204
206
206
206
204
207
204
206
197
202
199
198
198
196
191
189
188
189
185
188
189
191
189
183
183
184
182
176
178
181
173
170
170
167
162
156
152
156
159
154
155
152
150
147
147
151
150
153
149
146
143
145
145
144
147
149
140
140
143
140
141
141
140
143
140
143
147
146
146
145
143
138
138
135
134
133
129
127
130
127
129
126
125
121
123
121
120
120
121
121
120
117
118
119
117
114
113
112
113
109
112
112
113
112
110
107
105
102
97
96
95
93
94
92
91
92
89
84
80
75
73
73
71
71
72
71
71
70
69
68
67
66
66
64
63
62
57
55
54
53
52
51
48
46
46
43
43
44
43
41
36
35
34
33
33
32
32
32
32
31
30
30
30
29
30
27
26
25
23
23
23
22
22
21
21
21
21
21
21
21
22
21
21
19
19
18
18
18
16
16
16
16
13
13
13
14
14
14
13
12
12
12
11
11
10
10
10
9
9
9
9
9
8
8
8
8
8
8
6
6
6
5
5
5
5
5
5
5
5
5
5
5
5
5
4
4
4
4
4
4
4
4
4
4
4
4
4
4
3
3
3
3
3
3
3
3
3
3
3
3
3
3
3
3
3
3
3
3
3
3
3
2
2
2
2
2
2
2
2
2
2
2
