9
23
37
41
40
41
43
43
44
38
33
33
29
30
25
30
31
36
44
39
37
35
33
32
36
38
41
38
47
45
47
45
35
38
38
40
40
48
47
44
45
44
45
44
46
41
44
46
48
48
50
60
63
63
56
58
58
56
54
58
66
70
82
81
83
86
84
84
83
80
88
93
99
90
85
88
90
95
105
104
111
118
125
130
133
130
140
146
144
145
147
154
159
166
172
172
176
177
186
196
201
203
206
205
211
212
219
221
230
230
227
232
244
243
253
256
257
263
266
271
279
285
294
298
302
304
313
316
318
328
334
344
356
369
377
385
395
402
405
405
413
414
415
429
433
441
448
453
460
470
470
473
476
485
491
496
506
520
529
539
545
560
568
588
587
596
615
624
630
636
638
648
657
662
666
671
681
689
698
705
718
725
725
727
735
745
750
754
771
777
783
793
808
814
817
826
827
836
848
855
863
873
883
895
902
910
923
937
945
955
962
976
984
993
1001
1011
1019
1027
1034
1048
1053
1064
1070
1076
1088
1097
1103
1116
1120
1132
1141
1153
1163
1171
1180
1190
1200
1219
1232
1239
1247
1263
1271
1279
1294
1305
1312
1319
1325
1330
1338
1350
1365
1382
1393
1400
1411
1421
1434
1443
1457
1470
1481
1488
1502
1510
1520
1534
1547
1556
1570
1577
1588
1599
1612
1625
1647
1659
1669
1684
1691
1701
1710
1719
1724
1735
1745
1758
1769
1781
1788
1804
1820
1837
1854
1861
1868
1878
1883
1898
1906
1926
1938
1956
1958
1972
1984
1996
2015
2023
2031
2044
2052
2060
2072
2088
2100
2112
2123
2136
2147
2163
2168
2174
2181
2196
2201
2209
2226
2234
2249
2266
2275
2282
2291
2302
2309
2321
2334
2344
2350
2361
2376
2390
2395
2409
2415
2425
2431
2442
2456
2468
2487
2497
2504
2517
2528
2536
2547
2558
2569
2582
2592
2605
2616
2627
2636
2646
2657
2667
2684
2691
2698
2709
2719
2728
2733
2743
2751
2768
2776
2784
2797
2804
2813
2823
2834
2839
2848
2856
2867
2874
2883
2895
2904
2913
2923
2935
2941
2957
