5
13
19
26
38
49
47
45
47
37
39
35
33
31
34
39
35
36
33
37
33
29
30
34
34
32
30
30
33
27
29
39
35
37
38
37
41
38
38
43
40
42
47
46
47
49
40
44
47
45
46
49
47
46
45
52
56
54
57
56
60
52
56
62
63
68
72
80
86
88
88
89
99
95
95
97
102
101
100
101
101
106
114
110
116
118
123
132
130
131
136
137
143
145
143
142
149
159
164
171
184
185
185
191
188
193
199
210
223
225
224
220
230
239
250
249
256
257
264
268
264
272
278
276
283
291
298
301
303
311
317
325
333
344
345
346
351
357
363
368
375
381
387
388
395
400
404
408
416
425
429
434
445
454
462
472
483
487
500
508
517
527
533
539
555
567
570
578
586
591
603
610
618
628
631
644
656
660
669
678
675
685
695
695
697
705
711
716
721
726
740
751
757
757
765
775
783
790
795
804
817
818
817
826
841
845
856
867
877
881
896
905
911
920
924
936
936
943
954
961
974
982
986
998
1008
1023
1029
1046
1055
1070
1083
1094
1097
1106
1112
1119
1133
1139
1149
1158
1164
1178
1197
1209
1217
1223
1228
1230
1240
1244
1252
1257
1265
1277
1286
1297
1307
1314
1325
1332
1338
1347
1355
1362
1374
1387
1400
1405
1410
1413
1419
1429
1443
1449
1454
1468
1474
1478
1485
1500
1511
1519
1530
1537
1547
1560
1573
1580
1590
1603
1617
1632
1638
1650
1658
1672
1681
1688
1703
1719
1731
1745
1755
1771
1781
1789
1800
1807
1812
1824
1833
1847
1861
1872
1882
1894
1906
1913
1919
1929
1940
1951
1959
1971
1976
1981
1987
2004
2014
2021
2034
2045
2056
2065
2076
2085
2092
2106
2115
2126
2137
2143
2153
2167
2170
2184
2197
2207
2216
2223
2236
2245
2254
2259
2276
2289
2305
2317
2323
2330
2339
2346
2358
2368
2380
2391
2402
2418
2425
2430
2445
2457
2468
2480
2487
2496
2504
2511
2527
2534
2543
2553
2560
2570
2582
2592
2605
2614
2621
2637
2650
2667
2678
2686
2693
2708
2725
2734
2743
2751
