529
575
622
656
704
751
804
853
889
940
985
1040
1085
1123
1191
1243
1290
1342
1387
1436
1468
1508
1551
1585
1601
1656
1680
1733
1763
1773
1805
1821
1853
1862
1888
1914
1929
1947
1939
1944
1949
1987
2019
2005
2042
2039
2015
2001
2001
2000
1937
1919
1897
1904
1873
1868
1856
1835
1778
1765
1754
1711
1701
1672
1632
1618
1596
1591
1566
1524
1510
1462
1431
1416
1385
1349
1311
1310
1286
1250
1226
1205
1200
1164
1131
1102
1087
1057
1024
977
937
912
886
849
836
821
795
781
756
727
690
673
648
632
611
572
563
537
534
521
489
466
445
427
415
383
359
354
330
306
302
302
283
267
257
246
243
242
229
219
219
220
207
205
193
190
178
169
157
160
158
150
139
133
132
125
118
115
116
110
110
102
107
98
91
89
89
91
89
83
80
74
69
69
67
61
62
58
54
51
48
45
43
42
44
41
40
35
34
33
32
32
31
30
24
19
17
17
18
17
15
13
11
10
10
10
9
9
10
10
10
9
7
7
8
7
8
8
8
9
7
6
7
6
7
8
7
8
8
6
6
7
7
7
7
7
6
5
4
5
3
3
4
5
5
4
4
4
4
3
2
1
0
0
0
0
0
0
0
0
0
0
0
0
0
0
0
0
0
0
0
0
0
0
0
0
0
0
0
0
0
0
0
0
0
0
0
0
0
0
0
0
0
0
0
0
0
0
0
0
0
0
0
0
0
0
0
0
0
0
0
0
0
0
0
0
0
0
0
0
0
0
0
0
0
0
0
0
0
0
0
0
0
0
0
0
0
0
0
0
0
0
0
0
0
0
0
0
0
0
0
0
0
0
0
0
0
0
0
0
0
0
0
0
0
0
0
0
0
0
0
0
0
0
0
0
0
0
0
0
0
0
0
0
0
0
0
0
0
0
0
0
0
0
0
0
0
0
0
0
0
0
0
0
0
0
0
0
0
0
