536
559
604
646
689
734
781
830
871
932
973
1031
1087
1134
1171
1200
1225
1294
1332
1376
1409
1442
1506
1536
1566
1634
1678
1684
1740
1782
1789
1816
1831
1869
1866
1865
1875
1873
1861
1874
1872
1879
1893
1872
1890
1889
1887
1889
1883
1883
1883
1877
1856
1834
1827
1799
1783
1761
1749
1726
1697
1666
1632
1568
1546
1471
1421
1367
1340
1321
1275
1255
1224
1186
1161
1125
1086
1057
1044
1015
970
961
949
912
884
847
841
812
797
757
731
704
689
673
653
625
615
594
573
574
560
554
548
528
507
492
469
448
426
405
392
386
369
362
333
321
312
287
270
266
254
249
247
238
233
234
221
216
220
205
200
206
193
181
169
168
163
161
149
138
135
137
128
126
118
113
109
100
98
92
93
92
85
81
80
78
76
83
75
70
64
59
51
49
41
38
34
35
36
33
31
29
30
26
23
21
22
22
21
20
16
16
16
16
14
13
12
12
13
13
14
13
12
12
12
12
12
10
7
7
8
7
7
4
3
4
4
4
4
4
3
2
2
2
1
0
0
0
0
0
0
0
0
0
0
0
0
0
0
0
0
0
0
0
0
0
0
0
0
0
0
0
0
0
0
0
0
0
0
0
0
0
0
0
0
0
0
0
0
0
0
0
0
0
0
0
0
0
0
0
0
0
0
0
0
0
0
0
0
0
0
0
0
0
0
0
0
0
0
0
0
0
0
0
0
0
0
0
0
0
0
0
0
0
0
0
0
0
0
0
0
0
0
0
0
0
0
0
0
0
0
0
0
0
0
0
0
0
0
0
0
0
0
0
0
0
0
0
0
0
0
0
0
0
0
0
0
0
0
0
0
0
0
0
0
0
0
0
0
0
0
0
0
0
0
0
0
0
0
0
0
0
0
0
0
0
0
0
0
0
0
0
0
0
0
0
0
0
0
0
0
0
0
0
0
0
0
0
0
0
