547
582
627
676
708
742
790
852
898
953
1021
1081
1139
1195
1255
1316
1376
1434
1474
1515
1579
1607
1646
1681
1737
1789
1817
1843
1857
1901
1906
1954
1956
1983
1994
1995
2014
2035
2079
2084
2087
2111
2118
2133
2142
2129
2115
2125
2132
2118
2111
2080
2081
2092
2089
2075
2046
2051
2034
1998
2009
1980
1952
1901
1895
1838
1800
1735
1687
1646
1632
1597
1582
1551
1514
1470
1448
1442
1405
1354
1322
1269
1254
1228
1217
1152
1121
1077
1056
1012
968
950
917
886
857
856
839
827
814
775
763
739
702
686
672
661
643
631
614
614
594
558
551
531
522
508
476
460
467
433
409
406
407
391
375
357
350
330
318
307
300
293
284
284
263
252
232
234
225
216
201
182
173
165
155
145
147
137
140
138
125
126
122
117
111
110
112
105
105
104
106
113
111
105
95
90
87
88
85
75
70
71
69
68
62
57
54
51
49
52
49
48
45
42
37
32
28
30
25
26
23
24
23
19
19
18
17
17
17
15
14
14
14
11
11
10
12
10
10
9
8
8
8
7
6
6
6
6
6
7
5
4
3
3
3
2
1
1
1
1
1
1
1
0
0
0
0
0
0
0
0
0
0
0
0
0
0
0
0
0
0
0
0
0
0
0
0
0
0
0
0
0
0
0
0
0
0
0
0
0
0
0
0
0
0
0
0
0
0
0
0
0
0
0
0
0
0
0
0
0
0
0
0
0
0
0
0
0
0
0
0
0
0
0
0
0
0
0
0
0
0
0
0
0
0
0
0
0
0
0
0
0
0
0
0
0
0
0
0
0
0
0
0
0
0
0
0
0
0
0
0
0
0
0
0
0
0
0
0
0
0
0
0
0
0
0
0
0
0
0
0
0
0
0
0
0
0
0
0
0
0
0
0
0
0
0
0
0
0
0
0
0
0
0
0
0
0
0
0
0
0
0
0
0
0
0
0
0
0
0
