540
584
635
689
733
775
816
868
913
950
1008
1069
1120
1180
1212
1262
1309
1365
1409
1443
1469
1529
1581
1627
1674
1713
1765
1791
1838
1869
1900
1939
1975
1975
1995
2013
2019
2035
2072
2090
2121
2091
2093
2066
2071
2095
2079
2052
2031
2023
2001
1961
1933
1925
1913
1904
1868
1851
1856
1844
1848
1851
1829
1794
1781
1768
1743
1716
1655
1618
1604
1566
1545
1529
1512
1471
1444
1400
1387
1369
1343
1328
1291
1257
1208
1188
1158
1122
1107
1052
997
967
956
932
907
865
840
811
790
790
752
718
691
665
645
638
600
570
567
547
532
522
497
470
456
453
438
431
431
401
390
371
348
346
340
333
331
323
317
308
297
295
297
278
279
280
254
243
248
244
234
224
213
210
213
206
196
192
182
178
173
164
166
166
166
163
152
148
143
136
125
115
114
114
110
111
112
111
109
106
105
96
98
96
99
95
94
95
86
83
72
71
67
62
64
66
64
59
58
59
58
58
59
54
47
46
43
41
39
40
41
40
43
42
36
33
32
27
29
29
31
32
32
28
27
26
27
25
26
23
23
22
19
20
17
16
14
14
16
14
12
11
10
9
8
9
8
9
9
9
9
11
11
6
4
4
4
4
4
5
4
4
4
4
3
3
1
1
1
1
0
0
0
0
0
0
0
0
0
0
0
0
0
0
0
0
0
0
0
0
0
0
0
0
0
0
0
0
0
0
0
0
0
0
0
0
0
0
0
0
0
0
0
0
0
0
0
0
0
0
0
0
0
0
0
0
0
0
0
0
0
0
0
0
0
0
0
0
0
0
0
0
0
0
0
0
0
0
0
0
0
0
0
0
0
0
0
0
0
0
0
0
0
0
0
0
0
0
0
0
0
0
0
0
0
0
0
0
0
0
0
0
0
0
0
0
0
0
0
0
0
0
0
0
0
0
0
0
0
0
0
0
0
0
0
0
0
0
0
0
