0	0
0.1	537.2
0.2	576.1
0.3	623.4
0.4	668.7
0.5	711.8
0.6	754.5
0.7	800
0.8	849.4
0.9	897.3
1	947.1
1.1	996.9
1.2	1051.4
1.3	1102.1
1.4	1154.2
1.5	1206.4
1.6	1252.7
1.7	1302.2
1.8	1357.9
1.9	1404.5
2	1451.2
2.1	1499
2.2	1545.3
2.3	1599.5
2.4	1647.3
2.5	1686
2.6	1736
2.7	1780.8
2.8	1807.7
2.9	1846.8
3	1879.7
3.1	1913.8
3.2	1944
3.3	1971
3.4	1995.5
3.5	2010.8
3.6	2035.3
3.7	2054.9
3.8	2065.5
3.9	2086
4	2106.9
4.1	2115.2
4.2	2127.1
4.3	2139.8
4.4	2136.3
4.5	2141.5
4.6	2149.4
4.7	2139.9
4.8	2134.1
4.9	2126.9
5	2115.5
5.1	2099.6
5.2	2088.4
5.3	2079
5.4	2071.3
5.5	2052
5.6	2031
5.7	2006.8
5.8	1984
5.9	1963.9
6	1940.8
6.1	1929.1
6.2	1900.6
6.3	1876.2
6.4	1839.3
6.5	1815
6.6	1778.3
6.7	1755.2
6.8	1724.2
6.9	1692.6
7	1658.5
7.1	1629
7.2	1593.9
7.3	1570
7.4	1537.8
7.5	1504.3
7.6	1462.1
7.7	1430.1
7.8	1404.1
7.9	1374.8
8	1340.9
8.1	1313.7
8.2	1286.7
8.3	1268.1
8.4	1239.5
8.5	1204.3
8.6	1171.2
8.7	1140.6
8.8	1107.7
8.9	1084.3
9	1045.5
9.1	1009.2
9.2	981
9.3	956.2
9.4	924
9.5	896.9
9.6	869.5
9.7	844.7
9.8	820.6
9.9	797.8
10	776.5
10.1	747.1
10.2	721.2
10.3	696.6
10.4	673.5
10.5	652.9
10.6	634.6
10.7	615.3
10.8	596
10.9	576.1
11	558.9
11.1	539.8
11.2	524.8
11.3	506.7
11.4	487.5
11.5	471.7
11.6	458
11.7	439.9
11.8	421.4
11.9	409.4
12	391.7
12.1	383.2
12.2	376.6
12.3	364.8
12.4	353.2
12.5	345.8
12.6	330.7
12.7	319.3
12.8	308.2
12.9	297.9
13	286.5
13.1	277.1
13.2	269.2
13.3	259.4
13.4	248.5
13.5	236.2
13.6	231.8
13.7	219.5
13.8	212.4
13.9	202.6
14	195.7
14.1	187.4
14.2	176.9
14.3	170
14.4	165.6
14.5	161
14.6	155.3
14.7	149
14.8	143.3
14.9	140.2
15	134.6
15.1	128
15.2	122.6
15.3	118.4
15.4	115.3
15.5	112
15.6	108.1
15.7	104.6
15.8	101.8
15.9	99.2
16	94.9
16.1	91.6
16.2	88.5
16.3	85.2
16.4	81.6
16.5	77.5
16.6	74.5
16.7	72.5
16.8	70.5
16.9	69.1
17	65.6
17.1	63.1
17.2	59.8
17.3	58.2
17.4	57
17.5	56.9
17.6	52.6
17.7	51.2
17.8	48.3
17.9	45.2
18	43.7
18.1	40.9
18.2	39
18.3	37.7
18.4	35.8
18.5	34.6
18.6	32.6
18.7	31.2
18.8	29.9
18.9	28.4
19	27.9
19.1	26.8
19.2	25.7
19.3	24.8
19.4	22.8
19.5	21.3
19.6	20
19.7	19.3
19.8	17.7
19.9	17.2
20	16.4
20.1	16.3
20.2	16
20.3	15.1
20.4	14
20.5	12.5
20.6	11.7
20.7	11.2
20.8	10
20.9	9.5
21	9.5
21.1	8.7
21.2	8.2
21.3	7.5
21.4	6.9
21.5	6.5
21.6	6.9
21.7	6.4
21.8	6.3
21.9	6.1
22	5.3
22.1	5.2
22.2	4.6
22.3	3.9
22.4	4
22.5	3.7
22.6	3.5
22.7	3.2
22.8	2.7
22.9	2.7
23	2.5
23.1	2.2
23.2	2.1
23.3	2.2
23.4	2.2
23.5	2.1
23.6	2.1
23.7	1.7
23.8	1.9
23.9	2
24	1.9
24.1	1.8
24.2	2
24.3	1.8
24.4	1.3
24.5	0.9
24.6	0.9
24.7	0.8
24.8	0.8
24.9	0.9
25	0.9
25.1	0.8
25.2	0.8
25.3	0.6
25.4	0.6
25.5	0.5
25.6	0.5
25.7	0.3
25.8	0.3
25.9	0.3
26	0.3
26.1	0.2
26.2	0.2
26.3	0.2
26.4	0.1
26.5	0.1
26.6	0.1
26.7	0
26.8	0
26.9	0
27	0
27.1	0
27.2	0
27.3	0
27.4	0
27.5	0
27.6	0
27.7	0
27.8	0
27.9	0
28	0
28.1	0
28.2	0
28.3	0
28.4	0
28.5	0
28.6	0
28.7	0
28.8	0
28.9	0
29	0
29.1	0
29.2	0
29.3	0
29.4	0
29.5	0
29.6	0
29.7	0
29.8	0
29.9	0
30	0
30.1	0
30.2	0
30.3	0
30.4	0
30.5	0
30.6	0
30.7	0
30.8	0
30.9	0
31	0
31.1	0
31.2	0
31.3	0
31.4	0
31.5	0
31.6	0
31.7	0
31.8	0
31.9	0
32	0
32.1	0
32.2	0
32.3	0
32.4	0
32.5	0
32.6	0
32.7	0
32.8	0
32.9	0
33	0
33.1	0
33.2	0
33.3	0
33.4	0
33.5	0
33.6	0
33.7	0
33.8	0
33.9	0
34	0
34.1	0
34.2	0
34.3	0
34.4	0
34.5	0
34.6	0
34.7	0
34.8	0
34.9	0
35	0
35.1	0
35.2	0
35.3	0
35.4	0
35.5	0
35.6	0
35.7	0
35.8	0
35.9	0
36	0
36.1	0
36.2	0
36.3	0
36.4	0
36.5	0
36.6	0
36.7	0
36.8	0
36.9	0
37	0
37.1	0
37.2	0
37.3	0
37.4	0
37.5	0
37.6	0
37.7	0
37.8	0
37.9	0
38	0
38.1	0
38.2	0
38.3	0
38.4	0
38.5	0
38.6	0
38.7	0
38.8	0
38.9	0
39	0
39.1	0
39.2	0
39.3	0
39.4	0
39.5	0
39.6	0
39.7	0
39.8	0
39.9	0
40	0
