1
9
27
54
102
168
221
291
365
466
566
667
775
884
992
1088
1196
1301
1415
1556
1691
1795
1905
2035
2147
2269
2410
2527
2668
2781
2873
2980
3108
3208
3333
3442
3549
3669
3801
3909
4032
4149
4261
4369
4474
4570
4703
4825
4936
5035
5130
5243
5351
5459
5575
5671
5773
5905
6011
6135
6249
6338
6441
6546
6643
6746
6863
6937
7039
7157
7284
7390
7490
7571
7696
7799
7884
7964
8067
8163
8255
8354
8446
8529
8620
8746
8852
8949
9049
9129
9219
9324
9408
9506
9597
9691
9782
9862
9919
10012
10094
10189
10279
10360
10450
10540
10609
10658
10707
10770
10831
10907
10986
11053
11124
11185
11245
11310
11383
11419
11457
11513
11575
11635
11678
11720
11767
11798
11833
11852
11875
11911
11932
11957
11971
11997
11990
12012
12033
12048
12071
12063
12075
12072
12084
12084
12098
12102
12099
12084
12082
12082
12095
12066
12048
12027
12002
11985
11965
11952
11924
11877
11848
11824
11796
11773
11751
11721
11679
11659
11629
11600
11567
11522
11485
11457
11434
11388
11359
11323
11296
11258
11227
11185
11155
11115
11074
11030
10984
10951
10922
10878
10833
10801
10762
10721
10678
10647
10614
10564
10530
10503
10473
10429
10391
10358
10309
10268
10236
10205
10165
10126
10081
10049
10006
9966
9920
9871
9836
9787
9753
9711
9681
9640
9601
9568
9527
9491
9443
9398
9359
9331
9295
9266
9235
9202
9162
9136
9101
9058
9015
8978
8934
8899
8862
8825
8793
8760
8735
8694
8668
8642
8609
8578
8553
8517
8471
8445
8407
8380
8335
8306
8277
8244
8210
8176
8137
8102
8075
8059
8018
7975
7937
7914
7889
7866
7834
7811
7781
7756
7721
7691
7664
7629
7588
7560
7534
7501
7472
7444
7421
7383
7360
7330
7296
7272
7242
7212
7184
7144
7119
7086
7055
7034
7009
6983
6965
6938
6913
6881
6862
6830
6807
6773
6751
6723
6697
6671
6651
6630
6605
6582
6556
6531
6500
6476
6440
6416
6384
6362
6336
6310
6283
6259
6234
6215
6184
6160
6136
6114
6084
6059
6034
6010
5993
5970
5942
5913
5887
5869
5842
5814
5792
5776
5752
5730
5710
5677
5661
5637
5616
5589
5567
5548
5525
5507
5484
5456
5434
5417
5398
5378
5355
5339
5318
5296
5272
5248
5229
5215
5197
5177
5158
5137
5123
5099
5082
5066
5051
5026
5014
4991
4968
4951
4933
4914
4888
4875
4850
4828
