995867
991727
987671
983506
979362
975336
971143
966913
962790
958626
954409
950252
946076
941944
937847
933820
929700
925617
921596
917642
913666
909644
905613
901571
897634
893675
889815
886007
882220
878348
874476
870683
867004
863354
859500
855726
851986
848225
844455
840827
837025
833313
829709
826053
822437
819070
815553
812037
808553
804883
801511
798153
794721
791211
787859
784472
781155
777684
774301
770985
767686
764327
761044
757771
754559
751320
748072
744878
741765
738639
735459
732267
729164
726054
722924
719955
716897
713969
710987
708031
705058
702192
699461
696743
694034
691486
688947
686521
684162
681958
679953
678192
676638
675334
674290
673651
673180
672635
672225
671988
671798
671674
671443
671357
671367
671371
671428
671526
671608
671694
671790
671869
671933
672003
672100
672173
672242
672329
672430
672516
672598
672693
672759
672841
672905
673001
673076
673172
673241
673313
673385
673455
673546
673626
673696
673760
673842
673916
673996
674086
674165
674238
674337
674420
674505
674600
674677
674748
674833
674909
674990
675067
675147
675238
675328
675402
675475
675555
675650
675728
675809
675891
675948
676031
676108
676195
676286
676365
676439
676517
676590
676681
676769
676864
676938
677013
677085
677167
677259
677340
677423
677502
677572
677662
677736
677807
677881
677946
678036
678139
678216
678284
678368
678439
678533
678600
678687
678776
678845
678924
679003
679072
679155
679237
679323
679408
679494
679576
679654
679739
679814
679878
679947
680019
680110
680194
680281
680356
680443
680524
680618
680685
680777
680858
680943
681005
681101
681187
681259
681324
681407
681488
681560
681644
681740
681816
681901
681992
682075
682157
682249
682311
682383
682464
682536
682617
682693
682756
682850
682932
683000
683076
683148
683235
683317
683386
683460
683528
683612
683701
683771
683860
683936
684015
684115
684179
684260
684330
684416
684491
684570
684655
684725
684828
684915
684984
685060
685137
685215
685287
685369
685447
685533
685609
685682
685750
685830
685922
685991
686069
686147
686229
686301
686376
686438
686524
686612
686680
686756
686820
686911
687007
687097
687172
687260
687333
687423
687502
687576
687658
687741
687815
687887
687957
688035
688123
688211
688300
688376
688441
688527
688600
688675
688754
688835
688911
689001
689082
689166
689241
689327
689404
689464
689537
689628
689709
689789
689862
689944
690021
690112
690184
690265
690347
690429
690498
690590
690662
690752
690844
690907
690982
691057
691132
691215
691294
691376
691451
691524
691584
691652
691729
691808
691895
691985
692066
692150
692230
692302
692381
692457
692535
692599
692682
692747
692823
692895
692965
693033
693113
693186
693254
693331
693412
693489
693556
693630
693710
693790
693858
693932
693999
694071
694147
694234
694304
694377
694451
694530
694609
