995868
991794
987569
983344
979186
975025
970826
966541
962236
957899
953807
949595
945575
941351
937265
933204
929097
924988
920958
916941
912993
908974
905009
901068
897162
893303
889324
885391
881532
877691
873900
870164
866467
862682
858945
855188
851573
847790
844015
840360
836753
833103
829434
825976
822492
818974
815313
811760
808206
804563
801094
797621
794212
790701
787176
783738
780352
777031
773694
770324
767061
763808
760551
757365
754133
750816
747627
744407
741186
738064
734925
731804
728657
725570
722458
719366
716318
713409
710475
707646
704829
701890
699175
696498
693777
691109
688579
686243
684038
681942
679871
678122
676737
675750
674832
674199
673774
673580
673462
673373
673386
673464
673557
673633
673709
673792
673867
673949
674040
674124
674205
674301
674365
674446
674532
674611
674704
674771
674848
674935
675028
675121
675195
675278
675359
675444
675514
675601
675677
675754
675838
675921
676002
676092
676174
676258
676338
676410
676478
676557
676642
676712
676791
676874
676962
677042
677120
677201
677292
677364
677446
677524
677627
677714
677783
677869
677948
678035
678115
678196
678274
678354
678423
678491
678554
678638
678711
678805
678874
678972
679057
679147
679239
679334
679418
679501
679579
679651
679714
679797
679868
679944
680025
680103
680186
680271
680342
680436
680517
680610
680694
680787
680853
680923
680984
681059
681140
681220
681292
681376
681444
681507
681573
681647
681734
681825
681900
681997
682070
682153
682232
682311
682397
682477
682555
682639
682713
682800
682880
682952
683023
683106
683176
683249
683333
683408
683475
683554
683621
683695
683768
683843
683923
684005
684088
684167
684253
684323
684400
684477
684557
684642
684717
684798
684869
684948
685027
685108
685184
685253
685332
685408
685479
685564
685645
685735
685824
685901
685966
686049
686120
686201
686274
686365
686448
686520
686595
686662
686728
686797
686884
686961
687041
687127
687190
687257
687337
687404
687474
687558
687614
687692
687778
687864
687932
688010
688089
688162
688262
688355
688436
688523
688600
688675
688760
688829
688907
688990
689064
689138
689228
689317
689403
689482
689550
689618
689678
689746
689814
689911
690001
690075
690147
690229
690301
690381
690451
690536
690618
690697
690779
690850
690932
691004
691077
691164
691250
691322
691410
691473
691552
691629
691701
691794
691865
691962
692044
692123
692195
692264
692348
692438
692515
692584
692657
692746
692825
692924
693005
693082
693153
693234
693317
693404
693472
693549
693623
693683
693762
693836
693907
693990
694063
694153
694222
694299
694364
694444
694522
694618
694702
694796
694865
694955
695046
695125
695200
695286
695358
695423
695499
695574
695666
695744
695821
695898
695957
696021
696091
696177
696250
696332
696399
696466
696538
696610
696682
696771
696851
696932
