10127
54845
120377
189535
253229
307881
356095
397126
432160
462248
487702
510516
529997
545933
560327
572542
583784
592335
600359
607805
614461
620317
625810
630037
633158
636555
638947
641575
643530
645902
648152
649273
650508
651099
652817
653817
653976
654628
655660
655867
656263
657006
656396
657319
658068
657386
658468
658166
657588
658377
658554
658742
658399
658040
658262
659709
659080
658667
658463
657644
658209
658484
658475
659357
658633
658947
659209
659122
659124
657870
658332
658954
658502
658717
658452
658146
657754
657242
656353
656091
655345
655125
654706
654033
653233
652493
651910
651059
650239
648599
647232
646273
645100
644093
641833
639053
637271
634463
630748
625668
621019
616372
610882
605462
599951
593591
587625
580876
574952
568190
560786
553136
545415
537196
528895
520821
511737
503254
494758
485681
476625
468140
459013
449392
440057
430613
421610
412100
402603
393518
383899
374243
364892
355106
345218
335956
326032
316412
307055
297688
289043
279799
270614
261229
252549
244185
235617
227286
219431
211329
203634
196270
189133
182162
175385
168722
161635
155121
148684
142468
136494
131032
125498
120391
115435
110129
105305
100690
96074
91654
88031
84242
80492
76727
73642
70204
66741
63401
60553
57495
54797
52493
49823
47210
44691
42202
39903
37920
36228
34306
32534
31173
29578
27860
26428
24937
23694
22527
21419
20183
19174
18119
17058
16155
15224
14239
13414
12559
11776
11238
10576
9909
9297
8692
8157
7674
7205
6781
6419
6051
5812
5621
5367
5108
4899
4785
4597
4441
4258
4026
3887
3690
3507
3384
3212
3083
2965
2859
2755
2653
2565
2460
2375
2239
2139
2068
1987
1980
1964
1876
1827
1741
1695
1628
1557
1482
1394
1312
1237
1194
1121
1059
999
942
861
826
804
770
747
744
713
680
650
619
628
622
553
518
499
478
486
467
454
438
437
424
426
410
399
366
363
354
323
312
309
286
269
248
238
216
190
157
146
133
127
121
118
107
99
95
92
100
96
100
85
93
98
98
104
94
90
86
97
105
104
102
102
100
105
96
96
86
85
87
88
83
81
78
76
82
86
90
74
57
43
35
28
25
24
20
15
15
14
10
9
9
9
9
8
4
3
3
2
1
0
0
0
0
0
0
0
0
0
0
0
0
0
0
0
0
0
0
0
0
0
0
0
0
0
0
0
0
0
0
0
0
0
0
0
0
