0
0
0
0
0
0
0
1
1
1
2
2
2
2
4
6
8
9
12
12
12
12
12
12
12
13
14
16
15
15
18
19
21
26
25
27
28
29
31
31
30
32
36
39
37
37
44
45
46
53
54
54
56
59
59
57
59
58
60
59
62
62
63
62
60
67
71
78
81
81
86
85
86
90
89
91
93
95
97
101
105
105
106
105
106
108
107
109
109
109
110
110
112
109
108
109
112
114
115
115
111
105
107
109
112
114
110
107
109
111
109
107
105
101
101
95
94
93
94
95
94
92
92
89
89
86
82
80
80
78
76
75
73
70
69
69
70
66
67
65
61
60
58
57
57
57
57
57
55
54
52
51
51
50
49
46
46
45
45
44
42
41
42
41
40
38
37
36
34
32
33
32
33
33
32
30
30
28
26
23
23
23
23
23
22
22
22
21
19
17
17
16
16
15
15
14
14
12
12
12
11
11
11
9
9
9
9
8
8
8
8
8
8
8
7
7
7
7
7
7
7
7
7
7
7
7
7
7
7
7
7
7
7
7
7
7
7
7
7
7
7
7
6
5
5
5
5
5
5
5
5
4
4
4
4
4
4
4
4
4
4
4
3
3
3
3
3
3
3
3
3
3
3
3
3
3
3
3
2
2
2
2
2
2
2
2
2
2
2
2
2
2
2
2
2
2
2
2
2
2
2
2
2
2
1
1
1
1
1
1
1
1
1
1
1
1
1
1
1
1
1
1
1
1
1
1
1
1
1
1
1
1
1
1
1
1
1
1
1
1
1
1
1
1
1
1
1
1
1
0
0
0
0
0
0
0
0
0
0
0
0
0
0
0
0
0
0
0
0
0
0
0
0
0
0
0
0
0
0
0
0
0
0
0
0
0
0
0
0
0
0
0
0
0
0
0
0
0
0
0
