0
0
0
0
0
0
0
1
1
1
1
1
1
1
2
2
2
2
1
1
1
2
5
5
8
9
13
14
14
15
17
18
19
23
29
31
32
32
35
36
37
41
40
42
44
45
44
43
46
49
54
56
55
57
58
58
58
63
66
66
67
71
74
79
78
81
83
82
83
84
86
92
91
93
94
93
92
95
98
100
96
98
100
102
106
108
105
103
108
104
105
100
98
102
104
111
117
119
118
117
119
116
113
113
109
109
109
111
109
106
109
106
106
109
107
107
107
108
106
105
104
103
103
100
101
98
95
94
92
89
86
83
81
78
76
76
74
74
70
70
67
66
67
68
67
65
65
64
62
59
59
56
51
51
51
49
49
48
46
45
44
44
42
41
41
40
39
38
36
36
34
33
31
31
31
31
29
27
27
26
26
25
24
23
23
21
20
20
21
20
20
20
19
19
17
17
17
17
17
16
15
15
15
15
15
12
12
12
12
10
10
10
10
10
10
10
9
8
8
8
8
8
8
8
8
6
6
6
6
6
5
5
5
5
5
5
5
5
5
5
5
5
5
5
5
4
3
3
3
3
2
2
2
2
2
2
2
2
2
2
2
2
2
2
2
2
2
2
2
2
2
2
2
2
2
2
2
2
2
2
2
2
1
1
1
1
1
1
0
0
0
0
0
0
0
0
0
0
0
0
0
0
0
0
0
0
0
0
0
0
0
0
0
0
0
0
0
0
0
0
0
0
0
0
0
0
0
0
0
0
0
0
0
0
0
0
0
0
0
0
0
0
0
0
0
0
0
0
0
0
0
0
0
0
0
0
0
0
0
0
0
0
0
0
0
0
0
0
0
0
0
0
0
0
0
0
0
0
0
0
0
0
0
0
0
0
0
0
0
0
0
0
0
0
0
0
0
0
0
0
