0
0
0
0
0
0
0
0
1
2
2
4
4
4
4
6
6
6
7
9
8
9
9
11
11
11
11
11
11
12
15
16
18
19
19
21
25
26
25
26
27
32
30
35
38
45
40
40
42
41
40
40
42
43
41
43
44
49
47
48
47
48
48
50
50
52
55
55
58
59
66
69
76
77
75
77
75
76
78
78
80
80
80
82
81
82
80
83
82
79
81
83
81
85
86
86
91
93
96
95
96
99
96
97
96
95
93
92
93
93
91
89
88
90
85
84
84
83
83
83
80
78
79
77
78
79
79
81
80
79
74
74
72
71
71
71
70
72
72
72
72
72
73
69
67
66
67
65
60
62
62
62
61
58
56
54
53
51
49
48
45
42
40
39
37
36
36
35
34
33
32
30
29
27
24
23
23
23
22
20
20
19
18
18
18
18
17
17
16
15
14
14
12
11
11
11
11
11
11
11
9
8
8
8
7
6
5
6
6
6
6
6
6
6
6
6
6
5
5
5
5
5
6
6
6
6
6
5
5
5
5
5
4
4
3
3
3
3
3
3
3
3
3
3
3
3
3
3
3
3
3
2
2
2
2
2
1
1
1
1
1
1
1
1
1
1
1
1
1
1
1
1
1
1
1
1
1
1
1
1
1
1
1
1
1
1
1
1
1
1
1
1
1
1
1
1
1
1
1
1
1
1
1
1
0
0
0
0
0
0
0
0
0
0
0
0
0
0
0
0
0
0
0
0
0
0
0
0
0
0
0
0
0
0
0
0
0
0
0
0
0
0
0
0
0
0
0
0
0
0
0
0
0
0
0
0
0
0
0
0
0
0
0
0
0
0
0
0
0
0
0
0
0
0
0
0
0
0
0
0
0
0
0
0
0
0
0
0
0
0
0
0
0
0
0
0
0
0
0
0
