0
0
0
0
0
0
1
3
4
4
6
6
5
5
5
5
5
4
7
9
9
13
13
11
11
14
15
16
17
15
18
20
22
24
23
25
26
27
29
31
33
33
32
33
37
39
42
45
47
52
54
57
56
57
59
56
58
57
60
58
61
66
66
67
67
69
71
73
80
82
84
86
85
86
82
85
84
85
89
97
101
101
104
104
107
107
105
104
103
103
107
108
106
110
109
107
105
105
105
107
104
103
110
109
110
110
112
114
114
113
110
110
110
112
110
114
111
108
108
103
99
97
96
95
95
94
89
89
86
88
86
84
84
79
75
74
74
73
72
73
73
68
68
65
62
60
59
59
58
56
55
53
51
49
50
48
48
46
45
45
45
44
43
43
44
42
41
39
40
38
37
36
36
35
35
34
33
33
34
34
32
32
32
30
30
31
31
31
30
29
29
28
27
27
27
25
25
25
25
23
22
22
22
22
21
22
22
21
21
20
20
20
20
20
19
18
18
17
16
16
16
14
13
13
11
11
11
11
11
11
10
10
10
10
8
8
8
7
7
7
7
6
5
5
5
4
4
4
3
3
3
3
3
3
3
3
3
2
2
2
2
2
2
2
2
2
2
2
2
2
2
2
2
2
2
1
1
1
1
1
1
1
1
1
1
1
1
1
1
0
0
0
0
0
0
0
0
0
0
0
0
0
0
0
0
0
0
0
0
0
0
0
0
0
0
0
0
0
0
0
0
0
0
0
0
0
0
0
0
0
0
0
0
0
0
0
0
0
0
0
0
0
0
0
0
0
0
0
0
0
0
0
0
0
0
0
0
0
0
0
0
0
0
0
0
0
0
0
0
0
0
0
0
0
0
0
0
0
0
0
0
0
0
0
0
0
0
0
0
0
0
0
0
0
0
0
0
0
0
0
