9
19
30
43
53
61
70
78
94
104
113
117
124
143
154
164
171
180
187
198
199
202
218
228
235
246
255
258
265
276
284
297
305
311
318
328
334
340
348
356
364
372
384
387
392
406
413
421
427
439
443
449
456
470
479
481
492
498
509
518
526
538
551
560
564
568
578
586
590
602
609
618
621
628
635
642
642
645
655
665
675
690
693
696
704
712
723
727
745
748
752
760
769
777
781
792
797
805
811
822
829
840
849
856
860
862
868
876
889
899
899
905
913
922
928
936
945
955
962
968
975
983
992
1008
1023
1028
1037
1044
1056
1075
1085
1095
1111
1120
1136
1145
1152
1159
1169
1181
1189
1208
1221
1228
1235
1242
1254
1261
1274
1286
1300
1309
1313
1325
1337
1350
1362
1369
1381
1394
1405
1421
1434
1451
1457
1466
1482
1489
1498
1508
1522
1534
1547
1560
1568
1582
1596
1609
1618
1627
1636
1647
1658
1670
1686
1692
1699
1703
1714
1727
1734
1744
1754
1760
1772
1784
1789
1800
1819
1830
1841
1852
1861
1875
1881
1889
1901
1917
1929
1941
1952
1961
1971
1982
1998
2008
2014
2022
2028
2038
2044
2052
2063
2075
2084
2090
2102
2113
2126
2131
2140
2151
2160
2175
2181
2195
2208
2221
2236
2247
2260
2273
2283
2288
2300
2313
2332
2342
2351
2362
2372
2386
2395
2408
2419
2424
2434
2440
2456
2468
2479
2490
2496
2506
2518
2529
2538
2554
2566
2575
2587
2597
2601
2610
2623
2634
2641
2651
2663
2674
2682
2697
2713
2719
2729
2734
2742
2755
2766
2773
2778
2793
2804
2807
2816
2822
2831
2835
2841
2850
2862
2869
2878
2892
2902
2912
2921
2927
2938
2949
2972
2981
2991
2995
3003
3015
3034
3045
3056
3065
3075
3084
3092
3100
3117
3130
3149
3155
3174
3185
3193
3212
3220
3231
3243
3250
3262
3273
3283
3290
3302
3312
3322
3334
3341
3348
3362
3371
3382
3397
3407
3414
3425
3433
3446
3458
3473
3479
3493
3504
3523
3530
3542
3554
3565
3571
3583
3593
3602
3610
3619
3635
3641
3658
3666
3679
3687
3694
3704
3711
3720
3729
3736
3742
3748
3760
3770
3781
3791
3798
3807
3819
3829
3841
3853
3865
3880
3894
3903
3914
