10
20
33
47
55
62
70
79
91
99
109
119
128
146
157
171
181
187
194
210
215
226
234
243
247
255
268
278
285
294
304
312
319
326
330
343
352
363
371
379
384
393
400
406
408
417
434
442
449
454
464
473
484
489
493
501
511
516
520
527
535
543
549
555
563
570
575
588
593
603
601
614
628
635
637
641
648
661
670
676
684
689
694
696
699
710
718
728
740
749
751
756
759
763
766
778
782
791
805
809
814
821
826
832
840
844
855
859
866
881
895
903
909
920
928
935
951
965
977
992
1003
1017
1028
1036
1048
1063
1078
1089
1103
1115
1122
1133
1144
1157
1164
1170
1181
1191
1202
1211
1221
1238
1249
1261
1274
1283
1301
1317
1331
1336
1348
1358
1374
1386
1401
1412
1428
1440
1453
1463
1478
1491
1499
1504
1513
1520
1531
1542
1550
1562
1576
1587
1601
1608
1619
1627
1642
1653
1661
1667
1687
1700
1713
1724
1735
1744
1750
1765
1777
1793
1801
1812
1826
1839
1856
1866
1874
1885
1896
1908
1918
1933
1945
1952
1962
1972
1980
1991
1999
2009
2023
2034
2047
2052
2061
2074
2084
2102
2112
2121
2131
2139
2153
2162
2166
2179
2190
2197
2206
2223
2231
2246
2258
2268
2282
2293
2305
2320
2326
2337
2348
2355
2370
2381
2386
2397
2411
2424
2436
2443
2455
2463
2479
2489
2499
2512
2519
2527
2539
2546
2557
2567
2576
2587
2595
2604
2617
2624
2631
2642
2649
2666
2674
2685
2697
2713
2718
2732
2745
2752
2760
2768
2779
2792
2804
2815
2827
2834
2842
2854
2867
2882
2895
2902
2910
2919
2935
2947
2956
2967
2972
2980
2992
2999
3009
3015
3023
3033
3047
3059
3063
3071
3084
3091
3101
3116
3128
3138
3148
3161
3175
3185
3194
3200
3205
3215
3231
3240
3251
3262
3274
3284
3292
3304
3316
3325
3334
3344
3351
3363
3375
3385
3400
3411
3419
3438
3453
3471
3483
3490
3502
3516
3527
3544
3555
3566
3583
3591
3598
3615
3623
3629
3645
3661
3674
3685
3699
3716
3725
3735
3743
3751
3764
3781
3799
3810
3821
3826
3838
3852
3861
3868
3881
3892
3902
3910
3919
3932
3946
3961
3975
3987
3999
4004
4022
4036
4049
4058
4074
4087
