8
14
26
34
51
61
69
82
92
102
110
116
124
133
144
155
161
169
178
188
192
204
214
222
236
243
251
267
275
284
295
304
310
320
323
331
339
350
355
362
373
385
397
408
418
429
439
440
446
445
451
469
476
476
482
495
500
507
507
512
517
523
535
547
561
565
570
580
589
599
602
603
613
619
636
649
660
669
680
689
705
710
717
727
728
743
748
759
763
768
774
783
789
793
803
808
817
825
834
843
854
858
861
868
878
889
897
905
910
918
929
938
953
965
969
981
984
992
1003
1013
1025
1033
1043
1058
1070
1078
1088
1098
1108
1110
1113
1123
1129
1139
1153
1163
1171
1178
1186
1201
1207
1218
1232
1243
1251
1258
1273
1282
1288
1297
1306
1315
1321
1328
1339
1350
1362
1373
1388
1402
1417
1431
1438
1453
1460
1468
1471
1476
1492
1508
1519
1522
1529
1541
1552
1565
1579
1592
1603
1612
1620
1633
1643
1654
1663
1672
1686
1701
1707
1717
1724
1730
1735
1745
1754
1766
1775
1789
1797
1817
1826
1839
1848
1859
1871
1879
1883
1895
1912
1920
1925
1934
1947
1955
1962
1973
1981
1989
2002
2009
2017
2025
2031
2041
2059
2072
2086
2091
2101
2115
2127
2133
2149
2159
2169
2181
2196
2206
2217
2225
2235
2245
2258
2265
2279
2291
2304
2313
2326
2341
2357
2374
2390
2397
2406
2418
2426
2440
2444
2458
2468
2477
2484
2496
2511
2520
2527
2534
2547
2553
2561
2576
2584
2597
2609
2622
2639
2656
2675
2683
2697
2713
2726
2737
2749
2760
2768
2772
2789
2797
2811
2818
2825
2830
2834
2848
2863
2873
2881
2889
2900
2907
2915
2929
2940
2954
2965
2982
2994
3010
3016
3031
3039
3052
3061
3074
3082
3097
3109
3118
3129
3139
3147
3154
3159
3169
3176
3186
3191
3201
3210
3216
3232
3239
3249
3259
3269
3278
3289
3301
3311
3324
3334
3349
3362
3373
3383
3390
3406
3413
3422
3432
3442
3450
3456
3468
3475
3486
3495
3504
3515
3523
3535
3547
3555
3569
3584
3591
3602
3612
3623
3636
3652
3661
3673
3683
3690
3706
3716
3721
3730
3743
3759
3772
3782
3787
3797
3808
3822
3835
3849
3861
3878
3884
3893
3904
3914
3917
3923
3936
