7
18
27
38
51
64
72
81
97
114
124
140
152
166
177
186
197
199
212
224
236
244
250
259
267
275
283
290
302
310
320
321
324
338
335
349
363
374
384
393
398
411
418
425
434
441
453
466
466
476
484
490
496
511
522
527
537
548
556
560
575
574
582
594
602
611
620
630
633
642
646
650
659
670
670
676
681
694
698
705
711
720
728
735
740
744
748
752
768
774
784
794
794
807
811
821
825
833
847
856
862
873
886
887
899
908
921
926
932
939
951
964
971
978
991
1003
1015
1021
1038
1048
1059
1069
1077
1089
1092
1102
1112
1125
1138
1148
1159
1166
1176
1187
1194
1207
1220
1226
1240
1249
1253
1263
1273
1285
1296
1315
1322
1332
1342
1353
1359
1366
1378
1393
1400
1409
1423
1434
1441
1455
1459
1472
1482
1495
1516
1527
1539
1550
1556
1565
1575
1585
1597
1613
1620
1629
1642
1650
1658
1666
1675
1685
1698
1707
1720
1723
1733
1746
1762
1768
1779
1787
1796
1810
1820
1828
1835
1844
1859
1870
1884
1892
1901
1911
1922
1932
1939
1949
1955
1962
1967
1975
1989
1999
2011
2021
2032
2046
2053
2067
2077
2088
2104
2118
2127
2133
2147
2158
2173
2190
2202
2209
2217
2229
2240
2251
2261
2269
2275
2285
2302
2317
2331
2343
2357
2367
2381
2395
2402
2404
2415
2423
2431
2441
2454
2458
2471
2480
2499
2510
2521
2534
2550
2558
2567
2575
2584
2592
2609
2628
2642
2659
2667
2679
2689
2702
2713
2724
2739
2748
2756
2767
2782
2795
2809
2819
2829
2839
2850
2861
2869
2883
2898
2914
2928
2938
2950
2962
2970
2982
2990
3002
3008
3018
3037
3044
3053
3065
3085
3102
3111
3117
3126
3137
3150
3161
3171
3178
3189
3202
3209
3221
3228
3235
3254
3268
3276
3286
3296
3306
3312
3332
3347
3359
3368
3377
3393
3405
3420
3426
3438
3451
3465
3480
3496
3509
3525
3539
3553
3565
3572
3578
3587
3605
3614
3628
3638
3652
3656
3664
3680
3692
3705
3720
3732
3740
3753
3765
3771
3777
3788
3803
3815
3825
3841
3847
3853
3863
3874
3880
3900
3902
3912
3918
3925
3934
3945
3955
3965
3979
3992
4001
4008
4020
4027
4039
4047
4053
4061
4065
