7
25
35
50
64
72
81
91
100
109
115
126
138
157
168
180
188
199
210
223
233
241
251
261
271
278
286
298
310
318
328
336
350
358
372
381
390
400
404
410
425
431
440
451
456
465
474
481
485
488
489
496
506
508
516
527
534
544
548
555
557
558
571
570
578
580
595
606
608
610
616
623
628
636
643
646
654
660
666
668
675
678
688
695
698
702
704
714
724
729
738
742
753
755
765
769
779
787
794
801
803
810
813
823
838
847
853
853
860
868
877
885
895
899
912
914
921
928
933
948
958
968
970
980
985
989
1001
1012
1018
1027
1039
1048
1061
1073
1080
1089
1094
1103
1113
1123
1141
1154
1163
1174
1184
1192
1198
1208
1215
1223
1238
1255
1263
1268
1283
1294
1300
1306
1315
1324
1331
1342
1356
1368
1375
1383
1389
1401
1408
1425
1437
1444
1452
1464
1471
1479
1493
1499
1510
1516
1526
1536
1543
1551
1563
1573
1582
1594
1602
1616
1624
1633
1644
1654
1667
1678
1695
1702
1708
1722
1729
1743
1748
1757
1771
1781
1787
1800
1811
1821
1830
1840
1849
1864
1868
1878
1885
1903
1921
1937
1952
1956
1969
1983
1993
1999
2009
2020
2032
2045
2059
2071
2080
2088
2103
2112
2122
2128
2146
2155
2165
2175
2184
2191
2198
2203
2212
2223
2233
2246
2252
2260
2271
2283
2293
2301
2313
2322
2331
2340
2349
2360
2365
2373
2382
2392
2399
2411
2416
2427
2442
2452
2462
2469
2477
2488
2497
2505
2521
2528
2533
2541
2551
2562
2574
2590
2606
2616
2623
2638
2646
2652
2662
2672
2679
2692
2703
2720
2728
2735
2743
2752
2763
2776
2789
2801
2818
2826
2841
2849
2856
2867
2874
2884
2895
2903
2919
2930
2952
2958
2968
2974
2983
3001
3013
3023
3029
3044
3055
3068
3081
3092
3107
3119
3128
3137
3144
3152
3161
3174
3189
3199
3212
3222
3229
3242
3256
3268
3274
3285
3306
3321
3332
3344
3355
3363
3374
3385
3395
3409
3420
3434
3445
3457
3470
3486
3500
3513
3520
3534
3545
3556
3568
3580
3590
3604
3612
3624
3638
3648
3660
3669
3683
3691
3700
3709
3724
3733
3743
3750
3757
3767
3778
3788
3800
3810
3822
3832
3842
3856
