600
735
913
1095
1339
1611
1950
2366
2818
3361
3977
4715
5563
6574
7697
9088
10575
12177
13986
15907
18156
20380
22942
25684
28604
31604
34694
37799
40815
44157
47318
50169
52897
55514
58005
60213
61908
63362
64189
65218
65854
65935
65814
65284
64587
63500
61624
59987
58187
55782
53234
50651
47692
44910
42021
38824
35886
33230
30456
27585
24970
22403
20133
17764
15656
13756
11976
10481
9091
7764
6606
5567
4732
4046
3365
2829
2329
1901
1592
1280
1047
850
661
550
439
341
281
220
180
134
101
89
66
45
31
28
25
16
10
7
3
2
4
2
1
1
1
1
0
0
0
0
0
0
0
0
0
0
0
0
0
0
0
0
0
0
0
0
0
0
0
0
0
0
0
0
0
0
0
0
0
0
0
0
0
0
0
0
0
0
0
0
0
0
0
0
0
0
0
0
0
0
0
0
0
0
0
0
0
0
0
0
0
0
0
0
0
0
0
0
0
0
0
0
0
0
0
0
0
0
0
0
0
0
0
0
0
0
0
0
0
0
0
0
0
0
0
0
0
0
0
0
0
0
0
0
0
0
0
0
0
0
0
0
0
0
0
0
0
0
0
0
0
0
0
0
0
0
0
0
0
0
0
0
0
0
0
0
0
0
0
0
0
0
0
0
0
0
0
0
0
0
0
0
0
0
0
0
0
0
0
0
0
0
0
0
0
0
0
0
0
0
0
0
0
0
0
0
0
0
0
0
0
0
0
0
0
0
0
0
0
0
0
0
0
0
0
0
0
0
0
0
0
0
0
0
0
0
0
0
0
0
0
0
0
0
0
0
0
0
0
0
0
0
0
0
0
0
0
0
0
0
0
0
0
0
0
0
0
0
0
0
0
0
0
0
0
0
0
0
0
0
0
0
0
0
0
0
0
0
0
0
0
0
0
0
0
0
0
0
0
0
0
0
0
0
0
0
0
0
0
0
0
0
0
0
0
0
0
0
