601
732
893
1100
1347
1688
2057
2493
2995
3559
4205
4997
5926
7011
8161
9523
11004
12676
14459
16476
18657
20895
23455
26091
28670
31488
34250
37070
39740
42461
45316
47801
50302
52699
54424
55932
57172
58010
58641
58777
58685
58256
57599
56502
54979
53345
51499
49436
47246
44517
41839
39414
36623
34005
31453
28621
26075
23296
20805
18504
16443
14562
12914
11339
9999
8558
7496
6346
5325
4497
3856
3216
2678
2238
1880
1533
1259
1039
852
670
507
401
342
294
251
193
153
110
94
71
42
28
25
21
18
14
12
7
6
4
4
3
3
4
4
3
4
2
3
3
3
0
0
0
0
0
0
0
0
0
0
0
0
0
0
0
0
0
0
0
0
0
0
0
0
0
0
0
0
0
0
0
0
0
0
0
0
0
0
0
0
0
0
0
0
0
0
0
0
0
0
0
0
0
0
0
0
0
0
0
0
0
0
0
0
0
0
0
0
0
0
0
0
0
0
0
0
0
0
0
0
0
0
0
0
0
0
0
0
0
0
0
0
0
0
0
0
0
0
0
0
0
0
0
0
0
0
0
0
0
0
0
0
0
0
0
0
0
0
0
0
0
0
0
0
0
0
0
0
0
0
0
0
0
0
0
0
0
0
0
0
0
0
0
0
0
0
0
0
0
0
0
0
0
0
0
0
0
0
0
0
0
0
0
0
0
0
0
0
0
0
0
0
0
0
0
0
0
0
0
0
0
0
0
0
0
0
0
0
0
0
0
0
0
0
0
0
0
0
0
0
0
0
0
0
0
0
0
0
0
0
0
0
0
0
0
0
0
0
0
0
0
0
0
0
0
0
0
0
0
0
0
0
0
0
0
0
0
0
0
0
0
0
0
0
0
0
0
0
0
0
0
0
0
0
0
0
0
0
0
0
0
0
0
0
0
0
0
0
0
0
0
0
0
0
0
0
0
0
0
0
0
0
0
0
0
0
0
0
0
