959722
921149
884006
847999
812913
779306
747228
716210
686388
657769
630328
603855
578763
554205
531047
508599
487230
466773
447127
428378
410387
393143
376731
360926
345627
331203
317171
303799
291198
278882
267075
255873
245032
234653
224773
215634
206541
197977
189721
181769
174045
166811
159995
153360
146966
140841
134941
129308
124025
118933
113983
109338
104855
100548
96499
92569
88816
85117
81673
78478
75248
72161
69213
66508
63934
61396
59012
56616
54335
52241
50224
48272
46407
44681
43023
41351
39808
38360
36890
35519
34193
33030
31859
30770
29625
28634
27618
26634
25769
24885
24043
23179
22412
21715
21022
20364
19802
19236
18641
18004
17467
16938
16403
15981
15553
15121
14703
14285
13937
13572
13261
12955
12592
12363
12091
11784
11483
11276
11029
10767
10557
10327
10095
9929
9788
9609
9470
9325
9138
9023
8913
8753
8609
8457
8341
8279
8169
8064
7933
7815
7734
7658
7571
7473
7384
7295
7240
7153
7111
7037
6979
6918
6876
6845
6783
6720
6689
6627
6603
6601
6527
6487
6449
6417
6401
6346
6306
6261
6239
6189
6180
6188
6156
6147
6135
6073
6034
6026
5988
5979
5965
6013
5994
5963
5925
5898
5864
5878
5885
5931
5943
5897
5899
5896
5859
5814
5804
5742
5757
5750
5770
5739
5732
5745
5729
5746
5738
5778
5787
5756
5750
5730
5733
5702
5735
5706
5736
5777
5776
5767
5777
5779
5774
5780
5824
5807
5789
5798
5789
5805
5792
5760
5737
5752
5783
5736
5712
5710
5653
5655
5691
5675
5681
5689
5742
5740
5740
5737
5751
5733
5746
5785
5808
5795
5809
5816
5803
5774
5760
5771
5821
5811
5776
5756
5775
5788
5803
5807
5823
5848
5867
5829
5845
5838
5833
5845
5809
5775
5763
5773
5773
5805
5788
5806
5811
5845
5827
5811
5818
5864
5848
5816
5814
5798
5808
5741
5750
5747
5727
5736
5710
5685
5697
5714
5753
5762
5713
5718
5734
5749
5687
5681
5716
5702
5676
5689
5691
5682
5644
5676
5649
5636
5657
5681
5696
5693
5698
5694
5743
5715
5748
5759
5806
5803
5825
5822
5826
5821
5797
5828
5839
5847
5872
5872
5897
5901
5901
5920
5916
5937
5977
5992
5999
5999
5944
5960
5977
5969
5981
5952
5968
6005
6030
6043
6046
6053
6067
6050
6039
6061
6047
6060
6130
6129
6117
6119
6123
6152
6172
6167
6185
6211
6220
6242
6269
6275
6315
6304
6318
6336
6301
6323
6326
6380
6382
6401
6422
6408
6434
6430
