39278
74971
107445
137063
163900
187859
209100
228432
245593
260989
274310
285417
295182
303490
310515
316177
320571
323779
326338
327683
328480
328038
326940
325371
322892
320396
317674
314102
310456
306067
301506
296713
291784
286462
281561
276322
270863
265293
259647
253823
248083
242428
236671
230968
225356
219535
213702
208176
202714
197249
191874
186692
181464
176421
171280
166325
161521
156792
151855
147422
143080
138651
134428
130139
126278
122318
118620
114912
111353
107851
104441
101008
97685
94644
91463
88474
85542
82738
79978
77260
74719
72324
69919
67620
65392
63176
61071
58956
56958
55015
53215
51386
49724
48092
46529
44908
43450
41964
40565
39277
38063
36816
35658
34591
33436
32288
31249
30312
29339
28349
27422
26542
25675
24895
24113
23318
22654
21938
21275
20625
20027
19420
18884
18292
17733
17170
16628
16130
15687
15229
14815
14374
14093
13689
13354
13028
12657
12325
12044
11690
11380
11129
10912
10644
10405
10178
9957
9787
9562
9300
9143
8974
8802
8687
8520
8328
8174
8102
7960
7810
7696
7578
7451
7316
7193
7072
6978
6872
6753
6626
6513
6446
6352
6266
6206
6167
6123
6038
5970
5934
5864
5817
5776
5707
5654
5651
5603
5599
5547
5503
5449
5407
5375
5367
5355
5316
5295
5271
5249
5204
5188
5093
5014
4955
4956
4944
4916
4906
4894
4926
4906
4867
4852
4866
4853
4842
4805
4800
4787
4785
4783
4822
4783
4759
4757
4739
4715
4715
4688
4676
4656
4683
4687
4698
4696
4677
4669
4681
4679
4718
4703
4687
4672
4675
4660
4664
4671
4636
4631
4615
4614
4605
4566
4569
4600
4625
4628
4607
4590
4629
4637
4614
4620
4659
4676
4693
4675
4659
4619
4614
4601
4579
4593
4600
4620
4604
4601
4612
4596
4600
4566
4606
4610
4628
4660
4682
4672
4658
4664
4676
4694
4649
4631
4588
4541
4502
4503
4518
4539
4563
4574
4590
4556
4541
4540
4548
4576
4604
4644
4609
4597
4579
4568
4560
4572
4566
4559
4564
4553
4559
4574
4562
4554
4573
4595
4589
4565
4590
4592
4593
4605
4608
4592
4608
4614
4620
4590
4612
4598
4565
4537
4531
4583
4568
4561
4532
4507
4498
4472
4456
4434
4419
4420
4429
4418
4465
4476
4482
4451
4466
4445
4455
4480
4498
4488
4516
4529
4528
4535
4488
4438
4438
4358
4363
4351
4335
4331
4336
4348
4365
4372
4384
4393
4402
4440
4427
4354
4366
4338
4344
4362
4358
4396
4378
4356
4389
4377
4346
4337
4341
