39069
74389
106942
136600
163248
187324
208676
228014
245503
260354
273911
285335
295429
303696
310450
316025
320332
323812
326013
327414
328355
328092
327394
325602
323688
321278
318119
314511
310725
306552
302272
297639
292823
287680
282589
277331
271738
266325
260745
254976
249349
243637
237890
232115
226225
220576
214986
209370
203727
198108
192644
187506
182250
177125
171977
166964
162119
157526
152712
148168
143616
139278
134781
130569
126548
122724
118722
114865
111143
107654
104178
100813
97689
94473
91482
88468
85622
82781
79983
77368
74868
72421
70108
67786
65455
63253
61103
59121
57198
55388
53558
51774
50136
48506
46915
45303
43735
42367
40841
39494
38178
36967
35701
34558
33465
32307
31293
30243
29303
28350
27474
26614
25748
24895
24184
23452
22724
22035
21428
20801
20195
19580
18973
18442
17935
17393
16864
16408
15987
15577
15119
14701
14303
13910
13592
13195
12871
12499
12195
11894
11584
11307
11069
10759
10543
10304
10082
9849
9619
9393
9201
9012
8805
8662
8486
8289
8202
8072
7884
7775
7673
7608
7465
7352
7241
7136
7021
6910
6810
6691
6607
6551
6458
6361
6277
6211
6176
6130
6067
6025
5963
5909
5836
5806
5712
5636
5600
5556
5543
5501
5473
5487
5454
5404
5351
5307
5285
5240
5200
5167
5123
5108
5032
5008
4983
4947
4933
4896
4899
4852
4846
4812
4818
4797
4832
4806
4768
4712
4709
4714
4701
4676
4682
4670
4684
4707
4667
4619
4630
4643
4641
4631
4650
4607
4575
4601
4603
4621
4619
4593
4573
4539
4537
4558
4561
4563
4571
4567
4585
4555
4587
4574
4573
4585
4576
4566
4574
4586
4607
4594
4624
4682
4668
4678
4716
4726
4731
4772
4735
4729
4729
4691
4669
4691
4708
4741
4726
4713
4690
4715
4781
4758
4756
4721
4692
4649
4689
4643
4661
4624
4611
4609
4593
4612
4626
4628
4573
4612
4632
4616
4594
4574
4579
4599
4567
4554
4578
4564
4600
4603
4592
4608
4642
4625
4656
4638
4645
4638
4649
4631
4657
4663
4664
4632
4619
4595
4543
4542
4506
4494
4514
4495
4470
4480
4473
4469
4469
4469
4468
4457
4450
4482
4492
4470
4427
4429
4396
4371
4418
4473
4480
4461
4444
4485
4473
4501
4514
4489
4511
4531
4482
4487
4532
4560
4529
4534
4549
4560
4577
4546
4536
4490
4510
4517
4518
4493
4476
4467
4442
4430
4456
4452
4427
4407
4376
4402
4408
4380
4357
4303
4254
4251
4222
4218
4211
4178
4203
4206
4174
4126
