54629
29426
20204
15845
13084
11353
10460
9475
8737
8421
7969
7703
7398
7275
6776
6982
6705
6601
6677
6797
6628
6734
6805
6655
6731
6766
6946
6876
7087
7167
7117
7324
7432
7533
7559
7792
8031
8213
8286
8595
8551
8889
9000
9502
9589
9719
10011
10251
10404
10969
11284
11528
11913
11940
12344
12816
12861
13497
13808
14135
14756
15035
15588
15980
16216
16834
17448
17834
18199
19013
19547
20169
20928
21501
21980
22620
23712
23951
24732
25754
26584
27455
28214
28970
29743
30655
31526
32353
33843
34840
35578
36783
37805
38966
40185
40984
42346
43865
44883
45847
47263
48393
49778
50904
52830
54308
55118
56762
58162
59501
61154
62624
63891
65235
66876
68750
70099
71985
73432
74959
76372
77837
79615
81426
83222
84336
86175
87868
89106
91008
92593
94184
96041
97626
99342
100443
102397
103817
104921
106519
107844
109155
110633
112637
114625
115334
116948
118235
119674
120843
121680
123526
124706
125984
127117
128320
129322
130683
131528
132911
133677
134712
135861
136584
137503
138067
139121
139985
140372
140572
141379
142317
143133
144289
145581
146169
146735
146905
147823
148104
148714
149339
149736
150812
150649
151116
151877
153006
153480
154139
154399
154895
155378
155338
155411
156011
156578
157339
157774
158418
158744
159618
159666
159551
159603
160452
160797
160920
160952
161100
161298
161108
161666
161861
161893
162310
162411
162795
163026
162880
162845
162804
163370
163428
163429
163167
162922
162732
162911
163107
163254
163449
163456
162954
162896
162964
163155
163073
163676
163899
163833
164091
164069
164110
163868
163538
163463
164274
164265
164220
164332
164170
164379
164880
164620
165044
165152
164991
164289
164281
164458
164657
164860
164248
164244
164128
163893
163719
163764
163671
163599
163308
163687
163572
163368
163410
163273
162859
163616
163635
163714
163513
163645
163721
163487
163626
163889
164771
164294
163957
164285
164710
164756
164966
165650
165489
165853
165399
165545
165918
165372
165587
165637
165905
165385
165674
165600
165525
165436
165433
165416
165460
165873
165879
165822
165717
165089
165131
164911
164774
165091
164753
164538
164094
163837
163915
164230
164220
164403
164462
163897
163869
164552
164455
164548
164026
163722
163941
163940
164325
164301
164247
164352
164910
165435
165253
165287
165687
165771
166410
166179
166609
166617
166863
166490
166127
165580
165734
166146
165898
165824
165649
165943
165651
165463
165837
165641
165483
165756
166367
166492
166989
167067
166768
166800
166626
167145
166579
166358
166369
166904
167195
166987
167294
167618
167702
167713
167557
167820
167812
167768
167856
168141
167896
168710
167982
168125
168363
168037
167921
