65541
189901
287347
365345
429218
482562
526100
562199
593264
617574
637627
654149
667599
679001
687703
695861
701912
707101
711822
714999
717421
719878
721881
723688
725164
725957
726559
727094
728342
728579
728329
728547
727608
726930
727675
727298
727138
727370
726219
724327
724402
723957
724669
723488
722241
721543
720161
719421
719544
719709
718591
717923
715999
715051
714397
713030
712560
710697
710499
709894
709313
708642
706407
704212
702623
701695
700470
698995
697776
696242
694860
693512
691584
690305
688256
686605
684648
682694
680556
679000
676845
674586
672672
670092
667425
665099
662842
659763
657161
654948
651944
648776
646402
643358
640319
637918
635128
631858
627773
623999
620715
616588
612536
609407
605287
601323
596693
592685
589210
585174
581204
577255
573351
568013
564244
559584
555027
550649
545992
541759
537096
532336
527525
523758
519147
514021
509595
505153
500164
495012
490158
485569
480838
476408
471676
466926
462158
457203
452264
447364
443438
438938
434548
430175
425302
421253
416675
411742
407133
403069
398848
394685
390161
385441
381246
377103
373936
370299
367230
364265
360966
357813
354818
351611
348595
345641
342971
339870
337042
334282
331252
329137
326299
323703
321027
318639
316408
314425
312254
310244
308245
306378
304199
302785
300981
298602
297057
295598
293391
291951
290280
289134
288013
287425
286437
285163
283973
282701
281633
280340
279476
278351
276700
275278
273947
272497
271047
270195
268946
268433
268032
266925
265977
265399
265421
264704
264219
263720
262304
261632
261024
260709
260183
259741
258967
259102
259191
259277
258920
258325
257382
257225
257174
257121
256303
256445
256122
256263
255931
255876
255579
255062
254623
254348
254205
254178
254167
254523
254688
254585
254589
254776
254217
254535
254743
253876
253443
253896
254175
254388
254706
255397
255692
256197
256793
257511
257712
258747
258863
258908
258864
258515
258848
258294
258509
258760
259308
258820
258696
258556
259060
259612
260109
260186
259686
259029
258359
257939
257490
257928
257416
257159
256707
255879
255757
255820
256086
255717
255605
255643
255962
256068
255828
255686
255113
254666
254591
254307
254198
254493
254862
255084
255276
255367
255189
255497
256249
255872
255897
255948
256566
256885
257432
257313
256427
255953
255441
254785
254172
253386
253452
253102
252738
252466
252109
251780
250971
251049
250920
250660
250495
250605
250538
250324
250241
249458
249117
248087
247977
248264
248649
249203
249007
249226
249947
250313
250352
250605
250674
250830
250689
250850
250607
251716
251562
251678
251759
252219
252571
252836
252574
252566
252198
252553
252592
252090
251947
251822
251065
250190
249967
250117
249407
248915
248642
248564
248228
248018
247813
247611
246278
245290
244002
244099
243338
242702
242529
241825
241566
240689
