18
37
55
79
107
123
144
176
200
227
243
272
288
313
341
359
389
402
417
436
464
480
502
526
547
569
592
604
624
649
664
688
714
732
750
772
789
809
824
842
859
882
902
921
947
983
996
1014
1029
1047
1059
1073
1093
1110
1132
1152
1174
1195
1217
1230
1249
1266
1279
1305
1316
1340
1354
1373
1386
1412
1429
1448
1476
1504
1527
1551
1571
1588
1614
1636
1668
1692
1705
1724
1740
1758
1779
1802
1828
1861
1882
1897
1916
1937
1959
1980
1997
2018
2044
2066
2082
2097
2114
2138
2151
2170
2194
2217
2238
2258
2267
2282
2308
2332
2361
2380
2397
2420
2448
2468
2490
2510
2539
2548
2572
2597
2618
2628
2651
2675
2698
2728
2747
2766
2786
2800
2826
2838
2865
2890
2912
2924
2953
2976
2999
3015
3036
3055
3072
3103
3122
3142
3174
3187
3216
3240
3268
3284
3304
3319
3333
3359
3377
3400
3419
3448
3472
3494
3505
3525
3543
3568
3592
3614
3631
3643
3659
3686
3712
3747
3772
3786
3807
3830
3853
3882
3898
3919
3938
3962
3986
4008
4023
4045
4068
4091
4114
4137
4162
4185
4207
4228
4248
4267
4281
4309
4337
4362
4379
4398
4415
4441
4465
4488
4504
4532
4557
4575
4595
4620
4644
4669
4696
4719
4730
4746
4763
4784
4803
4824
4841
4864
4886
4910
4926
4946
4967
4988
5008
5029
5045
5072
5090
5105
5127
5147
5169
5198
5218
5230
5251
5272
5300
5324
5343
5359
5381
5403
5422
5437
5465
5489
5501
5522
5536
5560
5578
5595
5612
5635
5661
5683
5699
5716
5733
5760
5776
5811
5825
5844
5857
5874
5892
5915
5935
5960
5985
6005
6022
6041
6068
6086
6121
6136
6160
6180
6207
6227
6249
6267
6293
6313
6341
6359
6387
6413
6436
6461
6480
6503
6526
6550
6567
6592
6611
6637
6652
6674
6696
6719
6745
6768
6785
6808
6830
6853
6875
6889
6912
6936
6956
6974
7004
7025
7042
7059
7077
7088
7113
7141
7156
7177
7198
7221
7244
7269
7291
7313
7334
7353
7365
7390
7405
7424
7446
7469
7482
7506
7527
7546
7568
7585
7613
7631
7652
7669
7680
7700
7717
7734
7757
7773
7789
7812
7840
7859
7884
7909
7920
7944
7970
7990
8001
8030
8050
8078
8103
8126
8149
8170
8186
8205
8223
8233
8253
8280
8303
8319
8340
8362
