13
26
49
79
98
122
134
151
176
201
222
245
268
283
303
324
351
367
396
415
434
455
482
498
523
542
557
568
591
620
637
655
669
685
698
718
742
762
782
801
819
834
855
872
896
919
937
945
965
981
1004
1019
1040
1060
1072
1094
1108
1128
1160
1184
1196
1219
1245
1265
1282
1306
1322
1346
1363
1378
1398
1410
1433
1452
1469
1486
1502
1515
1540
1561
1584
1610
1639
1650
1677
1696
1719
1741
1757
1774
1793
1809
1825
1843
1867
1896
1917
1939
1950
1980
2003
2021
2039
2059
2080
2098
2119
2134
2150
2180
2203
2226
2253
2280
2302
2322
2340
2364
2376
2388
2408
2421
2446
2469
2482
2503
2532
2550
2572
2591
2616
2638
2664
2688
2706
2731
2746
2764
2792
2820
2841
2862
2882
2903
2927
2956
2983
2999
3020
3047
3066
3083
3109
3129
3152
3167
3187
3205
3236
3258
3281
3307
3328
3348
3371
3387
3412
3436
3450
3468
3494
3517
3534
3547
3566
3584
3607
3625
3650
3670
3687
3718
3736
3764
3785
3809
3827
3847
3870
3890
3918
3942
3957
3978
4011
4028
4046
4073
4094
4116
4136
4160
4191
4214
4235
4257
4291
4305
4323
4349
4371
4389
4407
4422
4449
4474
4500
4518
4536
4559
4581
4603
4619
4639
4660
4677
4707
4726
4754
4775
4802
4825
4850
4871
4885
4908
4938
4953
4972
4998
5015
5030
5056
5079
5100
5118
5143
5164
5179
5200
5215
5238
5266
5290
5315
5338
5365
5383
5406
5427
5448
5481
5506
5524
5553
5572
5587
5610
5635
5654
5680
5697
5725
5748
5774
5796
5816
5838
5865
5889
5909
5927
5947
5964
5985
6013
6032
6062
6085
6103
6121
6150
6175
6198
6220
6235
6254
6278
6302
6316
6333
6359
6385
6406
6427
6455
6477
6498
6517
6537
6549
6563
6579
6602
6623
6643
6660
6679
6704
6731
6762
6788
6812
6832
6852
6878
6913
6930
6961
6972
6994
7014
7031
7045
7061
7086
7102
7116
7135
7166
7179
7198
7218
7240
7262
7285
7315
7334
7350
7377
7401
7422
7447
7471
7499
7517
7537
7562
7587
7604
7619
7650
7673
7692
7716
7737
7763
7790
7814
7841
7868
7889
7904
7931
7957
7973
7992
8018
8049
8064
8082
8100
8122
8146
8171
8197
8217
8232
8253
8274
8294
8322
8334
8353
8376
8403
8420
8451
8472
8490
