20
50
68
91
115
134
166
195
219
238
257
278
294
318
330
355
383
399
421
439
466
491
512
528
541
563
589
613
629
651
681
694
718
732
750
770
786
812
836
854
879
904
927
928
953
969
988
1005
1018
1041
1062
1074
1096
1116
1133
1156
1179
1197
1223
1243
1260
1274
1291
1310
1326
1348
1370
1389
1413
1440
1455
1470
1493
1514
1545
1564
1582
1603
1625
1640
1655
1680
1701
1722
1741
1755
1779
1797
1815
1833
1852
1875
1899
1921
1937
1958
1977
1997
2012
2039
2059
2077
2096
2113
2133
2159
2190
2205
2221
2243
2263
2287
2304
2327
2351
2374
2393
2421
2449
2479
2495
2513
2532
2548
2570
2593
2611
2629
2648
2671
2688
2706
2728
2746
2768
2799
2824
2844
2869
2887
2903
2929
2943
2962
2980
3001
3025
3046
3064
3082
3098
3130
3151
3172
3187
3205
3223
3240
3263
3285
3308
3330
3357
3377
3392
3416
3436
3460
3481
3505
3533
3559
3579
3604
3630
3655
3676
3699
3713
3730
3747
3769
3794
3817
3844
3860
3886
3916
3931
3950
3977
3999
4020
4044
4063
4089
4106
4136
4153
4181
4206
4228
4248
4264
4291
4307
4326
4350
4371
4390
4406
4426
4452
4475
4496
4514
4532
4554
4577
4592
4611
4627
4654
4675
4696
4713
4730
4754
4770
4797
4815
4835
4856
4877
4901
4925
4944
4962
4980
4996
5018
5040
5056
5076
5102
5114
5134
5146
5167
5186
5214
5236
5254
5273
5301
5315
5326
5343
5369
5393
5422
5441
5476
5497
5520
5531
5555
5573
5592
5624
5638
5667
5687
5703
5726
5742
5758
5780
5798
5815
5842
5868
5892
5913
5931
5949
5972
5999
6021
6039
6060
6084
6109
6134
6150
6166
6190
6214
6231
6253
6275
6301
6318
6340
6365
6378
6402
6425
6443
6458
6484
6511
6526
6543
6552
6577
6599
6627
6648
6665
6684
6699
6727
6754
6776
6799
6822
6849
6873
6910
6928
6948
6971
6991
7005
7033
7055
7080
7095
7116
7136
7156
7169
7189
7212
7224
7247
7269
7293
7315
7340
7359
7375
7401
7420
7438
7468
7484
7508
7528
7551
7572
7592
7610
7628
7644
7662
7682
7696
7721
7739
7768
7790
7811
7831
7850
7874
7899
7918
7942
7964
7981
8001
8024
8047
8072
8098
8117
8133
8157
8189
8208
8224
8238
8259
8275
8293
8316
8331
8351
