28
49
69
97
125
152
174
195
221
238
267
280
300
314
334
354
377
395
418
439
457
481
496
518
537
560
575
597
616
638
651
676
686
706
723
751
783
799
817
830
857
873
888
916
936
954
970
984
999
1030
1047
1074
1091
1113
1138
1153
1172
1194
1221
1231
1252
1270
1285
1306
1323
1339
1361
1378
1392
1412
1438
1459
1480
1497
1516
1530
1545
1565
1588
1617
1634
1647
1661
1675
1696
1728
1755
1781
1809
1830
1846
1862
1883
1902
1923
1949
1972
1992
2014
2032
2053
2071
2093
2119
2146
2178
2204
2229
2250
2266
2288
2313
2340
2366
2384
2409
2428
2453
2474
2489
2513
2536
2560
2580
2597
2618
2639
2666
2688
2715
2734
2749
2775
2792
2824
2838
2852
2872
2893
2918
2939
2962
2975
3003
3022
3049
3068
3088
3120
3132
3148
3171
3195
3217
3229
3247
3266
3295
3314
3335
3356
3370
3390
3421
3448
3463
3478
3501
3525
3537
3558
3569
3593
3616
3634
3664
3685
3705
3724
3744
3762
3805
3822
3840
3868
3890
3907
3933
3955
3979
3999
4021
4038
4056
4083
4105
4130
4146
4166
4189
4212
4226
4254
4275
4300
4322
4344
4367
4391
4419
4442
4464
4488
4512
4532
4550
4574
4595
4616
4636
4659
4675
4694
4713
4732
4751
4768
4790
4819
4834
4853
4880
4898
4923
4949
4980
5004
5032
5058
5081
5103
5127
5143
5173
5197
5214
5242
5260
5280
5308
5332
5355
5379
5406
5427
5456
5484
5509
5526
5551
5572
5597
5622
5648
5672
5695
5721
5746
5769
5793
5828
5850
5879
5895
5910
5930
5942
5959
5977
6001
6021
6044
6054
6091
6116
6139
6156
6173
6195
6214
6241
6268
6284
6302
6320
6350
6367
6388
6412
6427
6451
6475
6498
6524
6542
6574
6586
6605
6619
6641
6660
6676
6700
6715
6744
6763
6785
6805
6830
6849
6867
6899
6926
6949
6968
6997
7021
7048
7068
7097
7122
7142
7168
7194
7214
7233
7260
7276
7296
7322
7344
7371
7392
7409
7425
7441
7466
7494
7513
7534
7558
7581
7603
7616
7633
7666
7690
7706
7728
7743
7765
7792
7812
7832
7846
7860
7878
7901
7920
7939
7957
7979
7999
8020
8040
8063
8088
8105
8122
8140
8158
8192
8218
8241
8251
8277
8301
8319
8345
8359
8381
8402
8428
8455
8480
8498
8519
8551
8569
8589
