4
28
77
139
199
259
319
359
420
454
516
560
615
652
690
726
745
777
796
817
854
884
906
924
964
992
1006
1040
1059
1081
1111
1132
1159
1163
1198
1213
1248
1282
1303
1327
1345
1368
1382
1401
1418
1416
1426
1436
1436
1456
1458
1466
1491
1504
1514
1498
1485
1512
1513
1510
1528
1529
1519
1521
1536
1569
1569
1579
1590
1597
1595
1582
1582
1588
1605
1595
1605
1598
1611
1612
1596
1600
1611
1622
1621
1637
1647
1648
1653
1661
1647
1642
1647
1639
1641
1631
1622
1607
1587
1591
1592
1595
1587
1596
1595
1598
1620
1622
1609
1602
1593
1598
1606
1596
1582
1567
1573
1579
1591
1585
1574
1583
1580
1581
1580
1589
1570
1566
1562
1545
1554
1548
1533
1535
1527
1532
1539
1540
1558
1563
1549
1545
1527
1527
1533
1527
1531
1540
1531
1509
1509
1506
1499
1488
1488
1465
1459
1458
1458
1453
1464
1454
1447
1439
1424
1426
1406
1410
1388
1376
1359
1364
1366
1376
1369
1364
1367
1351
1344
1338
1336
1336
1342
1346
1341
1331
1312
1304
1315
1290
1294
1295
1291
1288
1294
1300
1289
1288
1280
1282
1302
1318
1323
1334
1342
1352
1358
1367
1377
1373
1380
1389
1386
1384
1386
1396
1396
1406
1412
1412
1433
1445
1459
1478
1473
1465
1469
1475
1475
1488
1487
1497
1486
1488
1491
1500
1521
1532
1529
1551
1543
1535
1558
1558
1561
1562
1588
1583
1592
1590
1589
1595
1587
1576
1570
1565
1562
1559
1565
1553
1572
1564
1579
1579
1588
1583
1579
1587
1600
1593
1586
1573
1557
1557
1563
1574
1573
1576
1571
1570
1586
1576
1579
1580
1568
1591
1588
1578
1578
1587
1594
1592
1598
1600
1591
1591
1603
1604
1611
1618
1616
1627
1622
1625
1639
1655
1660
1673
1686
1685
1693
1699
1706
1704
1685
1674
1677
1679
1700
1710
1716
1717
1732
1757
1784
1791
1792
1784
1795
1799
1792
1787
1786
1778
1777
1783
1790
1781
1767
1765
1758
1751
1758
1759
1751
1774
1779
1772
1762
1764
1769
1772
1760
1761
1774
1758
1762
1761
1762
1753
1751
1756
1758
1753
1753
1760
1731
1734
1732
1739
1736
1742
1752
1770
1788
1772
1778
1778
1771
1789
1775
1772
1774
1759
1755
1750
1753
1757
1760
1754
1758
1746
1754
1747
1741
1743
1736
1717
1719
1738
