1000000
958375
918711
880280
843180
807501
773251
740667
709141
679226
650489
623456
597008
572164
548031
525143
503014
481968
461906
442579
424280
406560
389668
373601
358561
344129
330134
316835
304022
292399
281367
271142
261365
252266
243963
236214
229299
222940
217416
212441
207755
203833
200511
197359
194778
192734
190564
188398
186414
184515
182878
181484
180302
179381
178127
176806
175560
174446
173355
172297
171237
170267
169049
168314
167628
166941
166459
165833
165197
164602
164104
163611
163142
162484
161570
160498
159390
158301
157267
156268
155011
153827
152489
150880
149223
147741
146432
145061
143931
142735
141234
139915
138732
137403
135983
134693
133353
132050
130866
129979
129032
127995
126822
125739
124981
124332
123790
123377
123070
122783
122484
122203
122037
121948
121809
121753
121738
121629
121483
121390
121353
121290
121246
121340
121432
121530
121641
121709
121935
122165
122371
122595
122809
123022
123243
123449
123652
123912
124139
124347
124571
124796
125014
125226
125452
125669
125901
126136
126391
126604
126816
127034
127262
127455
127658
127899
128124
128358
128549
128764
128962
129211
129414
129602
129798
129995
130206
130430
130642
130867
131043
131253
131464
131675
131893
132115
132325
132545
132754
132974
133178
133424
133665
133881
134118
134326
134564
134781
135004
135204
135426
135651
135896
136128
136346
136534
136752
136955
137195
137408
137632
137855
138106
138343
138556
138765
138989
139221
139452
139670
139891
140086
140309
140535
140734
140956
141151
141390
141594
141830
142066
142274
142474
142705
142930
143146
143360
143583
143789
144000
144206
144425
144639
144853
145061
145284
145482
145690
145895
146106
146332
146558
146787
147008
147229
147407
147617
147823
148032
148207
148410
148613
148828
149035
149239
149445
149688
149907
150129
150334
150557
150764
151004
151215
151421
151637
151820
152046
152273
152492
152694
152898
153123
153331
153547
153764
153976
154197
154403
154624
154812
155028
155248
155439
155637
155880
156137
156369
156556
156758
156960
157186
157399
157610
157816
158025
158224
158430
158629
158831
159053
159254
159444
159661
159883
160093
160317
160537
160746
160966
161175
161397
161608
161841
162039
162221
162447
162649
162828
163025
163216
163434
163625
163833
164052
164266
164459
164707
164914
165110
165327
165534
165762
165988
166210
166426
166636
166840
167047
167263
167460
167663
167910
168136
168352
168564
168731
168945
169157
169362
169578
169796
170021
170219
170412
170620
170844
171040
171239
171447
171671
171876
172084
172314
172539
172755
172964
173139
173329
173533
173723
173924
174127
174329
174539
174741
174928
175149
175368
175568
175764
175970
176168
176384
176609
176802
177013
177202
177431
177635
177841
178041
178249
178433
178647
178847
179065
179271
179468
179691
179923
180136
180329
180540
180741
180958
181165
181352
181570
181754
181965
182160
182355
182557
182773
182989
183195
183413
183608
183812
184030
184220
184439
184644
184844
185051
185251
185460
185675
185880
186103
186297
186508
186719
186934
187116
187339
187555
187740
187966
188195
188388
188607
188801
189000
189198
189427
189640
189843
190029
190232
190456
190669
190896
191099
191315
191513
191742
191934
192147
192354
192550
192761
192968
193167
193382
193608
193809
194008
194220
194415
194618
194824
194996
195229
195430
195630
195823
196038
196250
196462
196647
196851
197058
197242
197441
197651
197829
198021
198239
198466
198658
198867
199072
199259
199470
199664
199855
200061
200250
200440
200634
200812
200992
201178
201377
201595
201788
201979
202167
202351
202560
202740
202945
203161
203351
203558
203757
203935
204152
204341
204542
204738
204928
205135
205344
205570
205790
205971
206181
206380
206593
206798
206996
207201
207402
207608
207809
208004
208216
208430
208623
208806
209020
209224
209440
209623
209835
210031
210246
210445
210632
210836
211004
211189
211383
211577
211772
211968
212141
212329
212508
212717
212905
213109
213312
213520
213736
213921
214101
214284
214475
214673
214874
215074
215257
215456
215656
215828
216013
216193
216393
216597
216828
217032
217234
217416
217595
217792
218005
218188
218404
218588
218801
219009
219201
219388
219605
219830
220033
220228
