1000000
958406
918527
880044
842888
807071
773293
740313
709265
679360
650511
622873
596659
571117
547190
524241
502265
481315
461120
441499
423353
405770
388936
372949
357587
342921
329033
315749
303227
291399
280276
269602
259721
250344
241790
233980
227059
220752
214839
209164
203863
199332
195208
191156
187461
183964
181015
178525
176193
174312
172778
171795
170950
170467
170025
169608
169286
168932
168623
168290
167976
167290
166728
166173
165687
165366
164995
164543
164092
163782
163513
163242
163118
162970
162824
162848
162898
162963
162932
162954
162982
163011
162911
162826
162872
162902
162887
162959
162933
162742
162577
162420
162376
162543
162748
162969
163168
163381
163587
163789
163993
164187
164404
164605
164808
165004
165225
165421
165619
165828
166040
166221
166435
166643
166845
167064
167264
167502
167701
167897
168092
168326
168530
168733
168952
169165
169372
169587
169802
169991
170202
170408
170605
170802
171014
171220
171446
171655
171849
172053
172262
172435
172608
172816
173017
173227
173411
173611
173817
174033
174232
174452
174638
174844
175063
175287
175512
175723
175958
176162
176388
176576
176780
176989
177205
177412
177623
177823
178053
178274
178476
178656
178832
179035
179234
179438
179641
179838
180053
180258
180455
180668
180877
181083
181294
181516
181737
181940
182136
182337
182528
182744
182938
183144
183346
183563
183760
183964
184162
184374
184572
184781
185001
185199
185405
185602
185810
186024
186233
186435
186643
186855
187053
187262
187472
187662
187846
188051
188241
188422
188609
188786
188993
189226
189440
189623
189821
190004
190215
190405
190602
190806
190998
191203
191383
191584
191820
192021
192212
192418
192614
192829
193049
193256
193444
193677
193868
194096
194317
194504
194727
194923
195138
195322
195530
195734
195925
196113
196310
196493
196693
196895
197088
197266
197462
197652
197883
198104
198299
198485
198696
198922
199133
199348
199534
199742
199944
200126
200301
200502
200686
200905
201114
201304
201527
201719
201942
202153
202349
202551
202782
202987
203181
203385
203592
203782
203968
204163
204347
204531
204706
204877
205083
205252
205449
205671
205872
206055
206246
206432
206639
206840
207031
207224
207424
207613
207809
207996
208210
208411
208630
208811
208991
209206
209386
209582
209798
209968
210173
210364
210544
210730
210922
211128
211324
211537
211760
211978
212189
212383
212607
212822
213007
213222
213423
213614
213812
214002
214210
214392
214578
214788
215008
215204
215398
215598
215777
215974
216160
216342
216547
216720
216946
217134
217323
217538
217739
217925
218139
218302
218506
218692
218905
219118
219319
219527
219719
219902
220101
220301
220493
220680
220867
221068
221263
221468
221706
221894
222075
222272
222446
222664
222850
223041
223233
223415
223585
223764
223941
224109
224304
224504
224679
224868
225060
225276
225455
225651
225848
226050
226248
226434
226618
226820
226999
227172
227385
227567
227747
227945
228146
228330
228534
228717
228902
229080
229269
229470
229652
229846
230045
230242
230463
230668
230843
231017
231213
231414
231608
231787
231972
232162
232354
232535
232723
232920
233114
233302
233512
233691
233879
234063
234213
234399
234612
234803
234984
235160
235376
235550
235736
235940
236140
236322
236520
236736
236920
237109
237281
237476
237670
237840
238038
238235
238434
238609
238832
239018
239180
239372
239565
239750
239966
240165
240349
240537
240756
240935
241100
241274
241466
241647
241831
242048
242236
242441
242608
242790
242969
243167
243356
243557
243743
243950
244146
244322
244485
244654
244834
245017
245214
245405
245604
245787
245957
246138
246328
246505
246699
246877
247073
247246
247436
247631
247821
248014
248197
248395
248580
248748
248943
249121
249289
249483
249687
249882
250070
250250
250418
250591
250771
250946
251109
251304
251480
251631
251801
251982
252197
252394
252582
252786
252967
253187
253356
253562
253732
253914
254108
254317
254490
254681
254879
255059
255240
255420
255600
255786
255981
256153
256334
256498
256674
256864
257035
257206
257398
257581
257750
257944
258129
258287
258492
258680
258868
259035
259224
259426
259605
259806
259986
260165
260339
260551
260715
260896
261074
261260
261458
261643
261841
