1000000
958523
918434
880335
843599
808396
774192
741485
709816
679971
651372
623897
597594
572421
547998
525026
502888
481794
462026
442808
424540
406928
390062
374033
358841
344348
330717
317631
305133
293240
282254
272019
262175
252809
244113
236248
229192
222731
216996
211882
207368
203515
200395
197715
195355
193327
191164
189039
186932
185042
183078
181069
179088
177204
175880
174848
174180
173523
173228
173111
172682
172356
172049
171875
171699
171479
171203
171243
171434
171648
171891
172097
172306
172518
172725
172949
173140
173348
173548
173764
173986
174190
174414
174628
174842
175039
175245
175461
175643
175844
176050
176288
176505
176695
176895
177085
177322
177519
177726
177912
178122
178305
178508
178718
178897
179112
179334
179522
179755
179946
180140
180343
180558
180746
180967
181167
181378
181598
181790
181980
182181
182370
182538
182739
182949
183142
183329
183532
183739
183944
184127
184334
184562
184764
184973
185170
185369
185573
185796
185992
186189
186392
186569
186762
186990
187192
187397
187606
187810
188004
188223
188428
188659
188873
189083
189281
189482
189681
189859
190034
190263
190473
190669
190902
191085
191312
191502
191724
191936
192129
192332
192539
192711
192902
193114
193358
193546
193714
193895
194112
194309
194522
194735
194940
195139
195348
195548
195768
195950
196177
196358
196532
196717
196913
197110
197286
197488
197665
197871
198068
198286
198471
198676
198889
199079
199265
199453
199667
199841
200079
200262
200456
200665
200853
201041
201254
201436
201652
201858
202059
202248
202435
202655
202851
203063
203260
203449
203629
203821
204021
204218
204396
204601
204810
205010
205196
205388
205598
205790
205975
206165
206356
206536
206748
206946
207152
207361
207577
207769
207960
208184
208374
208582
208773
208973
209178
209391
209617
209796
209976
210168
210366
210571
210761
210961
211138
211304
211515
211704
211911
212157
212347
212558
212736
212927
213107
213314
213489
213659
213835
214008
214212
214426
214626
214832
215039
215210
215414
215635
215832
216046
216233
216389
216583
216782
216996
217190
217392
217582
217763
217971
218186
218368
218588
218787
218982
219149
219341
219539
219739
219924
220119
220345
220527
220725
220912
221124
221342
221543
221752
221966
222168
222378
222554
222748
222947
223147
223306
223515
223718
223921
224114
224299
224517
224700
224883
225100
225326
225526
225728
225944
226141
226341
226534
226718
226895
227078
227249
227441
227651
227851
228038
228201
228387
228563
228765
228950
229135
229295
229491
229701
229914
230108
230313
230513
230732
230912
231088
231280
231472
231661
231843
232044
232238
232427
232615
232816
233001
233187
233372
233541
233726
233936
234140
234360
234565
234753
234914
235130
235312
235515
235688
235865
236043
236238
236419
236603
236781
236966
237159
237358
237541
237743
237946
238138
238333
238572
238753
238967
239148
239351
239533
239700
239888
240085
240265
240463
240644
240843
241049
241235
241436
241617
241802
242004
242192
242372
242556
242731
242901
243093
243271
243456
243657
243852
244043
244253
244431
244596
244785
244990
245161
245362
245524
245720
245921
246130
246343
246531
246720
246933
247134
247314
247514
247700
247877
248060
248243
248435
248636
248827
249023
249203
249401
249616
249810
249972
250140
250310
250490
250671
250876
251070
251265
251441
251621
251801
251991
252202
252379
252579
252782
252998
253185
253343
253512
253724
253919
254121
254303
254493
254657
254845
255045
255257
255453
255650
255837
256012
256183
256349
256537
256719
256908
257102
257293
257475
257661
257839
258023
258183
258395
258589
258784
258948
259135
259326
259536
259720
259912
260108
260296
260474
260647
260832
261021
261205
261400
261599
261770
261965
262159
262359
262539
262746
262916
263103
263301
263471
263660
263841
264020
264200
264369
264533
264748
264938
265163
265341
265527
265714
265883
266064
266251
266429
266595
266777
266941
267157
267342
267525
267710
267896
268057
268237
268424
268601
268775
268963
269163
269343
269517
269704
269877
270058
270228
270418
270597
270769
270936
271105
271304
271474
271645
271822
272003
272177
272355
272544
272738
272923
273107
273285
273468
273632
273808
273993
274177
274344
274515
274707
