1000000
958658
918723
880375
843317
807740
773846
741246
709996
679833
651300
623697
597557
572340
548160
525026
502822
481569
461401
442155
423966
406233
389190
373091
357794
343081
329169
315961
303504
291648
280587
270058
260470
251075
242340
234158
226776
219719
213053
206931
201433
196653
192210
188224
184572
181548
178978
176840
175102
173936
172984
172410
171964
171339
170925
170638
170522
170455
170288
170120
169834
169480
169129
168735
168131
167348
166594
165912
165213
164591
164174
163749
163310
162847
162532
162337
162095
161789
161474
160993
160473
160219
159964
159564
159202
158721
158143
157731
157346
157033
156744
156224
155508
154713
153782
152535
151491
150649
149686
148660
147696
146839
145944
145103
144388
143680
142973
142160
141456
140667
140239
139808
139337
139046
138937
138885
138794
138716
138620
138535
138465
138389
138364
138194
138020
137799
137185
136555
135777
134972
134303
133715
133133
132575
132052
131529
131033
130486
129778
129082
128308
127411
126626
125897
125264
124603
123887
123329
122799
122358
121984
121717
121429
121026
120650
120263
119809
119278
118926
118877
118992
119195
119425
119663
119934
120150
120364
120590
120804
121028
121253
121490
121708
121901
122128
122361
122597
122809
123038
123265
123484
123675
123871
124108
124348
124533
124751
124967
125165
125372
125583
125798
126022
126237
126455
126662
126866
127081
127293
127517
127725
127954
128170
128384
128585
128814
129039
129261
129486
129711
129929
130152
130377
130608
130834
131052
131299
131508
131745
131954
132171
132404
132634
132863
133095
133318
133515
133718
133949
134159
134391
134593
134804
135031
135235
135439
135637
135851
136066
136255
136486
136706
136939
137175
137418
137628
137840
138072
138331
138552
138775
138983
139192
139402
139612
139845
140063
140292
140529
140756
140987
141216
141425
141656
141896
142105
142327
142520
142768
142975
143201
143412
143605
143837
144031
144215
144439
144661
144870
145094
145285
145495
145684
145876
146082
146269
146502
146713
146935
147161
147374
147597
147798
148001
148207
148418
148609
148799
149017
149225
149427
149641
149844
150057
150280
150527
150772
151007
151201
151409
151644
151840
152051
152253
152489
152713
152939
153146
153359
153597
153813
154025
154218
154434
154640
154823
155028
155224
155450
155690
155902
156148
156359
156577
156781
156981
157183
157389
157606
157823
158019
158208
158417
158618
158802
159015
159211
159398
159630
159833
160049
160254
160451
160654
160850
161066
161289
161490
161698
161919
162138
162351
162583
162811
163007
163225
163420
163638
163867
164085
164308
164504
164724
164941
165147
165347
165582
165796
165997
166215
166445
166650
166870
167066
167290
167513
167714
167904
168118
168316
168515
168730
168940
169157
169367
169574
169770
169996
170205
170408
170624
170830
171037
171257
171480
171686
171897
172078
172309
172540
172747
172963
173167
173364
173586
173773
174006
174206
174418
174656
174860
175058
175265
175500
175696
175914
176119
176315
176522
176722
176918
177118
177334
177572
177802
178006
178233
178448
178659
178858
179069
179274
179478
179687
179894
180091
180295
180472
180669
180856
181045
181248
181438
181652
181880
182076
182299
182503
182684
182908
183103
183321
183524
183721
183934
184161
184377
184581
184787
185002
185210
185398
185601
185817
186026
186229
186410
186628
186800
186978
187172
187383
187604
187785
187995
188182
188403
188579
188792
189003
189212
189404
189613
189831
190030
190230
190405
190594
190798
190992
191169
191387
191571
191768
191963
192190
192408
192624
192835
193059
193255
193442
193640
193815
194010
194218
194414
194623
194841
195016
195218
195418
195623
195797
195991
196205
196403
196588
196803
197003
197182
197371
197573
197780
197975
198169
198374
198563
198768
198979
199168
199368
199569
199796
199991
200162
200358
200547
200762
200951
201143
201329
201524
201717
201908
202087
202291
202490
202676
202886
203091
203310
203513
203717
203931
204137
204335
204540
204726
204936
205122
205303
205515
205705
205912
206132
206336
206531
206718
206905
207112
207288
207470
207682
207892
208082
208275
208475
208695
208873
209081
209271
209469
209681
209884
210074
210296
210495
210672
210863
211068
