1000000
958372
918215
879723
843145
807716
773843
741092
710148
680242
651556
624040
597757
572491
548211
525200
503045
481904
462002
442774
424563
407222
390370
374385
359245
344657
330886
317573
304994
293070
281543
270856
260695
251322
242393
234183
226772
219734
213171
207047
201437
196535
192229
188509
185190
182143
179360
177133
175017
173068
171319
169859
168522
167360
166313
165467
164726
164077
163540
163170
162735
162178
161540
160966
160697
160485
160358
160242
160260
160469
160673
160881
161085
161278
161468
161695
161921
162141
162333
162552
162746
162955
163165
163376
163604
163802
164001
164221
164427
164641
164875
165072
165296
165524
165721
165925
166120
166331
166544
166740
166956
167132
167325
167536
167738
167970
168163
168349
168576
168794
169015
169216
169394
169619
169823
170027
170225
170418
170652
170874
171067
171298
171502
171715
171905
172079
172264
172483
172697
172920
173117
173328
173531
173731
173958
174152
174368
174537
174753
174966
175165
175361
175578
175782
176003
176211
176420
176628
176821
177040
177244
177455
177666
177883
178070
178288
178515
178726
178916
179140
179332
179525
179727
179910
180124
180327
180527
180727
180932
181134
181335
181539
181752
181948
182138
182361
182536
182740
182920
183125
183336
183542
183759
183967
184193
184373
184555
184739
184953
185155
185352
185552
185763
185952
186149
186313
186527
186724
186930
187138
187343
187546
187752
187971
188178
188375
188575
188786
188978
189185
189399
189602
189816
190022
190219
190432
190657
190897
191111
191343
191540
191771
191982
192196
192409
192593
192814
193033
193214
193417
193622
193811
194017
194191
194391
194591
194796
194993
195199
195408
195598
195801
195984
196168
196349
196544
196730
196892
197102
197287
197478
197675
197865
198041
198221
198433
198633
198844
199024
199202
199420
199645
199835
200023
200224
200426
200624
200819
201012
201194
201395
201598
201788
201988
202172
202380
202583
202800
202980
203173
203359
203573
203779
203971
204187
204398
204591
204778
204965
205161
205370
205561
205761
205950
206133
206348
206571
206771
206964
207157
207335
207518
207695
207895
208088
208287
208481
208666
208852
209042
209244
209460
209662
209879
210071
210263
210445
210663
210856
211079
211279
211475
211666
211857
212045
212245
212456
212656
212845
213040
213243
213452
213650
213856
214053
214256
214429
214613
214814
215028
215213
215417
215594
215812
216011
216198
216361
216572
216756
216959
217155
217356
217585
217801
217993
218192
218387
218587
218781
218976
219163
219351
219525
219735
219950
220134
220313
220505
220690
220870
221057
221245
221448
221652
221873
222081
222286
222507
222698
222874
223051
223259
223472
223655
223841
224021
224206
224392
224587
224782
224992
225179
225387
225567
225774
225950
226145
226337
226552
226744
226932
227136
227332
227518
227730
227921
228128
228345
228536
228715
228921
229111
229312
229499
229706
229902
230069
230271
230464
230667
230875
231057
231224
231425
231620
231810
232012
232188
232385
232550
232776
232988
233168
233354
233556
233746
233938
234125
234298
234486
234677
234839
235032
235185
235377
235558
235742
235910
236099
236293
236485
236668
236865
237073
237254
237460
237660
237835
238007
238202
238399
238582
238785
238968
239151
239333
239543
239721
239897
240071
240295
240490
240689
240882
241096
241265
241423
241592
241803
241986
242145
242315
242483
242661
242873
243068
243253
243434
243630
243824
244028
244239
244414
244612
244808
244987
245175
245382
245578
245738
245927
246123
246320
246510
246711
246890
247085
247260
247459
247648
247829
248019
248210
248405
248581
248744
248926
249130
249331
249516
249697
249889
250065
250290
250482
250665
250874
251057
251249
251427
251618
251812
251999
252192
252394
252607
252795
253004
253177
253366
253547
253743
253924
254127
254310
254492
254696
254893
255100
255302
255489
255666
255860
256081
256271
256446
256620
256811
256993
257189
257388
257587
257779
257991
258165
258351
258517
258728
258914
259143
259322
259525
259703
259889
260098
260248
260445
260612
260795
260961
261165
261368
261545
261732
261915
262106
262281
262470
262656
262868
263058
263257
263430
263629
263815
263997
264192
264379
264545
264715
264933
