0
39436
72890
101928
126420
147302
164925
179039
190749
199454
206286
210659
214195
216056
217070
216619
215684
213716
210679
207684
203865
199858
195349
190765
185838
180793
175917
170624
165592
159747
154027
148336
142589
136836
131101
125170
119393
113372
107273
101289
95598
89811
84018
78647
73188
67997
63307
59160
55220
51438
47959
44636
41372
38179
35686
33471
31361
29467
27682
26014
24530
23230
22137
20720
19503
18334
17099
16147
15346
14505
13749
13022
12313
11932
11829
11809
11863
11857
11783
11675
11893
12081
12305
12824
13294
13534
13606
13716
13556
13503
13768
13772
13673
13783
13922
13946
14022
14040
13972
13589
13306
13153
13095
13009
12671
12168
11638
10986
10371
9797
9263
8756
8244
7637
7161
6652
6199
5860
5628
5349
5081
4849
4592
4233
3923
3630
3360
3197
2863
2556
2314
2066
1873
1686
1531
1375
1243
1116
996
881
795
713
642
574
523
472
425
374
338
306
275
247
221
209
188
167
147
132
116
106
95
85
73
66
58
54
47
43
39
35
32
31
28
27
23
21
20
17
15
15
14
13
11
10
10
10
9
8
7
7
7
6
4
3
2
2
2
2
2
2
1
1
1
1
1
1
1
1
1
1
1
0
0
0
0
0
0
0
0
0
0
0
0
0
0
0
0
0
0
0
0
0
0
0
0
0
0
0
0
0
0
0
0
0
0
0
0
0
0
0
0
0
0
0
0
0
0
0
0
0
0
0
0
0
0
0
0
0
0
0
0
0
0
0
0
0
0
0
0
0
0
0
0
0
0
0
0
0
0
0
0
0
0
0
0
0
0
0
0
0
0
0
0
0
0
0
0
0
0
0
0
0
0
0
0
0
0
0
0
0
0
0
0
0
0
0
0
0
0
0
0
0
0
0
0
0
0
0
0
0
0
0
0
0
0
0
0
0
0
0
0
0
0
0
0
0
0
0
0
0
0
0
0
0
0
0
0
0
0
0
0
0
0
0
0
0
0
0
0
0
0
0
0
0
0
0
0
0
0
0
0
0
0
0
0
0
0
0
0
0
0
0
0
0
0
0
0
0
0
0
0
0
0
0
0
0
0
0
0
0
0
0
0
0
0
0
0
0
0
0
0
0
0
0
0
0
0
0
0
0
0
0
0
0
0
0
0
0
0
0
0
0
0
0
0
0
0
0
0
0
0
0
0
0
0
0
0
0
0
0
0
0
0
0
0
0
0
0
0
0
0
0
0
0
0
0
0
0
0
0
0
0
0
0
0
0
0
0
0
0
0
0
0
0
0
0
0
0
0
0
0
0
0
0
0
0
0
0
0
0
0
0
0
0
0
0
0
0
0
0
0
0
0
0
0
0
0
0
0
0
0
0
0
0
0
0
0
0
0
0
0
0
0
0
0
0
0
0
0
0
0
0
0
0
0
0
0
0
0
0
0
0
0
0
0
0
0
0
0
0
0
0
0
0
0
0
0
0
0
0
0
0
0
0
0
0
0
0
0
0
0
