0
39185
72954
101809
126703
147304
164402
178936
190507
199727
206608
211759
215250
217355
217946
217434
216630
214474
211624
208395
204422
200097
195571
191158
185926
180731
175364
170244
164912
159214
153132
147495
141568
135548
129680
123745
117943
111903
105923
99885
94162
88375
83089
77991
73153
68711
64407
60445
56663
52658
48930
45638
42423
39339
36111
32807
29734
26833
24170
21682
19478
17514
15707
14188
12752
11408
10236
9190
8265
7440
6701
6035
5400
4841
4378
3940
3542
3156
2837
2544
2281
2029
1804
1601
1453
1293
1151
1018
928
847
743
666
613
549
488
444
396
366
339
302
268
242
216
192
177
163
146
126
110
98
87
75
71
67
62
57
52
49
42
38
36
32
29
27
26
24
23
21
19
17
17
15
15
14
10
10
10
10
10
7
6
5
5
5
5
3
3
3
3
2
2
2
2
1
1
0
0
0
0
0
0
0
0
0
0
0
0
0
0
0
0
0
0
0
0
0
0
0
0
0
0
0
0
0
0
0
0
0
0
0
0
0
0
0
0
0
0
0
0
0
0
0
0
0
0
0
0
0
0
0
0
0
0
0
0
0
0
0
0
0
0
0
0
0
0
0
0
0
0
0
0
0
0
0
0
0
0
0
0
0
0
0
0
0
0
0
0
0
0
0
0
0
0
0
0
0
0
0
0
0
0
0
0
0
0
0
0
0
0
0
0
0
0
0
0
0
0
0
0
0
0
0
0
0
0
0
0
0
0
0
0
0
0
0
0
0
0
0
0
0
0
0
0
0
0
0
0
0
0
0
0
0
0
0
0
0
0
0
0
0
0
0
0
0
0
0
0
0
0
0
0
0
0
0
0
0
0
0
0
0
0
0
0
0
0
0
0
0
0
0
0
0
0
0
0
0
0
0
0
0
0
0
0
0
0
0
0
0
0
0
0
0
0
0
0
0
0
0
0
0
0
0
0
0
0
0
0
0
0
0
0
0
0
0
0
0
0
0
0
0
0
0
0
0
0
0
0
0
0
0
0
0
0
0
0
0
0
0
0
0
0
0
0
0
0
0
0
0
0
0
0
0
0
0
0
0
0
0
0
0
0
0
0
0
0
0
0
0
0
0
0
0
0
0
0
0
0
0
0
0
0
0
0
0
0
0
0
0
0
0
0
0
0
0
0
0
0
0
0
0
0
0
0
0
0
0
0
0
0
0
0
0
0
0
0
0
0
0
0
0
0
0
0
0
0
0
0
0
0
0
0
0
0
0
0
0
0
0
0
0
0
0
0
0
0
0
0
0
0
0
0
0
0
0
0
0
0
0
0
0
0
0
0
0
0
0
0
0
0
0
0
0
0
0
0
0
0
0
0
0
0
0
0
0
0
0
0
0
0
0
0
0
0
0
0
0
0
0
0
0
0
0
0
0
0
0
0
0
0
0
0
0
0
0
0
0
0
0
0
0
0
