0
22578
10216
7172
5834
4996
4579
4128
3895
3693
3477
3462
3365
3395
3292
3380
3390
3371
3432
3479
3622
3671
3807
3792
3965
4024
4094
4261
4461
4659
4828
5025
5265
5371
5584
5850
6341
6670
7218
7804
8254
8888
9752
10589
11452
12424
13219
14985
16698
18684
21683
25115
29505
33941
38275
42598
46724
51611
56913
61621
66503
68957
71968
75074
79018
83571
87603
91902
95462
98759
103361
107670
112391
117554
121713
127277
132510
137808
142422
147134
151418
155851
159953
162619
165395
169400
173085
176270
178879
180256
180393
180755
181655
183866
187538
191925
196304
200196
204221
207858
211873
215144
218598
221486
224116
226700
228851
231179
233348
235019
236485
237807
239156
240344
241382
242179
242926
243677
244199
244726
245278
245658
246053
246398
246840
247091
247363
247510
247645
247902
248142
248345
248514
248659
248774
248830
249015
249131
249209
249236
249324
249392
249492
249588
249618
249681
249721
249763
249793
249840
249855
249888
249908
249907
249930
249935
249944
249968
249978
249977
249976
249982
249980
249979
249979
249981
249986
249978
249979
249982
249981
249973
249988
249988
249985
249984
249985
249986
249985
249987
249984
249988
249987
249989
249987
249987
249987
249983
249983
249990
249987
249991
249988
249990
249991
249992
249991
249991
249996
249994
249996
249995
249996
249997
249995
249995
249994
249990
249988
249989
249988
249994
249995
249994
249994
249997
249996
249995
249994
249997
249996
249998
249997
249999
249997
249996
249998
249998
249996
249997
249996
249997
249996
249992
249997
249997
249997
249998
249997
249996
249998
249998
249996
249998
249999
249998
249997
249996
249998
249997
249997
249998
249996
249993
249994
249996
249993
249996
249999
249999
249999
249998
249999
249999
249999
249998
249997
249997
249999
250000
249997
249999
249998
249998
250000
250000
250000
250000
249999
249998
249998
249999
249998
249998
249999
249997
249997
249999
250000
250000
250000
250000
250000
249998
249999
250000
249998
249998
249999
249999
249999
249999
249998
249999
250000
249998
250000
250000
250000
250000
250000
250000
250000
250000
250000
250000
249999
249999
249999
249999
249999
250000
250000
250000
250000
250000
249998
249999
249999
250000
249999
249999
249999
250000
250000
249999
249998
250000
250000
250000
250000
250000
250000
250000
250000
250000
249999
249999
249999
250000
250000
250000
250000
250000
250000
249999
250000
250000
250000
250000
250000
250000
250000
250000
250000
250000
250000
250000
250000
249999
249999
250000
249998
249999
250000
249999
249999
249999
249999
249999
249999
250000
250000
250000
250000
250000
249999
250000
250000
250000
250000
249999
250000
250000
250000
250000
250000
250000
250000
250000
250000
250000
250000
249999
249999
250000
250000
250000
250000
250000
249999
249999
250000
250000
250000
250000
249999
249999
250000
250000
249999
249999
250000
250000
250000
250000
250000
250000
250000
250000
250000
250000
250000
250000
250000
250000
250000
250000
250000
250000
250000
250000
250000
250000
250000
250000
250000
250000
250000
250000
250000
250000
250000
250000
250000
250000
250000
250000
250000
250000
250000
250000
250000
250000
250000
250000
250000
250000
250000
250000
250000
250000
250000
250000
250000
250000
250000
250000
250000
250000
250000
250000
250000
250000
250000
250000
250000
250000
250000
250000
250000
250000
250000
250000
250000
250000
250000
250000
250000
250000
250000
250000
250000
250000
250000
250000
250000
250000
250000
250000
250000
250000
250000
250000
250000
250000
250000
250000
250000
250000
250000
250000
250000
250000
250000
250000
250000
250000
250000
250000
250000
250000
250000
250000
250000
250000
250000
250000
250000
250000
250000
250000
250000
250000
250000
250000
250000
250000
250000
250000
250000
250000
250000
250000
250000
250000
250000
250000
250000
250000
250000
250000
250000
250000
250000
250000
250000
250000
250000
250000
250000
250000
250000
250000
250000
250000
250000
250000
250000
250000
250000
250000
250000
250000
250000
250000
250000
250000
250000
250000
250000
250000
250000
250000
250000
250000
250000
250000
250000
250000
250000
