0
22593
10406
7328
5899
4897
4501
4106
3773
3817
3569
3547
3518
3289
3336
3544
3329
3363
3468
3539
3655
3706
3781
3798
3967
3972
4147
4445
4523
4626
4843
4913
5189
5482
5723
6302
6674
6975
7419
8267
8911
9771
10648
11738
12913
13964
15576
17019
18819
21406
24301
26687
29575
32529
36344
41661
48246
55342
61373
67459
73934
80747
86325
92385
98470
104565
111011
117820
124320
130701
136636
143135
149953
155749
161436
167048
172484
178005
183032
188012
192243
197263
201866
206068
210196
213429
216636
219737
222502
224794
227238
229555
231372
232907
234774
236063
237283
238342
239240
240210
240984
241938
242817
243610
244197
244760
245260
245653
246084
246570
247015
247376
247666
247865
247997
248090
248192
248351
248524
248781
248841
248897
248958
249057
249165
249212
249242
249256
249327
249392
249445
249469
249503
249536
249554
249640
249661
249696
249708
249758
249777
249806
249816
249816
249816
249841
249867
249870
249877
249905
249911
249915
249920
249928
249935
249959
249972
249977
249981
249982
249984
249989
249986
249983
249981
249983
249973
249974
249988
249990
249989
249985
249991
249988
249991
249992
249992
249991
249988
249986
249986
249992
249997
249998
249994
249995
249996
249997
249997
249998
249995
249994
249994
249996
249994
249997
249989
249990
249994
249996
249995
249996
249996
249996
249995
249998
249998
249995
249995
249994
249997
249997
249997
249998
249997
249995
249996
249995
249998
249997
249995
249997
249995
249995
249994
249995
249995
249998
249998
249998
249997
249996
249999
249998
250000
249998
249998
249999
249998
249998
249998
249998
249997
249997
249998
249999
249998
249997
249999
249999
249997
249998
249997
249997
249999
250000
250000
249999
249999
249996
249999
249999
250000
250000
250000
250000
249998
249998
249996
249998
249998
249998
249998
249998
249998
249999
249999
249998
249997
249996
249998
249998
250000
250000
250000
249999
249999
249999
250000
250000
250000
250000
250000
249999
249999
249999
249999
250000
249999
249998
249998
249998
249998
249999
249999
249998
249997
249997
249999
249998
249999
249999
249999
250000
250000
250000
250000
250000
250000
250000
250000
250000
250000
250000
250000
250000
250000
250000
250000
250000
249999
249999
250000
250000
250000
250000
250000
250000
250000
250000
250000
250000
250000
250000
250000
250000
250000
250000
250000
250000
250000
250000
250000
250000
250000
250000
250000
250000
250000
250000
250000
250000
250000
250000
250000
250000
250000
250000
250000
250000
250000
250000
250000
250000
250000
250000
250000
250000
250000
250000
250000
250000
250000
250000
250000
250000
250000
250000
250000
250000
250000
250000
250000
250000
250000
250000
250000
250000
250000
250000
250000
250000
250000
250000
250000
250000
250000
250000
250000
250000
250000
250000
250000
250000
250000
250000
250000
250000
250000
250000
250000
250000
250000
250000
250000
250000
250000
250000
250000
250000
250000
250000
250000
250000
250000
250000
250000
250000
250000
250000
250000
250000
250000
250000
250000
250000
250000
250000
250000
250000
250000
250000
250000
250000
250000
250000
250000
250000
250000
250000
250000
250000
250000
250000
250000
250000
250000
250000
250000
250000
250000
250000
250000
250000
250000
250000
250000
250000
250000
250000
250000
250000
250000
250000
250000
250000
250000
250000
250000
250000
250000
250000
250000
250000
250000
250000
250000
250000
250000
250000
250000
250000
250000
250000
250000
250000
250000
250000
250000
250000
250000
250000
250000
250000
250000
250000
250000
250000
250000
250000
250000
250000
250000
250000
250000
250000
250000
250000
250000
250000
250000
250000
250000
250000
250000
250000
250000
250000
250000
250000
250000
250000
250000
250000
250000
250000
250000
250000
250000
250000
250000
250000
250000
250000
250000
250000
250000
250000
250000
250000
250000
250000
250000
250000
250000
250000
250000
250000
250000
250000
250000
250000
250000
250000
250000
250000
250000
250000
250000
250000
250000
250000
250000
250000
250000
250000
250000
250000
250000
250000
250000
250000
250000
250000
250000
250000
250000
250000
250000
250000
250000
