0
22606
10456
7363
5887
4965
4445
4136
3902
3598
3545
3513
3478
3399
3429
3322
3362
3412
3410
3537
3581
3764
3779
3966
3930
4014
4095
4452
4492
4692
4889
5014
5325
5566
5778
6031
6430
6787
7321
7853
8492
9288
10440
11791
13238
15050
17150
20635
24319
28005
32198
36818
39744
43787
47447
52120
58235
64101
70121
76342
82534
88918
95040
100945
107636
113930
119849
126334
133180
139327
145313
151279
157328
163442
169533
175153
180578
185912
190710
195260
199640
203957
207657
211357
214584
217512
220629
223287
225837
228188
229846
231961
233802
235389
236755
238084
239214
240323
241155
242013
242884
243511
244219
244825
245206
245652
246155
246535
246874
247073
247212
247348
247535
247743
247868
248011
248233
248439
248580
248771
248901
248975
249077
249175
249286
249352
249469
249520
249571
249598
249623
249628
249676
249694
249730
249733
249748
249755
249799
249796
249822
249831
249857
249871
249888
249895
249900
249895
249921
249915
249911
249919
249934
249943
249958
249965
249968
249970
249975
249982
249986
249992
249991
249989
249991
249990
249986
249988
249989
249987
249988
249988
249985
249987
249991
249990
249993
249996
249994
249992
249991
249991
249989
249994
249995
249993
249995
249993
249995
249991
249995
249992
249995
249993
249996
249989
249988
249988
249990
249992
249991
249992
249991
249990
249991
249992
249990
249990
249995
249994
249994
249992
249993
249993
249997
249997
249995
249994
249996
249993
249993
249993
249993
249993
249994
249993
249994
249996
249999
249998
249999
249998
249998
249995
249996
249995
249997
249998
249998
249998
249997
249997
249996
249997
249997
249998
249997
249997
249998
249998
249998
249999
249997
249998
250000
250000
250000
249998
249998
249998
249999
249998
249996
249996
249997
249996
249995
249995
249995
249997
249995
249996
249998
249998
250000
249999
249998
249998
249999
249997
249998
249997
249998
249996
249995
249997
249998
249998
249999
249998
249999
250000
249999
249999
250000
249999
249999
249999
249997
249997
249997
249998
249996
249997
249999
249998
249999
249997
249998
250000
249997
249998
249995
249998
249997
249997
249998
249999
249996
249998
250000
250000
249999
249998
249997
249998
250000
249998
249998
249999
249999
250000
250000
249999
249998
249997
249997
249996
249999
249999
249998
249999
250000
250000
249999
249999
249999
249999
249998
250000
249998
249998
249998
249998
249999
249999
250000
250000
250000
250000
250000
250000
250000
250000
250000
250000
249998
249999
250000
250000
250000
250000
250000
250000
250000
250000
249999
249999
250000
250000
250000
250000
250000
249998
249998
249999
249999
249998
250000
250000
250000
250000
250000
250000
249999
249999
249999
249999
250000
250000
250000
250000
250000
250000
250000
250000
250000
250000
250000
250000
250000
250000
250000
250000
250000
250000
250000
250000
250000
250000
250000
249999
249999
249999
250000
250000
250000
250000
250000
250000
250000
250000
249999
249999
249998
249999
250000
250000
250000
250000
250000
250000
250000
250000
250000
250000
250000
250000
250000
250000
250000
249999
249999
249999
250000
250000
250000
250000
250000
250000
250000
249999
249999
249999
249999
249999
249998
249998
249998
249999
249998
249998
249999
250000
250000
250000
250000
249999
249999
249999
249999
249999
250000
250000
249999
250000
250000
250000
250000
250000
249999
249999
249999
250000
250000
250000
250000
250000
250000
250000
250000
250000
250000
250000
250000
250000
250000
250000
250000
250000
250000
250000
250000
250000
250000
250000
250000
250000
250000
250000
250000
250000
250000
250000
250000
250000
250000
250000
250000
250000
250000
250000
250000
250000
250000
250000
250000
250000
250000
250000
250000
250000
250000
250000
250000
250000
250000
250000
250000
250000
250000
250000
250000
250000
250000
250000
250000
250000
250000
250000
250000
250000
250000
250000
250000
250000
250000
250000
250000
250000
250000
250000
250000
250000
250000
250000
250000
250000
250000
250000
250000
250000
250000
250000
250000
250000
250000
250000
250000
250000
250000
250000
250000
250000
250000
250000
250000
250000
250000
250000
250000
