0
22527
10427
7161
5894
4902
4538
4178
3913
3666
3607
3449
3482
3347
3437
3341
3336
3409
3406
3444
3644
3617
3739
3870
3891
4022
4184
4331
4473
4596
4963
4797
5097
5343
5666
6034
6218
6589
7104
7299
7925
8308
9174
9904
11066
12294
13663
15440
17835
20510
24204
28584
33644
37637
41610
47013
51496
57340
62496
66160
71208
74405
78275
83016
86404
88497
90635
93300
95806
99202
102273
105230
108459
112304
115105
119155
122735
126320
129279
130851
132327
134381
136931
138690
139617
141116
141374
141443
142312
143718
145221
145576
144302
141860
138455
133327
127670
125269
123746
121963
118995
118556
117311
116166
116306
116901
116674
116611
118174
118056
118890
121265
123382
125610
129515
134043
138330
142758
146459
150153
153608
156650
160009
162464
164730
165552
164282
161018
157303
152100
147972
145869
144364
143455
142570
142508
142504
141797
140601
138677
136086
133919
130715
128650
127676
128207
127476
127477
128185
129877
131527
133934
136712
138951
140642
141437
141452
141183
141221
143431
148435
154042
160196
166044
171535
176927
182011
186991
191730
196229
200497
204429
208340
212177
215610
218790
221391
223966
226361
228819
230760
232638
234414
235891
237055
238283
239347
240564
241413
242245
242897
243361
244023
244848
245495
246065
246619
247125
247370
247534
247800
247997
248290
248460
248609
248812
248945
249029
249124
249203
249316
249414
249473
249525
249554
249637
249690
249748
249789
249844
249896
249912
249925
249952
249967
249982
249989
249991
249988
249981
249990
249994
249995
249995
249994
249996
249994
249996
249994
249995
249992
249996
249994
249994
249996
249994
249997
249997
249992
249991
249991
249995
249989
249990
249990
249992
249991
249996
249996
249995
249995
249996
249996
249996
249998
249998
249996
249996
249996
249992
249991
249994
249997
249996
249996
249995
249996
249998
249996
249996
249998
249999
250000
249998
249997
249995
249997
249997
249996
249998
249997
249999
250000
250000
249999
249996
249997
249997
249997
249996
249995
249999
249999
249997
250000
249997
249998
249998
249997
249998
249994
249996
249997
249998
249999
249998
249998
249999
249999
250000
249999
250000
249999
249999
249999
249999
249999
249998
249998
249998
249999
249999
249999
250000
249999
249999
249998
249999
250000
249999
249999
249999
249999
249999
249999
249999
249999
250000
250000
250000
250000
250000
250000
250000
250000
250000
250000
250000
250000
250000
250000
250000
250000
250000
250000
250000
250000
250000
250000
250000
250000
250000
250000
250000
250000
250000
250000
250000
250000
250000
250000
250000
250000
250000
250000
250000
250000
250000
250000
250000
250000
250000
250000
250000
250000
250000
250000
250000
250000
250000
250000
250000
250000
250000
250000
250000
250000
250000
250000
250000
250000
250000
250000
250000
250000
250000
250000
250000
250000
250000
250000
250000
250000
250000
250000
250000
250000
250000
250000
250000
250000
250000
250000
250000
250000
250000
250000
250000
250000
250000
250000
250000
250000
250000
250000
250000
250000
250000
250000
250000
250000
250000
250000
250000
250000
250000
250000
250000
250000
250000
250000
250000
250000
250000
250000
250000
250000
250000
250000
250000
250000
250000
250000
250000
250000
250000
250000
250000
250000
250000
250000
250000
250000
250000
250000
250000
250000
250000
250000
250000
250000
250000
250000
250000
250000
250000
250000
250000
250000
250000
250000
250000
250000
250000
250000
250000
250000
250000
250000
250000
250000
250000
250000
250000
250000
250000
250000
250000
250000
250000
250000
250000
250000
250000
250000
250000
250000
250000
250000
250000
250000
250000
250000
250000
250000
250000
250000
250000
250000
250000
250000
250000
250000
250000
250000
250000
250000
250000
250000
250000
250000
250000
250000
250000
250000
250000
250000
250000
250000
250000
250000
250000
250000
250000
250000
250000
250000
250000
250000
250000
250000
250000
250000
250000
250000
250000
250000
250000
250000
250000
250000
250000
250000
250000
250000
250000
250000
250000
250000
250000
250000
250000
250000
250000
250000
250000
250000
250000
250000
250000
250000
