0
0
0
0
0
0
0
0
0
0
0
0
0
0
0
0
1
2
2
2
2
2
2
2
2
2
2
2
2
2
2
2
2
2
2
2
2
3
4
5
5
8
10
10
10
13
13
13
13
13
15
16
17
19
22
23
24
26
27
29
29
32
35
35
35
38
41
43
48
53
56
61
64
68
69
73
75
76
76
81
82
85
87
90
97
99
102
103
109
114
118
119
122
124
128
129
135
136
138
140
141
143
143
146
148
150
153
155
156
158
158
160
162
165
169
175
181
184
188
193
194
196
199
200
206
210
211
214
215
216
220
221
226
229
235
238
239
246
246
248
248
250
253
256
261
263
265
270
270
272
272
274
277
279
282
284
288
288
293
296
298
300
303
304
306
308
308
308
312
318
319
320
323
326
330
330
333
337
339
340
341
341
342
345
349
350
351
353
354
354
354
356
357
357
359
359
364
365
366
366
367
367
368
368
370
372
375
376
376
376
376
376
376
376
376
376
377
377
377
379
382
382
384
385
386
386
386
386
386
387
388
389
389
389
389
392
392
392
392
392
393
393
394
394
394
394
394
394
395
396
396
397
398
398
398
398
398
398
398
398
398
398
398
398
398
398
399
399
399
399
399
399
399
399
399
399
399
399
400
400
400
400
401
401
401
401
401
401
401
401
401
401
401
401
401
401
401
401
401
401
401
401
401
401
401
401
401
401
401
401
401
401
401
401
401
401
401
401
401
401
401
400
400
400
400
401
401
401
401
401
401
401
401
401
401
401
401
401
401
401
402
402
402
402
402
402
402
402
402
402
402
402
402
402
403
403
403
403
403
403
403
403
403
403
403
403
403
403
403
403
403
403
403
403
403
403
403
403
403
403
403
403
403
403
402
402
402
402
402
402
402
402
402
402
402
402
402
402
402
402
402
402
402
402
402
402
402
402
402
402
402
402
402
402
401
401
401
401
401
401
401
401
401
401
401
401
401
401
401
401
401
401
401
401
401
401
401
401
401
401
401
401
401
401
401
401
401
401
401
401
401
401
401
401
401
401
401
401
401
401
401
401
400
400
400
400
400
400
400
400
400
400
400
400
400
400
400
400
400
400
400
400
400
400
400
400
400
400
400
400
400
400
400
400
400
400
400
400
400
400
400
400
399
399
399
398
398
398
398
398
398
398
398
398
398
398
398
398
398
398
398
398
398
398
398
398
398
398
398
398
398
398
398
398
398
397
397
397
397
397
397
397
397
397
397
397
397
397
397
397
397
397
397
397
397
397
397
397
397
397
397
397
397
397
397
397
397
397
397
397
397
397
397
397
397
397
397
397
397
397
397
397
397
397
397
397
397
397
397
397
397
397
397
397
397
397
397
397
397
397
397
