0
0
0
0
0
0
0
0
0
0
0
0
0
0
0
0
0
0
0
0
0
0
0
0
0
0
0
0
0
0
0
1
1
1
1
2
3
4
4
4
5
5
7
7
8
8
9
9
11
14
14
15
15
17
19
23
23
24
28
31
37
40
46
52
53
57
62
67
75
83
90
96
102
105
115
122
134
141
145
149
159
162
168
176
183
189
193
199
201
210
211
221
227
237
240
245
249
255
262
268
271
280
283
285
292
301
308
311
317
318
319
323
327
335
338
346
351
352
354
355
360
360
363
365
368
371
376
379
386
389
390
393
395
397
402
402
404
408
415
416
419
420
423
427
428
430
431
432
435
435
438
439
441
444
446
448
450
452
454
456
457
458
460
461
461
464
467
467
469
470
471
472
472
472
473
474
474
475
477
478
479
479
480
479
480
481
483
483
484
485
485
486
486
486
488
489
490
493
493
493
493
493
493
493
493
494
494
494
495
496
496
496
496
496
496
497
499
499
499
499
500
500
501
502
502
501
501
501
501
501
500
501
501
502
502
503
504
504
504
505
506
506
506
506
508
508
508
508
508
508
508
508
508
509
509
509
509
510
510
511
511
511
511
511
511
511
513
513
513
513
513
513
513
513
513
513
513
513
513
513
513
513
513
513
514
514
514
514
514
513
513
513
513
513
513
513
513
513
513
514
514
514
514
514
515
514
514
514
514
514
514
514
513
513
513
513
513
513
512
512
512
512
512
512
512
512
512
512
512
512
512
512
512
511
511
511
511
511
511
511
511
511
511
511
511
510
510
510
510
510
509
509
508
508
508
508
508
508
508
508
508
508
508
508
508
508
508
508
508
508
508
508
508
508
508
508
508
508
508
508
508
508
508
508
508
508
508
508
508
508
508
508
508
508
508
508
508
508
508
508
508
508
508
508
508
508
508
508
508
508
508
508
508
508
508
507
507
507
507
507
507
507
507
507
507
507
506
506
506
506
506
506
506
506
506
506
506
506
506
506
506
506
506
506
506
506
506
506
506
506
506
506
506
506
506
506
506
506
506
506
506
506
506
506
506
506
506
506
506
506
506
506
506
506
506
506
506
506
506
506
506
506
506
506
506
506
506
506
506
506
506
506
506
506
506
506
506
506
506
506
506
506
506
506
506
506
506
506
506
506
506
506
506
506
506
506
506
506
506
506
506
506
506
506
506
506
506
506
506
506
506
506
506
506
506
506
506
506
506
506
506
506
506
506
506
506
506
506
506
506
506
506
506
506
505
505
505
505
505
505
505
504
504
504
504
504
504
504
504
504
504
504
504
504
504
504
504
504
504
503
503
503
503
503
503
503
503
503
502
502
502
502
502
502
502
502
502
502
502
502
502
