0
9
123
278
504
725
976
1253
1509
1803
2076
2387
2666
2890
3157
3401
3680
3953
4186
4400
4573
4771
5014
5171
5344
5544
5730
5872
6031
6170
6344
6488
6570
6645
6722
6856
6921
6973
6978
7034
7123
7119
7139
7138
7136
7082
7054
7008
6913
6803
6685
6596
6473
6357
6215
6119
6043
5921
5771
5637
5512
5399
5262
5168
5063
4934
4826
4701
4598
4519
4441
4339
4259
4143
4028
3949
3878
3761
3676
3623
3544
3495
3426
3366
3286
3211
3171
3123
3077
3041
3005
2958
2923
2903
2854
2814
2767
2754
2746
2710
2708
2678
2648
2626
2594
2587
2569
2554
2534
2502
2478
2457
2442
2398
2362
2338
2276
2241
2194
2171
2141
2084
2051
2010
1962
1938
1899
1857
1835
1796
1745
1703
1649
1604
1557
1528
1490
1438
1386
1341
1296
1251
1208
1164
1118
1086
1035
999
957
914
871
846
815
785
758
715
684
652
623
598
566
536
518
500
476
462
446
432
405
386
370
350
336
315
307
292
283
269
254
244
235
210
201
194
184
175
164
158
155
148
142
137
132
128
126
121
115
112
106
102
98
92
89
86
83
77
74
69
61
59
55
51
49
48
45
41
38
36
36
34
33
32
31
27
27
25
23
22
22
21
20
20
20
19
19
19
18
17
15
15
14
13
13
12
12
12
12
12
11
10
10
9
8
8
7
7
7
6
6
6
5
4
4
4
3
3
3
3
3
3
3
3
3
3
3
3
3
3
3
3
3
2
2
2
1
1
1
1
1
1
1
1
1
1
1
1
1
1
1
1
1
0
0
0
0
0
0
0
0
0
0
0
0
0
0
0
0
0
0
0
0
0
0
0
0
0
0
0
0
0
0
0
0
0
0
0
0
0
0
0
0
0
0
0
0
0
0
0
0
0
0
0
0
0
0
0
0
0
0
0
0
0
0
0
0
0
0
0
0
0
0
0
0
0
0
0
0
0
0
0
0
0
0
0
0
0
0
0
0
0
0
0
0
0
0
0
0
0
0
0
0
0
0
0
0
0
0
0
0
0
0
0
0
0
0
0
0
0
0
0
0
0
0
0
0
0
0
0
0
0
0
0
0
0
0
0
0
0
0
0
0
0
0
0
0
0
0
0
0
0
0
0
0
0
0
0
0
0
0
0
0
0
0
0
0
0
0
0
0
0
0
0
0
0
0
0
0
0
0
0
0
0
0
0
0
0
0
0
0
0
0
0
0
0
0
0
0
0
0
0
0
0
0
0
0
0
0
0
0
0
0
0
0
0
0
0
0
0
0
0
0
0
0
0
0
0
0
0
0
0
0
0
0
0
0
0
0
0
0
0
0
0
0
0
0
0
0
0
0
0
0
0
0
0
0
0
0
0
0
0
0
0
0
0
0
0
0
0
0
0
0
0
0
0
0
0
0
0
0
0
0
0
0
0
0
0
0
0
0
0
0
0
0
0
0
0
0
0
0
0
0
