0
17
109
265
471
704
956
1227
1537
1813
2102
2386
2631
2916
3163
3395
3634
3899
4127
4340
4532
4769
4963
5145
5354
5503
5663
5816
5984
6131
6242
6356
6462
6588
6690
6751
6832
6916
6976
7043
7081
7109
7133
7143
7151
7145
7184
7119
7079
7024
6935
6837
6703
6618
6459
6312
6161
6021
5876
5703
5588
5435
5308
5127
5015
4894
4753
4631
4536
4416
4279
4200
4098
3990
3864
3792
3708
3589
3501
3397
3307
3216
3132
3037
2924
2844
2765
2690
2634
2576
2492
2452
2356
2293
2225
2149
2090
2027
1960
1904
1832
1783
1707
1654
1612
1576
1530
1469
1411
1358
1308
1249
1209
1165
1116
1058
994
956
918
876
849
818
774
740
707
676
644
620
593
566
538
513
492
467
447
427
410
389
365
350
335
312
295
280
264
252
239
229
219
205
202
194
185
178
171
163
158
151
147
141
140
133
129
126
120
116
111
106
101
97
95
89
87
83
76
75
73
71
68
62
61
59
53
52
49
46
45
41
38
36
34
34
34
31
28
28
27
24
22
20
20
20
20
20
20
20
18
16
16
14
14
13
13
12
12
11
11
9
9
9
9
9
9
9
7
5
5
5
5
5
5
5
5
5
4
4
4
4
4
4
3
2
1
1
1
1
1
1
1
1
1
1
1
1
1
1
1
1
1
1
1
1
0
0
0
0
0
0
0
0
0
0
0
0
0
0
0
0
0
0
0
0
0
0
0
0
0
0
0
0
0
0
0
0
0
0
0
0
0
0
0
0
0
0
0
0
0
0
0
0
0
0
0
0
0
0
0
0
0
0
0
0
0
0
0
0
0
0
0
0
0
0
0
0
0
0
0
0
0
0
0
0
0
0
0
0
0
0
0
0
0
0
0
0
0
0
0
0
0
0
0
0
0
0
0
0
0
0
0
0
0
0
0
0
0
0
0
0
0
0
0
0
0
0
0
0
0
0
0
0
0
0
0
0
0
0
0
0
0
0
0
0
0
0
0
0
0
0
0
0
0
0
0
0
0
0
0
0
0
0
0
0
0
0
0
0
0
0
0
0
0
0
0
0
0
0
0
0
0
0
0
0
0
0
0
0
0
0
0
0
0
0
0
0
0
0
0
0
0
0
0
0
0
0
0
0
0
0
0
0
0
0
0
0
0
0
0
0
0
0
0
0
0
0
0
0
0
0
0
0
0
0
0
0
0
0
0
0
0
0
0
0
0
0
0
0
0
0
0
0
0
0
0
0
0
0
0
0
0
0
0
0
0
0
0
0
0
0
0
0
0
0
0
0
0
0
0
0
0
0
0
0
0
0
0
0
0
0
0
0
0
0
0
0
0
0
0
0
0
0
0
0
0
0
0
0
0
0
0
0
0
0
0
0
0
0
0
0
0
0
0
0
0
0
0
0
0
0
0
0
0
0
0
0
0
0
0
0
0
0
0
