0
13
122
274
464
653
919
1180
1462
1752
2010
2268
2559
2879
3152
3369
3657
3857
4112
4306
4508
4684
4852
5067
5249
5446
5569
5739
5867
6028
6140
6258
6379
6425
6535
6629
6698
6856
6927
7024
7079
7113
7119
7081
7055
7043
6965
6928
6884
6776
6664
6582
6421
6267
6160
6021
5867
5715
5557
5396
5233
5103
4973
4817
4693
4563
4460
4362
4240
4121
4010
3895
3789
3677
3595
3480
3330
3244
3139
3027
2920
2809
2705
2624
2521
2451
2342
2238
2156
2073
1978
1880
1785
1711
1624
1550
1476
1422
1354
1288
1248
1187
1129
1078
1023
975
934
883
839
793
771
727
701
667
632
614
584
564
535
505
473
451
434
418
400
383
367
355
338
320
306
287
276
262
253
244
230
216
205
198
195
184
178
170
163
159
146
141
134
130
120
114
111
103
95
92
91
87
82
75
69
64
59
56
54
52
49
45
43
37
34
31
28
27
26
24
23
20
16
15
14
13
13
13
11
11
11
11
11
11
9
7
6
4
4
4
4
4
4
4
4
4
4
4
3
3
3
2
2
2
2
2
2
2
2
1
1
1
1
1
1
1
1
1
1
1
1
1
0
0
0
0
0
0
0
0
0
0
0
0
0
0
0
0
0
0
0
0
0
0
0
0
0
0
0
0
0
0
0
0
0
0
0
0
0
0
0
0
0
0
0
0
0
0
0
0
0
0
0
0
0
0
0
0
0
0
0
0
0
0
0
0
0
0
0
0
0
0
0
0
0
0
0
0
0
0
0
0
0
0
0
0
0
0
0
0
0
0
0
0
0
0
0
0
0
0
0
0
0
0
0
0
0
0
0
0
0
0
0
0
0
0
0
0
0
0
0
0
0
0
0
0
0
0
0
0
0
0
0
0
0
0
0
0
0
0
0
0
0
0
0
0
0
0
0
0
0
0
0
0
0
0
0
0
0
0
0
0
0
0
0
0
0
0
0
0
0
0
0
0
0
0
0
0
0
0
0
0
0
0
0
0
0
0
0
0
0
0
0
0
0
0
0
0
0
0
0
0
0
0
0
0
0
0
0
0
0
0
0
0
0
0
0
0
0
0
0
0
0
0
0
0
0
0
0
0
0
0
0
0
0
0
0
0
0
0
0
0
0
0
0
0
0
0
0
0
0
0
0
0
0
0
0
0
0
0
0
0
0
0
0
0
0
0
0
0
0
0
0
0
0
0
0
0
0
0
0
0
0
0
0
0
0
0
0
0
0
0
0
0
0
0
0
0
0
0
0
0
0
0
0
0
0
0
0
0
0
0
0
0
0
0
0
0
0
0
0
0
0
0
0
0
0
0
0
0
0
0
0
0
0
0
0
0
0
0
0
0
0
0
0
0
0
0
0
0
0
0
0
0
0
0
0
0
0
0
0
0
0
0
0
0
0
0
0
0
0
0
0
0
0
