0
20
113
277
470
726
984
1257
1517
1807
2040
2330
2589
2836
3078
3335
3587
3846
4083
4310
4520
4747
4968
5178
5341
5489
5646
5781
5936
6094
6204
6315
6423
6523
6580
6674
6757
6791
6873
6943
6972
6967
6968
6916
6868
6758
6685
6575
6429
6289
6075
5912
5750
5591
5445
5308
5143
4997
4838
4710
4574
4431
4290
4178
4074
3968
3836
3707
3611
3501
3421
3340
3241
3125
3023
2954
2854
2736
2641
2551
2479
2382
2303
2203
2121
2007
1944
1873
1782
1712
1645
1581
1518
1440
1385
1321
1243
1178
1127
1070
1028
987
950
914
880
850
822
788
750
715
681
647
621
580
549
529
500
471
446
428
408
388
370
350
329
315
303
291
279
261
252
243
226
214
204
199
193
186
182
175
174
166
162
152
145
137
127
120
115
109
102
102
100
95
90
87
83
80
75
73
66
64
59
56
53
51
49
45
42
41
37
36
36
34
33
33
33
30
28
27
25
23
21
19
18
18
18
16
16
15
14
13
12
12
12
10
8
7
7
6
6
5
5
5
4
4
4
4
4
3
3
3
3
3
3
3
2
2
2
2
2
2
2
2
2
2
2
2
2
2
2
2
2
2
2
2
2
2
2
2
2
2
2
1
0
0
0
0
0
0
0
0
0
0
0
0
0
0
0
0
0
0
0
0
0
0
0
0
0
0
0
0
0
0
0
0
0
0
0
0
0
0
0
0
0
0
0
0
0
0
0
0
0
0
0
0
0
0
0
0
0
0
0
0
0
0
0
0
0
0
0
0
0
0
0
0
0
0
0
0
0
0
0
0
0
0
0
0
0
0
0
0
0
0
0
0
0
0
0
0
0
0
0
0
0
0
0
0
0
0
0
0
0
0
0
0
0
0
0
0
0
0
0
0
0
0
0
0
0
0
0
0
0
0
0
0
0
0
0
0
0
0
0
0
0
0
0
0
0
0
0
0
0
0
0
0
0
0
0
0
0
0
0
0
0
0
0
0
0
0
0
0
0
0
0
0
0
0
0
0
0
0
0
0
0
0
0
0
0
0
0
0
0
0
0
0
0
0
0
0
0
0
0
0
0
0
0
0
0
0
0
0
0
0
0
0
0
0
0
0
0
0
0
0
0
0
0
0
0
0
0
0
0
0
0
0
0
0
0
0
0
0
0
0
0
0
0
0
0
0
0
0
0
0
0
0
0
0
0
0
0
0
0
0
0
0
0
0
0
0
0
0
0
0
0
0
0
0
0
0
0
0
0
0
0
0
0
0
0
0
0
0
0
0
0
0
0
0
0
0
0
0
0
0
0
0
0
0
0
0
0
0
0
0
0
0
0
0
0
0
0
0
0
0
0
0
0
0
0
0
0
0
0
0
0
0
0
0
0
0
0
0
0
0
0
0
0
0
0
0
0
0
0
0
0
0
0
0
0
0
0
