0
15
108
272
469
693
959
1239
1484
1758
2044
2367
2663
2883
3129
3395
3665
3875
4094
4283
4468
4679
4870
5056
5216
5432
5621
5809
5943
6087
6200
6284
6393
6505
6641
6743
6805
6850
6903
6927
6962
7019
7017
6984
7009
6951
6872
6841
6769
6675
6597
6507
6434
6298
6198
6129
5993
5856
5739
5587
5453
5279
5154
5035
4906
4793
4693
4594
4484
4369
4222
4087
3968
3867
3757
3647
3534
3421
3322
3222
3122
3031
2915
2803
2695
2616
2535
2437
2339
2258
2174
2101
2029
1961
1893
1823
1740
1662
1602
1540
1478
1419
1353
1289
1222
1158
1099
1054
1013
968
921
883
843
807
769
727
697
659
628
596
573
551
532
504
482
460
437
418
399
384
371
355
335
313
301
290
281
263
248
234
224
211
197
187
182
168
162
152
148
140
134
127
123
120
117
114
105
100
97
92
84
83
78
74
69
66
65
60
58
54
53
52
52
51
47
43
41
40
39
39
37
36
32
30
28
28
24
23
22
21
20
20
18
16
15
15
15
14
13
13
12
11
11
9
9
8
7
7
6
6
6
6
5
5
5
5
5
5
5
5
5
5
5
5
5
5
5
5
5
5
5
5
5
4
4
3
3
3
3
3
3
3
3
3
3
2
2
2
2
2
2
2
2
1
1
1
1
1
1
1
1
1
1
1
1
1
1
1
1
1
1
1
1
1
1
1
1
1
1
1
1
1
1
1
1
1
1
1
1
1
1
1
1
1
1
1
1
1
1
1
1
1
1
1
1
1
1
1
1
1
1
1
1
1
1
1
1
1
1
1
1
1
1
1
1
1
1
1
1
1
1
1
1
1
1
1
1
1
1
1
1
1
1
1
1
1
1
1
1
1
1
1
1
1
1
0
0
0
0
0
0
0
0
0
0
0
0
0
0
0
0
0
0
0
0
0
0
0
0
0
0
0
0
0
0
0
0
0
0
0
0
0
0
0
0
0
0
0
0
0
0
0
0
0
0
0
0
0
0
0
0
0
0
0
0
0
0
0
0
0
0
0
0
0
0
0
0
0
0
0
0
0
0
0
0
0
0
0
0
0
0
0
0
0
0
0
0
0
0
0
0
0
0
0
0
0
0
0
0
0
0
0
0
0
0
0
0
0
0
0
0
0
0
0
0
0
0
0
0
0
0
0
0
0
0
0
0
0
0
0
0
0
0
0
0
0
0
0
0
0
0
0
0
0
0
0
0
0
0
0
0
0
0
0
0
0
0
0
0
0
0
0
0
0
0
0
0
0
0
0
0
0
0
0
0
0
0
0
0
0
0
0
0
0
0
0
0
0
0
0
0
0
0
0
0
0
0
0
0
0
0
0
0
0
0
0
0
0
0
0
0
0
0
0
0
0
0
0
0
0
0
0
0
0
0
0
0
0
0
0
0
0
0
0
0
0
0
0
0
0
0
