0
14
100
251
449
700
925
1197
1452
1699
2011
2319
2575
2828
3042
3311
3575
3804
4019
4271
4514
4713
4910
5104
5276
5471
5626
5768
5894
6005
6115
6255
6391
6509
6597
6707
6699
6774
6846
6924
6968
7010
7042
7035
7059
7075
7112
7059
6990
6904
6826
6701
6548
6400
6233
6105
5971
5838
5722
5593
5446
5351
5203
5068
4941
4823
4671
4541
4415
4297
4213
4081
3964
3828
3744
3647
3594
3488
3361
3266
3170
3114
3039
2949
2889
2806
2730
2646
2594
2524
2489
2435
2361
2340
2292
2246
2214
2169
2137
2133
2107
2094
2062
2055
2032
2004
2003
1997
1971
1948
1939
1924
1910
1891
1863
1868
1864
1845
1818
1790
1774
1746
1704
1680
1657
1636
1605
1570
1556
1525
1512
1512
1497
1487
1496
1488
1492
1480
1475
1475
1465
1455
1463
1461
1440
1425
1418
1438
1468
1454
1436
1447
1436
1434
1428
1425
1427
1423
1441
1424
1424
1431
1418
1409
1389
1368
1343
1331
1285
1274
1253
1204
1189
1168
1131
1090
1063
1038
1004
965
932
894
869
842
810
786
754
730
699
676
654
633
594
567
541
520
499
474
457
445
427
404
386
363
352
345
332
318
304
290
275
257
245
227
219
214
202
199
189
179
167
152
146
142
132
128
125
120
118
108
101
91
89
85
83
82
80
78
73
72
70
65
63
60
55
50
48
43
43
40
40
37
36
35
34
34
34
33
28
27
27
23
22
22
22
21
20
19
19
18
18
16
16
16
15
14
14
14
13
12
11
10
10
8
8
7
6
6
6
5
5
5
5
5
5
5
5
5
5
5
5
5
4
4
4
4
4
2
2
2
2
2
2
2
2
2
2
2
2
2
2
2
2
2
2
2
2
2
2
1
1
1
1
1
1
1
1
1
1
1
1
1
0
0
0
0
0
0
0
0
0
0
0
0
0
0
0
0
0
0
0
0
0
0
0
0
0
0
0
0
0
0
0
0
0
0
0
0
0
0
0
0
0
0
0
0
0
0
0
0
0
0
0
0
0
0
0
0
0
0
0
0
0
0
0
0
0
0
0
0
0
0
0
0
0
0
0
0
0
0
0
0
0
0
0
0
0
0
0
0
0
0
0
0
0
0
0
0
0
0
0
0
0
0
0
0
0
0
0
0
0
0
0
0
0
0
0
0
0
0
0
0
0
0
0
0
0
0
0
0
0
0
0
0
0
0
0
0
0
0
0
0
0
0
0
0
0
0
0
0
0
0
0
0
0
0
0
0
0
0
0
0
0
0
0
0
0
0
0
0
0
0
0
0
0
0
0
0
0
0
0
0
0
0
0
0
0
0
0
0
0
0
0
0
0
0
0
0
0
0
0
0
0
0
0
0
0
0
0
0
0
0
0
0
0
0
0
0
0
0
0
0
0
0
0
0
0
0
0
0
0
0
0
0
0
0
0
0
0
0
0
0
0
0
0
0
0
0
0
0
0
0
0
0
0
0
0
0
0
0
0
