0
0
0
0
0
0
0
0
1
2
2
2
2
3
3
3
4
5
7
7
8
9
13
15
16
19
20
22
24
30
32
37
39
42
47
50
54
61
69
73
80
90
100
109
115
123
136
143
155
169
183
197
224
235
253
267
281
292
305
326
352
365
387
409
426
442
468
485
504
520
545
569
594
616
640
666
689
703
737
762
792
816
839
853
870
886
907
918
936
953
970
980
997
1015
1029
1048
1068
1080
1094
1110
1124
1145
1156
1176
1196
1212
1224
1238
1253
1271
1280
1294
1314
1329
1354
1375
1395
1409
1428
1446
1464
1492
1509
1534
1559
1575
1592
1613
1643
1672
1696
1718
1731
1753
1770
1792
1816
1837
1853
1865
1888
1914
1931
1950
1972
1989
2003
2022
2033
2052
2066
2083
2093
2110
2123
2143
2153
2167
2180
2194
2205
2213
2227
2238
2245
2254
2271
2284
2299
2312
2322
2337
2343
2351
2365
2374
2386
2400
2410
2426
2437
2439
2448
2458
2466
2475
2478
2486
2496
2506
2514
2521
2532
2542
2546
2554
2561
2568
2573
2577
2581
2582
2589
2595
2595
2603
2607
2613
2616
2619
2622
2623
2626
2628
2634
2639
2640
2641
2641
2642
2646
2649
2651
2652
2656
2658
2659
2663
2664
2666
2669
2670
2670
2671
2675
2676
2681
2683
2683
2687
2689
2689
2692
2694
2696
2698
2698
2700
2703
2707
2709
2711
2713
2717
2719
2720
2722
2723
2725
2727
2728
2728
2728
2729
2731
2733
2737
2739
2741
2741
2743
2744
2745
2745
2746
2747
2747
2746
2747
2747
2748
2749
2749
2750
2750
2750
2751
2751
2752
2752
2753
2752
2754
2754
2754
2756
2757
2758
2761
2762
2762
2763
2762
2762
2764
2765
2766
2768
2769
2770
2770
2770
2770
2770
2771
2771
2771
2773
2777
2777
2777
2778
2781
2782
2783
2784
2784
2784
2786
2786
2786
2786
2786
2787
2787
2787
2787
2787
2786
2786
2788
2788
2788
2788
2788
2788
2789
2789
2789
2789
2789
2789
2790
2791
2792
2792
2793
2793
2793
2793
2793
2794
2794
2794
2794
2794
2794
2794
2794
2794
2794
2794
2794
2794
2794
2794
2794
2794
2794
2793
2793
2793
2792
2792
2793
2793
2792
2792
2792
2792
2792
2792
2792
2792
2792
2792
2792
2792
2792
2791
2791
2791
2791
2791
2791
2791
2791
2791
2791
2791
2791
2791
2791
2791
2791
2791
2790
2790
2790
2790
2790
2790
2790
2790
2790
2790
2790
2790
2790
2790
2789
2789
2789
2789
2789
2789
2789
2788
2788
2788
2788
2787
2787
2787
2787
2787
2787
2787
2787
2787
2787
2787
2787
2787
2786
2786
2786
2786
2786
2786
2786
2786
2787
2787
2787
2787
2787
2787
2787
2787
2787
2787
2786
2786
2786
2786
2786
2786
2786
2786
2786
2786
2785
2785
2785
2785
2785
2785
2785
2784
2784
2784
2784
2784
2784
2784
2784
2784
2784
2783
2783
2783
2784
2784
2783
2784
2784
2784
2784
2784
2783
2783
2783
2783
2783
2783
2783
2783
2783
2783
2783
2783
2782
2782
2782
2782
2782
2782
2782
2782
2781
2781
2781
2781
2781
2782
2782
2782
2782
2782
2782
2782
2782
2782
2782
2782
2782
2782
2782
2782
2782
2782
2782
2782
2782
2781
2781
2781
2781
2781
2781
2780
2780
2780
2780
2780
2780
2779
2779
2779
2779
2779
2779
2779
2779
2779
2779
2779
2779
2779
2779
2779
2779
2779
2779
2779
2779
2779
2779
2779
2779
2779
2779
2779
2779
2779
2779
2779
2779
2779
2779
