0
0
0
0
0
0
0
0
0
0
0
0
1
2
2
3
3
3
4
4
5
8
9
10
12
17
23
25
28
31
32
37
43
51
55
60
68
73
78
83
92
100
105
113
119
135
145
155
165
178
193
212
223
237
252
268
283
299
319
340
365
378
400
427
449
475
494
524
551
572
604
633
663
699
732
753
781
804
836
869
897
925
954
985
1005
1034
1065
1102
1134
1159
1196
1233
1266
1290
1310
1339
1367
1395
1418
1439
1462
1489
1519
1546
1570
1601
1629
1659
1690
1720
1744
1768
1795
1819
1836
1863
1885
1909
1929
1948
1972
1987
2006
2028
2053
2068
2091
2107
2131
2141
2153
2163
2183
2203
2223
2231
2241
2255
2271
2281
2296
2309
2325
2335
2347
2356
2370
2378
2387
2398
2410
2423
2434
2445
2452
2469
2474
2480
2484
2496
2509
2515
2526
2532
2543
2553
2559
2571
2581
2590
2597
2608
2613
2624
2631
2637
2643
2654
2661
2666
2674
2680
2684
2689
2695
2699
2707
2712
2719
2724
2733
2737
2743
2747
2749
2752
2757
2759
2760
2763
2766
2768
2770
2773
2776
2779
2781
2784
2786
2788
2792
2796
2799
2802
2803
2805
2810
2812
2818
2819
2820
2823
2825
2826
2828
2829
2830
2831
2834
2836
2837
2838
2839
2845
2846
2848
2849
2849
2850
2851
2851
2853
2855
2855
2856
2856
2858
2861
2861
2863
2864
2865
2868
2871
2872
2872
2876
2876
2877
2878
2879
2880
2880
2880
2881
2883
2885
2886
2886
2886
2891
2891
2892
2893
2893
2892
2892
2893
2894
2896
2897
2895
2897
2897
2897
2902
2903
2903
2903
2903
2903
2903
2903
2904
2904
2904
2906
2907
2907
2909
2909
2910
2912
2912
2912
2914
2914
2914
2914
2914
2914
2914
2914
2914
2914
2915
2916
2916
2916
2916
2916
2916
2917
2917
2917
2917
2919
2919
2919
2919
2920
2920
2920
2920
2921
2922
2923
2923
2923
2923
2923
2923
2923
2923
2923
2923
2924
2924
2924
2924
2925
2925
2925
2925
2925
2925
2925
2925
2924
2924
2924
2924
2925
2927
2927
2927
2927
2927
2928
2928
2929
2929
2932
2932
2932
2933
2933
2934
2934
2934
2934
2934
2934
2934
2934
2934
2935
2935
2935
2935
2935
2936
2936
2936
2936
2936
2936
2936
2936
2936
2935
2934
2934
2935
2935
2935
2935
2935
2935
2935
2937
2937
2937
2937
2937
2937
2938
2938
2939
2939
2940
2941
2941
2941
2941
2941
2941
2938
2938
2938
2938
2938
2938
2938
2938
2938
2937
2937
2937
2937
2938
2938
2938
2938
2938
2938
2938
2938
2938
2938
2938
2938
2938
2938
2938
2938
2938
2938
2938
2938
2938
2938
2938
2938
2938
2938
2936
2937
2937
2937
2936
2936
2936
2936
2936
2936
2936
2936
2936
2936
2936
2936
2935
2935
2935
2935
2935
2935
2935
2935
2935
2934
2934
2934
2934
2933
2933
2933
2933
2933
2933
2934
2934
2934
2934
2934
2934
2934
2934
2934
2934
2934
2934
2934
2935
2935
2935
2935
2935
2935
2935
2935
2936
2937
2937
2937
2937
2937
2937
2936
2936
2936
2936
2937
2936
2937
2937
2937
2937
2937
2936
2936
2936
2936
2935
2935
2935
2935
2935
2935
2935
2935
2934
2934
2934
2934
2935
2935
2936
2936
2936
2936
2936
2936
2936
2936
2936
2936
2936
2936
2936
2936
2936
2936
2936
2936
2936
2936
2936
2936
2935
2935
2935
2935
2935
2935
2935
2935
2935
2935
2935
2935
2935
2935
2935
2935
2935
2935
2935
2935
2935
