0
0
0
0
0
0
0
0
0
1
1
2
2
2
2
3
3
3
4
5
5
5
5
8
10
12
17
17
20
26
31
33
35
41
43
49
53
60
64
67
74
82
91
99
111
120
130
140
147
151
160
174
193
206
228
241
258
276
286
309
328
344
358
372
393
407
428
448
462
487
506
521
545
569
588
616
642
669
692
722
744
762
784
812
834
867
890
922
938
970
1005
1029
1061
1088
1115
1145
1177
1209
1240
1265
1293
1319
1348
1377
1405
1436
1458
1480
1503
1537
1570
1586
1605
1636
1660
1688
1709
1734
1759
1776
1794
1823
1854
1876
1895
1920
1937
1960
1978
1995
2008
2026
2041
2054
2067
2076
2101
2120
2136
2155
2170
2183
2199
2215
2225
2243
2251
2259
2272
2287
2301
2310
2326
2334
2351
2366
2377
2383
2390
2401
2412
2421
2428
2437
2446
2454
2459
2466
2473
2478
2483
2492
2496
2503
2510
2515
2518
2524
2526
2527
2534
2541
2546
2552
2556
2558
2564
2565
2572
2577
2581
2585
2593
2595
2599
2604
2609
2612
2617
2621
2626
2628
2632
2639
2645
2646
2651
2654
2656
2657
2662
2666
2668
2673
2677
2678
2683
2681
2682
2683
2686
2691
2691
2691
2693
2695
2698
2697
2698
2701
2704
2710
2710
2712
2713
2714
2715
2716
2717
2718
2721
2722
2723
2726
2728
2728
2731
2731
2733
2734
2742
2743
2744
2745
2747
2748
2748
2749
2752
2752
2754
2756
2756
2758
2758
2758
2759
2762
2763
2764
2766
2766
2767
2767
2770
2772
2772
2773
2773
2775
2775
2775
2775
2775
2775
2775
2774
2774
2775
2776
2777
2777
2777
2778
2779
2779
2779
2779
2779
2779
2780
2782
2782
2782
2782
2782
2782
2782
2781
2781
2780
2780
2780
2780
2780
2779
2779
2780
2780
2780
2781
2781
2781
2781
2781
2781
2781
2781
2781
2780
2780
2780
2780
2779
2779
2779
2779
2779
2779
2779
2780
2780
2780
2779
2779
2779
2780
2780
2780
2780
2780
2780
2780
2780
2781
2780
2780
2780
2780
2780
2780
2780
2780
2780
2780
2780
2780
2780
2780
2781
2781
2781
2781
2781
2781
2781
2781
2781
2781
2781
2781
2781
2781
2782
2782
2782
2782
2782
2782
2782
2782
2782
2782
2782
2782
2782
2781
2780
2780
2780
2780
2780
2780
2780
2780
2780
2780
2780
2779
2779
2779
2779
2779
2779
2778
2778
2778
2778
2778
2778
2777
2777
2777
2777
2777
2777
2777
2776
2776
2776
2776
2776
2776
2776
2776
2776
2776
2776
2776
2776
2776
2776
2776
2776
2776
2776
2776
2776
2775
2775
2775
2775
2775
2775
2775
2775
2775
2775
2775
2775
2775
2775
2775
2775
2775
2776
2776
2776
2776
2776
2777
2777
2777
2777
2777
2777
2777
2777
2777
2777
2777
2777
2777
2777
2777
2777
2777
2777
2776
2776
2776
2776
2776
2776
2776
2776
2776
2776
2776
2776
2776
2775
2775
2775
2775
2775
2775
2775
2775
2775
2775
2775
2775
2775
2775
2775
2775
2775
2775
2775
2775
2775
2775
2775
2775
2775
2775
2775
2775
2774
2774
2773
2772
2772
2772
2772
2772
2772
2772
2772
2772
2772
2772
2772
2772
2772
2772
2772
2772
2772
2772
2772
2773
2773
2773
2773
2773
2773
2773
2773
2773
2773
2773
2773
2773
2773
2773
2773
2773
2773
2773
2773
2773
2773
2773
2773
2773
2773
2773
2773
2773
2773
2773
2773
2771
2771
2771
2771
2770
2770
2770
2770
2770
2770
2770
2770
2770
2770
2769
2769
2769
