0
0
0
0
0
0
0
0
0
1
1
1
1
1
1
1
2
2
2
2
3
4
4
4
5
7
9
12
15
18
21
25
30
34
38
46
52
59
63
68
76
79
84
93
105
114
121
129
141
149
160
169
186
203
215
232
254
278
296
321
333
345
364
392
404
431
458
482
509
539
567
612
638
674
711
745
790
826
854
893
919
951
991
1022
1052
1091
1124
1152
1183
1223
1253
1282
1322
1352
1381
1420
1445
1476
1499
1530
1564
1592
1635
1659
1695
1720
1741
1765
1782
1805
1822
1853
1874
1898
1921
1945
1962
1981
2004
2017
2024
2050
2065
2074
2087
2104
2116
2135
2150
2167
2179
2193
2212
2223
2239
2252
2264
2282
2297
2306
2325
2337
2350
2360
2364
2374
2393
2396
2411
2417
2429
2439
2449
2454
2464
2470
2481
2489
2496
2505
2510
2516
2523
2530
2538
2545
2561
2569
2574
2577
2581
2586
2589
2595
2598
2601
2605
2616
2623
2629
2634
2636
2637
2640
2646
2648
2651
2652
2654
2654
2659
2661
2665
2667
2668
2669
2678
2680
2680
2681
2685
2686
2690
2692
2696
2697
2698
2701
2702
2703
2706
2709
2711
2713
2715
2718
2720
2724
2724
2725
2728
2728
2730
2733
2736
2740
2742
2742
2742
2743
2747
2749
2749
2749
2748
2749
2749
2750
2751
2752
2754
2754
2755
2756
2756
2756
2758
2759
2760
2761
2763
2763
2764
2765
2765
2765
2765
2765
2765
2767
2767
2767
2767
2767
2766
2766
2766
2766
2768
2768
2768
2768
2769
2769
2770
2770
2770
2771
2772
2772
2771
2772
2773
2773
2773
2773
2773
2774
2773
2774
2774
2774
2774
2775
2776
2776
2777
2777
2778
2778
2778
2779
2780
2781
2781
2783
2784
2786
2786
2787
2787
2787
2788
2788
2788
2788
2788
2788
2789
2789
2789
2789
2788
2788
2788
2788
2788
2787
2787
2787
2788
2788
2788
2789
2789
2788
2788
2788
2788
2788
2788
2788
2788
2788
2788
2789
2789
2789
2789
2789
2790
2790
2791
2791
2791
2791
2790
2790
2790
2790
2790
2790
2790
2789
2789
2789
2789
2789
2789
2789
2789
2789
2789
2789
2789
2789
2789
2789
2789
2789
2789
2789
2789
2789
2789
2789
2789
2789
2789
2789
2789
2789
2789
2789
2789
2789
2789
2789
2788
2787
2787
2787
2787
2787
2787
2787
2787
2787
2787
2787
2787
2787
2787
2787
2787
2787
2787
2787
2787
2787
2787
2787
2787
2787
2787
2787
2788
2788
2788
2787
2787
2787
2787
2787
2787
2787
2787
2787
2787
2787
2787
2787
2787
2787
2787
2787
2787
2787
2787
2787
2786
2786
2786
2786
2786
2786
2786
2786
2786
2786
2786
2786
2786
2786
2786
2786
2786
2786
2786
2785
2785
2785
2784
2784
2784
2784
2784
2784
2784
2784
2784
2784
2784
2784
2784
2784
2784
2783
2783
2783
2783
2783
2783
2783
2783
2783
2783
2783
2783
2783
2783
2783
2783
2783
2782
2782
2782
2782
2782
2782
2782
2782
2782
2782
2782
2782
2781
2780
2780
2780
2780
2780
2780
2780
2780
2780
2780
2780
2780
2780
2780
2780
2780
2780
2780
2780
2780
2780
2780
2780
2780
2780
2780
2780
2780
2780
2780
2780
2780
2780
2780
2780
2780
2780
2781
2781
2781
2781
2781
2781
2781
2782
2782
2782
2782
2782
2782
2782
2782
2782
2782
2782
2782
2782
2782
2782
2782
2782
2782
2783
2783
2783
2783
2783
2783
2783
2783
2783
2784
2784
2783
2783
2781
2781
2781
2781
2781
2781
2781
2780
2779
