0
0
0
0
0
0
0
0
0
0
1
1
1
2
2
2
3
3
3
5
5
6
8
9
10
14
17
22
26
28
32
33
37
42
48
52
58
62
71
75
79
88
93
98
106
115
130
141
155
160
165
184
196
209
221
239
259
283
299
323
339
360
379
397
428
450
479
502
528
549
569
593
617
646
678
705
744
762
789
820
843
867
887
910
933
949
975
1002
1019
1049
1073
1103
1125
1139
1161
1179
1199
1219
1237
1255
1277
1301
1318
1338
1355
1369
1380
1387
1406
1424
1442
1451
1468
1484
1496
1506
1525
1547
1566
1584
1599
1621
1637
1650
1663
1688
1703
1725
1741
1753
1768
1779
1800
1812
1822
1835
1842
1857
1871
1884
1898
1908
1917
1926
1932
1948
1960
1977
1986
1993
2005
2019
2039
2057
2065
2081
2092
2102
2114
2127
2142
2158
2168
2177
2193
2208
2220
2237
2245
2254
2272
2284
2298
2305
2323
2334
2344
2355
2366
2377
2387
2395
2401
2411
2418
2427
2439
2453
2462
2474
2480
2487
2496
2501
2507
2518
2529
2535
2545
2551
2560
2569
2578
2588
2593
2600
2609
2615
2628
2634
2640
2649
2656
2664
2673
2682
2686
2687
2696
2701
2705
2712
2720
2726
2730
2734
2737
2740
2747
2756
2757
2762
2763
2766
2768
2772
2777
2778
2784
2786
2791
2794
2799
2802
2805
2809
2811
2814
2820
2824
2829
2829
2837
2839
2843
2847
2850
2850
2851
2855
2857
2860
2862
2866
2867
2870
2874
2877
2880
2884
2888
2891
2892
2895
2900
2902
2907
2908
2910
2910
2911
2911
2911
2913
2915
2918
2920
2922
2923
2923
2927
2928
2929
2929
2931
2933
2935
2936
2937
2937
2939
2939
2939
2942
2942
2945
2945
2946
2947
2947
2951
2952
2953
2953
2954
2954
2954
2955
2955
2957
2959
2959
2960
2961
2961
2962
2963
2965
2966
2966
2966
2966
2966
2966
2967
2967
2969
2969
2970
2971
2972
2972
2972
2973
2973
2973
2973
2973
2974
2974
2975
2976
2976
2976
2976
2976
2975
2975
2974
2974
2975
2976
2976
2976
2976
2975
2975
2975
2974
2974
2973
2973
2973
2973
2973
2973
2973
2973
2974
2974
2974
2974
2974
2974
2974
2975
2975
2974
2973
2973
2973
2973
2973
2973
2973
2973
2973
2973
2973
2973
2972
2972
2972
2972
2972
2972
2971
2971
2972
2972
2972
2972
2972
2972
2972
2972
2972
2972
2972
2974
2974
2974
2975
2975
2975
2975
2975
2975
2975
2975
2975
2975
2975
2975
2975
2975
2976
2976
2976
2976
2976
2976
2976
2976
2976
2976
2976
2976
2976
2976
2976
2976
2975
2975
2974
2974
2975
2975
2975
2975
2975
2975
2975
2975
2975
2976
2976
2976
2976
2976
2975
2975
2975
2975
2975
2975
2975
2975
2975
2975
2975
2974
2974
2973
2973
2973
2973
2973
2973
2973
2973
2972
2972
2972
2972
2972
2972
2972
2972
2972
2972
2972
2972
2972
2972
2972
2972
2971
2971
2971
2971
2971
2971
2971
2971
2971
2971
2971
2971
2971
2971
2971
2971
2971
2971
2971
2971
2971
2971
2971
2971
2971
2971
2971
2971
2971
2971
2971
2971
2971
2971
2971
2971
2971
2972
2972
2972
2972
2972
2972
2972
2971
2971
2971
2971
2971
2971
2971
2971
2971
2971
2971
2971
2971
2971
2971
2971
2971
2970
2970
2970
2970
2970
2970
2970
2970
2970
2971
2971
2971
2971
2971
2971
2971
2971
2971
2971
2971
2971
2971
2971
2971
2971
2971
2971
2972
2972
2972
2972
2972
2972
