0
0
0
0
0
0
0
0
0
0
1
2
2
3
3
3
3
3
4
7
9
11
12
14
16
19
23
24
27
27
34
37
40
43
45
54
58
62
67
71
75
85
92
102
108
115
123
134
148
165
173
183
199
211
227
245
257
274
294
311
326
348
381
401
424
454
484
518
549
574
603
631
658
693
721
755
792
823
862
891
919
958
989
1016
1042
1061
1085
1118
1147
1172
1199
1226
1251
1281
1306
1340
1363
1385
1409
1431
1458
1477
1504
1531
1557
1580
1609
1626
1652
1668
1689
1710
1731
1762
1782
1810
1827
1842
1860
1874
1891
1916
1930
1941
1956
1971
1985
1996
2011
2033
2050
2057
2071
2084
2097
2102
2113
2120
2131
2142
2156
2161
2174
2186
2191
2199
2207
2211
2218
2228
2238
2247
2255
2259
2267
2271
2275
2278
2289
2298
2307
2313
2316
2320
2328
2337
2344
2346
2353
2355
2361
2366
2376
2380
2390
2391
2395
2401
2403
2407
2412
2413
2415
2417
2420
2427
2429
2431
2434
2435
2441
2445
2450
2451
2453
2459
2460
2465
2465
2466
2470
2474
2478
2481
2483
2485
2487
2488
2490
2491
2494
2495
2495
2497
2502
2503
2507
2507
2507
2509
2509
2510
2511
2511
2511
2511
2512
2512
2516
2516
2518
2520
2520
2521
2524
2525
2525
2526
2527
2529
2530
2530
2533
2535
2535
2535
2536
2538
2538
2539
2540
2541
2542
2542
2541
2541
2541
2541
2541
2541
2540
2542
2544
2545
2545
2545
2545
2545
2545
2545
2545
2545
2545
2546
2546
2547
2547
2547
2547
2547
2547
2547
2547
2547
2547
2547
2547
2546
2546
2546
2546
2546
2546
2546
2546
2546
2547
2547
2548
2549
2551
2551
2551
2551
2551
2551
2551
2551
2550
2550
2550
2550
2550
2550
2551
2551
2551
2551
2550
2551
2551
2551
2551
2550
2550
2549
2549
2549
2549
2549
2549
2549
2549
2549
2549
2549
2549
2549
2549
2549
2548
2548
2548
2548
2548
2547
2547
2547
2546
2546
2546
2546
2546
2545
2545
2545
2545
2545
2545
2545
2545
2544
2544
2544
2544
2544
2544
2544
2544
2544
2544
2544
2544
2544
2544
2544
2544
2544
2544
2544
2544
2544
2544
2544
2544
2544
2544
2544
2544
2544
2544
2544
2544
2544
2544
2544
2544
2544
2544
2544
2544
2544
2544
2544
2544
2544
2544
2545
2545
2545
2545
2545
2545
2545
2545
2545
2545
2544
2544
2544
2544
2544
2544
2544
2544
2543
2543
2543
2543
2543
2543
2543
2543
2542
2542
2542
2542
2542
2542
2542
2542
2542
2542
2542
2542
2542
2542
2542
2542
2542
2542
2542
2542
2541
2541
2541
2541
2541
2541
2541
2541
2541
2541
2541
2541
2541
2541
2541
2541
2541
2541
2541
2541
2541
2541
2541
2541
2541
2541
2541
2541
2542
2542
2542
2542
2542
2542
2542
2542
2541
2540
2541
2541
2541
2541
2541
2541
2541
2541
2541
2541
2541
2541
2541
2541
2541
2541
2541
2541
2541
2541
2541
2541
2541
2541
2541
2541
2541
2541
2541
2541
2541
2541
2541
2541
2541
2541
2541
2541
2541
2541
2541
2541
2541
2541
2541
2541
2541
2541
2541
2542
2542
2542
2542
2542
2542
2542
2543
2543
2542
2542
2542
2542
2542
2542
2542
2542
2542
2542
2542
2542
2542
2542
2542
2541
2541
2541
2541
2541
2541
2541
2540
2540
2540
2540
2539
2540
2540
2540
2540
2540
2540
2539
2539
2539
2539
2539
2539
2539
2539
2539
2539
2539
2539
2539
2539
2539
2539
2540
2540
2540
