0
102660
223456
316470
393113
455557
507166
549297
583893
611876
635271
654007
669623
682150
692866
701712
709168
714400
718445
721933
724199
726529
729045
730490
731960
732863
733177
733975
734511
734448
734490
734885
733990
732940
733462
732101
732008
731446
730543
729096
728348
726410
724411
720794
718338
715275
711428
706578
701847
696613
691838
685213
677746
670638
663621
657380
649960
642114
634005
625997
617353
608253
599322
589295
578469
568489
557229
544760
534712
524357
514678
503156
492802
483227
475088
469657
465826
463201
460687
458842
458670
459792
460660
462892
467498
472036
474974
478491
479203
480360
482334
483754
484706
485596
488092
489948
492149
494318
494590
492014
488983
486348
484880
484496
481733
477401
470078
462699
453638
443794
433663
423520
413063
401578
389448
376557
364094
352273
341744
329982
319293
309964
300285
290075
279292
268163
257374
246745
235519
223147
211165
198804
186667
174704
163241
152234
141975
131623
121715
112599
103682
95131
87315
80022
73416
67170
61390
56098
51020
46377
42056
38181
34671
31410
28702
26120
23749
21480
19397
17589
16057
14538
13017
11747
10484
9358
8348
7507
6741
6122
5438
4949
4498
4108
3705
3366
3100
2833
2554
2340
2152
1986
1812
1671
1496
1388
1290
1186
1055
943
865
804
729
634
555
485
426
369
341
311
283
239
220
188
175
165
141
130
111
110
105
88
73
62
49
43
32
27
20
17
16
13
9
8
6
6
6
6
4
4
3
1
1
1
1
1
1
1
1
1
0
0
0
0
0
0
0
0
0
0
0
0
0
0
0
0
0
0
0
0
0
0
0
0
0
0
0
0
0
0
0
0
0
0
0
0
0
0
0
0
0
0
0
0
0
0
0
0
0
0
0
0
0
0
0
0
0
0
0
0
0
0
0
0
0
0
0
0
0
0
0
0
0
0
0
0
0
0
0
0
0
0
0
0
0
0
0
0
0
0
0
0
0
0
0
0
0
0
0
0
0
0
0
0
0
0
0
0
0
0
0
0
0
0
0
0
0
0
0
0
0
0
0
0
0
0
0
0
0
0
0
0
0
0
0
0
0
0
0
0
0
0
0
0
0
0
0
0
0
0
0
0
0
0
0
0
0
0
0
0
0
0
0
0
0
0
0
0
0
0
0
0
0
0
0
0
0
0
0
0
0
0
0
0
0
0
0
0
0
0
0
0
0
0
0
0
0
0
0
0
0
0
0
0
0
0
0
0
0
0
0
0
0
0
0
0
0
0
0
0
0
0
0
0
0
0
0
0
0
0
0
0
0
0
0
0
0
0
0
0
0
0
0
0
0
0
0
0
0
0
0
0
0
0
0
0
0
0
0
0
0
0
0
0
0
0
0
0
0
0
0
0
0
0
0
0
0
0
0
0
0
0
0
0
0
0
0
0
0
0
0
0
0
0
0
0
0
0
0
0
0
0
0
0
0
0
0
0
0
0
0
0
0
0
0
0
0
0
0
0
0
0
0
0
0
0
0
0
0
0
0
0
0
0
0
0
0
0
0
0
0
0
0
0
0
0
0
0
0
0
0
0
0
0
0
0
0
0
0
0
0
