0
101704
222284
315758
392479
454994
506022
548152
582313
611365
634597
653978
669540
681514
692623
700974
708529
714151
718179
722607
725775
728679
729787
730976
731392
731882
733067
733385
734513
735014
735663
735101
734624
733607
733267
733747
733716
732877
731698
730235
729144
727905
725462
723527
721027
717436
713679
709550
704115
699090
692972
685335
676925
668182
660270
651525
642357
632790
625382
618388
611351
606840
601292
597446
593169
587553
581162
573481
565381
556996
548268
539837
530914
521329
511098
501167
489877
477741
464800
451195
436632
421317
404589
387562
369989
352710
335827
317945
300586
283594
266444
250365
234753
219531
204774
190321
176828
163751
151703
140501
129767
119614
110206
101198
92765
84978
77790
71174
65251
59107
53891
49034
44452
40424
36593
33017
29671
26683
23927
21474
19050
16856
14772
13154
11680
10394
9195
8164
7224
6511
5837
5224
4671
4204
3722
3362
2960
2650
2373
2134
1892
1697
1534
1427
1295
1166
1074
963
850
715
599
501
428
378
337
296
272
236
208
181
158
134
110
87
69
58
45
38
27
25
23
15
14
11
10
10
8
6
6
6
5
4
3
2
2
1
1
1
1
1
0
0
0
0
0
0
0
0
0
0
0
0
0
0
0
0
0
0
0
0
0
0
0
0
0
0
0
0
0
0
0
0
0
0
0
0
0
0
0
0
0
0
0
0
0
0
0
0
0
0
0
0
0
0
0
0
0
0
0
0
0
0
0
0
0
0
0
0
0
0
0
0
0
0
0
0
0
0
0
0
0
0
0
0
0
0
0
0
0
0
0
0
0
0
0
0
0
0
0
0
0
0
0
0
0
0
0
0
0
0
0
0
0
0
0
0
0
0
0
0
0
0
0
0
0
0
0
0
0
0
0
0
0
0
0
0
0
0
0
0
0
0
0
0
0
0
0
0
0
0
0
0
0
0
0
0
0
0
0
0
0
0
0
0
0
0
0
0
0
0
0
0
0
0
0
0
0
0
0
0
0
0
0
0
0
0
0
0
0
0
0
0
0
0
0
0
0
0
0
0
0
0
0
0
0
0
0
0
0
0
0
0
0
0
0
0
0
0
0
0
0
0
0
0
0
0
0
0
0
0
0
0
0
0
0
0
0
0
0
0
0
0
0
0
0
0
0
0
0
0
0
0
0
0
0
0
0
0
0
0
0
0
0
0
0
0
0
0
0
0
0
0
0
0
0
0
0
0
0
0
0
0
0
0
0
0
0
0
0
0
0
0
0
0
0
0
0
0
0
0
0
0
0
0
0
0
0
0
0
0
0
0
0
0
0
0
0
0
0
0
0
0
0
0
0
0
0
0
0
0
0
0
0
0
0
0
0
0
0
0
0
0
0
0
0
0
0
0
0
0
0
0
0
0
0
0
0
0
0
0
0
0
0
0
0
0
0
0
0
0
0
0
0
0
0
0
0
0
0
0
0
0
0
0
0
0
0
0
0
0
0
0
0
0
0
0
0
0
0
0
0
0
0
0
0
0
0
0
0
0
0
