0
101865
222249
316039
392267
454991
505881
548093
582946
611250
634441
652888
669155
681917
692011
701098
707509
712592
717666
720651
723526
726466
729720
731215
732716
733345
734270
735294
735378
735750
734824
735241
734823
734506
734599
734170
733152
732290
731084
730348
729096
727353
725342
723704
721175
718026
715553
712561
708500
704302
696503
687763
678024
668232
657423
645212
632838
618545
605659
592944
580051
568466
555388
542296
531467
521536
512155
502890
494364
484768
475053
465119
455306
445437
435522
425229
414713
403830
394137
386336
379222
371642
364294
358077
352420
347061
342608
339440
335746
331325
326946
324162
323891
325464
328658
335963
345306
352374
358071
364035
370683
375588
380284
384850
387848
389507
391045
392266
392374
392696
391184
388464
385587
382082
375827
367923
359137
349420
339860
330250
320715
311191
301421
292675
285042
278523
275709
275811
278630
284102
290366
295945
300756
304828
308102
311052
313380
315873
318694
322703
327650
332691
338749
344309
349601
352082
355413
357453
358158
357890
356523
353473
349259
344925
340565
337317
334783
333361
331736
328590
321268
311450
299787
287398
274230
260930
246741
233031
219908
206422
193275
180398
167648
155403
143735
132681
122584
112868
103453
94803
86587
79074
72232
65795
60110
54843
49984
45351
41103
37200
33876
31012
28137
25358
22609
20368
18224
16216
14540
12955
11681
10500
9342
8318
7442
6638
5938
5338
4755
4289
3803
3330
2964
2607
2296
2022
1761
1549
1318
1101
958
808
690
569
457
386
316
258
218
185
155
131
112
90
72
57
47
40
28
23
19
16
16
12
11
9
8
8
7
7
5
5
4
3
3
3
3
3
3
3
3
3
1
1
1
0
0
0
0
0
0
0
0
0
0
0
0
0
0
0
0
0
0
0
0
0
0
0
0
0
0
0
0
0
0
0
0
0
0
0
0
0
0
0
0
0
0
0
0
0
0
0
0
0
0
0
0
0
0
0
0
0
0
0
0
0
0
0
0
0
0
0
0
0
0
0
0
0
0
0
0
0
0
0
0
0
0
0
0
0
0
0
0
0
0
0
0
0
0
0
0
0
0
0
0
0
0
0
0
0
0
0
0
0
0
0
0
0
0
0
0
0
0
0
0
0
0
0
0
0
0
0
0
0
0
0
0
0
0
0
0
0
0
0
0
0
0
0
0
0
0
0
0
0
0
0
0
0
0
0
0
0
0
0
0
0
0
0
0
0
0
0
0
0
0
0
0
0
0
0
0
0
0
0
0
0
0
0
0
0
0
0
0
0
0
0
0
0
0
0
0
0
0
0
0
0
0
0
0
0
0
0
0
0
0
0
0
0
0
0
0
0
0
0
0
0
0
0
0
0
0
0
0
0
0
0
0
0
0
0
0
0
0
0
0
0
0
0
0
0
0
0
0
0
0
0
0
0
0
0
0
0
0
0
0
0
0
0
0
0
0
0
0
0
0
0
0
0
0
0
0
0
0
0
0
0
0
0
0
0
0
0
0
0
0
0
0
0
0
0
0
0
0
0
0
0
0
0
0
0
0
0
0
0
0
0
0
0
0
0
0
0
0
0
0
0
0
0
0
0
0
0
0
0
0
0
0
0
0
0
0
