0
102584
223161
316971
392786
455449
506248
548109
583421
612015
636052
654769
670242
683368
692961
701197
708667
714004
718844
721481
725258
728129
730270
731876
732927
733475
733896
734722
734448
734452
734373
734157
734215
733695
733329
732897
732714
732290
732010
730476
729770
727855
726308
724603
722155
718710
715629
713052
709133
704694
699541
694145
688392
681885
673779
665298
655358
645061
633940
622178
609317
598247
587900
577140
564646
551423
537304
522862
506993
490862
473058
455482
436586
417915
398522
379984
361779
342903
324195
305925
287655
271013
254243
237928
222336
207276
193122
179349
166221
153952
142072
131104
120917
111371
102553
94325
86809
79312
72675
66769
61345
56166
51240
47044
42932
39344
35799
32621
29678
26999
24451
22316
20289
18463
16815
15293
13869
12508
11350
10261
9362
8449
7706
6990
6355
5825
5345
4861
4437
4041
3661
3282
2914
2557
2259
2049
1848
1666
1500
1334
1202
1049
937
843
743
694
623
569
511
429
371
324
271
240
211
183
161
136
97
77
60
53
48
39
32
25
20
15
9
8
6
5
5
4
4
4
4
3
3
2
2
1
1
1
0
0
0
0
0
0
0
0
0
0
0
0
0
0
0
0
0
0
0
0
0
0
0
0
0
0
0
0
0
0
0
0
0
0
0
0
0
0
0
0
0
0
0
0
0
0
0
0
0
0
0
0
0
0
0
0
0
0
0
0
0
0
0
0
0
0
0
0
0
0
0
0
0
0
0
0
0
0
0
0
0
0
0
0
0
0
0
0
0
0
0
0
0
0
0
0
0
0
0
0
0
0
0
0
0
0
0
0
0
0
0
0
0
0
0
0
0
0
0
0
0
0
0
0
0
0
0
0
0
0
0
0
0
0
0
0
0
0
0
0
0
0
0
0
0
0
0
0
0
0
0
0
0
0
0
0
0
0
0
0
0
0
0
0
0
0
0
0
0
0
0
0
0
0
0
0
0
0
0
0
0
0
0
0
0
0
0
0
0
0
0
0
0
0
0
0
0
0
0
0
0
0
0
0
0
0
0
0
0
0
0
0
0
0
0
0
0
0
0
0
0
0
0
0
0
0
0
0
0
0
0
0
0
0
0
0
0
0
0
0
0
0
0
0
0
0
0
0
0
0
0
0
0
0
0
0
0
0
0
0
0
0
0
0
0
0
0
0
0
0
0
0
0
0
0
0
0
0
0
0
0
0
0
0
0
0
0
0
0
0
0
0
0
0
0
0
0
0
0
0
0
0
0
0
0
0
0
0
0
0
0
0
0
0
0
0
0
0
0
0
0
0
0
0
0
0
0
0
0
0
0
0
0
0
0
0
0
0
0
0
0
0
0
0
0
0
0
0
0
0
0
0
0
0
0
0
0
0
0
0
0
0
0
0
0
0
0
0
0
0
0
0
0
0
0
0
0
0
0
0
0
0
0
0
0
0
0
0
0
0
0
0
0
0
0
0
0
0
0
0
0
0
0
0
0
0
0
0
0
0
0
0
0
0
0
0
0
