0
102431
223215
316413
392812
454755
506025
548945
582978
611334
634670
653765
670021
682173
692019
700795
708602
714017
718746
722411
725831
728871
730346
731985
732932
733666
735017
734690
734774
734706
734999
734881
735174
735073
735017
734364
733671
733364
732014
730614
729914
728341
726552
723651
720221
715718
709237
704088
698218
690033
680465
671239
661154
649937
636168
621351
606897
591064
575990
559988
543159
526358
509692
492118
473726
455430
437124
418289
399722
380974
362780
344282
326135
308315
290288
272457
255073
238640
222807
208124
194039
180860
167576
155038
143095
132239
121795
111798
102562
93891
85759
78608
71667
65489
59676
54507
49535
44868
40915
36906
33310
29910
26939
24178
21800
19782
17870
16244
14634
13319
12166
11069
10075
9095
8200
7383
6612
5914
5251
4790
4295
3850
3500
3120
2803
2482
2227
1969
1778
1619
1422
1281
1143
1053
948
844
768
684
596
540
486
457
414
391
381
366
341
322
294
265
239
217
207
212
194
179
168
152
112
87
69
58
49
36
29
21
18
12
10
8
6
6
6
6
5
3
3
2
2
1
1
0
0
0
0
0
0
0
0
0
0
0
0
0
0
0
0
0
0
0
0
0
0
0
0
0
0
0
0
0
0
0
0
0
0
0
0
0
0
0
0
0
0
0
0
0
0
0
0
0
0
0
0
0
0
0
0
0
0
0
0
0
0
0
0
0
0
0
0
0
0
0
0
0
0
0
0
0
0
0
0
0
0
0
0
0
0
0
0
0
0
0
0
0
0
0
0
0
0
0
0
0
0
0
0
0
0
0
0
0
0
0
0
0
0
0
0
0
0
0
0
0
0
0
0
0
0
0
0
0
0
0
0
0
0
0
0
0
0
0
0
0
0
0
0
0
0
0
0
0
0
0
0
0
0
0
0
0
0
0
0
0
0
0
0
0
0
0
0
0
0
0
0
0
0
0
0
0
0
0
0
0
0
0
0
0
0
0
0
0
0
0
0
0
0
0
0
0
0
0
0
0
0
0
0
0
0
0
0
0
0
0
0
0
0
0
0
0
0
0
0
0
0
0
0
0
0
0
0
0
0
0
0
0
0
0
0
0
0
0
0
0
0
0
0
0
0
0
0
0
0
0
0
0
0
0
0
0
0
0
0
0
0
0
0
0
0
0
0
0
0
0
0
0
0
0
0
0
0
0
0
0
0
0
0
0
0
0
0
0
0
0
0
0
0
0
0
0
0
0
0
0
0
0
0
0
0
0
0
0
0
0
0
0
0
0
0
0
0
0
0
0
0
0
0
0
0
0
0
0
0
0
0
0
0
0
0
0
0
0
0
0
0
0
0
0
0
0
0
0
0
0
0
0
0
0
0
0
0
0
0
0
0
0
0
0
0
0
0
0
0
0
0
0
0
0
0
0
0
0
0
0
0
0
0
0
0
0
0
0
0
0
0
0
0
0
0
0
0
0
0
0
0
0
0
0
0
0
0
0
0
0
0
0
0
0
0
0
0
0
0
