0	0
0.1	102287
0.2	222927
0.3	316472
0.4	392806
0.5	455244
0.6	506467
0.7	548586
0.8	583112
0.9	611593
1	634878
1.1	653668
1.2	669408
1.3	682158
1.4	692482
1.5	701043
1.6	708432
1.7	713888
1.8	718509
1.9	722111
2	725173
2.1	727722
2.2	729874
2.3	731472
2.4	732579
2.5	733482
2.6	734228
2.7	734460
2.8	734679
2.9	734939
3	735087
3.1	734880
3.2	734606
3.3	734138
3.4	733832
3.5	733300
3.6	732812
3.7	732046
3.8	730926
3.9	729722
4	728455
4.1	726653
4.2	724470
4.3	722247
4.4	719192
4.5	715706
4.6	711562
4.7	707000
4.8	701728
4.9	695897
5	688880
5.1	681327
5.2	673025
5.3	664163
5.4	654425
5.5	643853
5.6	632029
5.7	619497
5.8	606917
5.9	593966
6	580380
6.1	567611
6.2	554718
6.3	541597
6.4	528006
6.5	514395
6.6	500355
6.7	485811
6.8	471214
6.9	456438
7	441594
7.1	426368
7.2	411060
7.3	395868
7.4	380706
7.5	366016
7.6	351518
7.7	337152
7.8	323136
7.9	309834
8	296842
8.1	284392
8.2	272068
8.3	260424
8.4	249580
8.5	239169
8.6	229110
8.7	219520
8.8	210167
8.9	201466
9	193370
9.1	185935
9.2	179204
9.3	172946
9.4	167131
9.5	161914
9.6	157278
9.7	152541
9.8	147926
9.9	143432
10	139136
10.1	134988
10.2	131218
10.3	127908
10.4	124428
10.5	120913
10.6	117317
10.7	113973
10.8	110532
10.9	107191
11	103880
11.1	100653
11.2	97496.6
11.3	94363.3
11.4	91000.4
11.5	87557.5
11.6	84176.8
11.7	80903.8
11.8	77855.7
11.9	74768.5
12	71881.4
12.1	69210
12.2	66548.1
12.3	64018.7
12.4	61607.4
12.5	59337.8
12.6	57529.9
12.7	56081.9
12.8	54872
12.9	53863.9
13	52982.6
13.1	52035.2
13.2	51048.8
13.3	50032.8
13.4	49001.6
13.5	48013.6
13.6	47042.7
13.7	46101.2
13.8	45255.7
13.9	44630.3
14	44127.2
14.1	43663.5
14.2	43384.9
14.3	43127.5
14.4	42925.7
14.5	42484.1
14.6	42182.4
14.7	41804.6
14.8	41312.1
14.9	40766.8
15	40155.2
15.1	39421.2
15.2	38618.1
15.3	37836.1
15.4	37103.5
15.5	36498.4
15.6	35988.8
15.7	35599.1
15.8	35208.4
15.9	34696.6
16	33798.3
16.1	32653.9
16.2	31327.3
16.3	29951.8
16.4	28501
16.5	27053.1
16.6	25529
16.7	24070
16.8	22677.3
16.9	21265
17	19879.7
17.1	18541.1
17.2	17219.8
17.3	15955.4
17.4	14747.8
17.5	13608.1
17.6	12571.3
17.7	11572.3
17.8	10602.8
17.9	9716.1
18	8875.5
18.1	8107.3
18.2	7405.3
18.3	6747.4
18.4	6161.3
18.5	5623.6
18.6	5127.8
18.7	4654.1
18.8	4216.2
18.9	3814.7
19	3474.4
19.1	3181.9
19.2	2886.9
19.3	2599.3
19.4	2316.4
19.5	2085.3
19.6	1865
19.7	1658.5
19.8	1488.1
19.9	1326.6
20	1196.4
20.1	1073.9
20.2	956.2
20.3	850.6
20.4	761.7
20.5	680.3
20.6	607.9
20.7	546.8
20.8	486.6
20.9	439.9
21	390.8
21.1	341.8
21.2	303.7
21.3	266.9
21.4	234.5
21.5	206.5
21.6	179.3
21.7	157.6
21.8	133.8
21.9	111.8
22	97.4
22.1	82.1
22.2	69.9
22.3	57.7
22.4	46.3
22.5	39.2
22.6	32.2
22.7	26.4
22.8	22.2
22.9	18.9
23	15.8
23.1	13.2
23.2	11.3
23.3	9.1
23.4	7.3
23.5	5.8
23.6	4.8
23.7	4.1
23.8	2.9
23.9	2.4
24	1.9
24.1	1.6
24.2	1.6
24.3	1.2
24.4	1.1
24.5	0.9
24.6	0.8
24.7	0.8
24.8	0.7
24.9	0.7
25	0.5
25.1	0.5
25.2	0.4
25.3	0.3
25.4	0.3
25.5	0.3
25.6	0.3
25.7	0.3
25.8	0.3
25.9	0.3
26	0.3
26.1	0.3
26.2	0.1
26.3	0.1
26.4	0.1
26.5	0
26.6	0
26.7	0
26.8	0
26.9	0
27	0
27.1	0
27.2	0
27.3	0
27.4	0
27.5	0
27.6	0
27.7	0
27.8	0
27.9	0
28	0
28.1	0
28.2	0
28.3	0
28.4	0
28.5	0
28.6	0
28.7	0
28.8	0
28.9	0
29	0
29.1	0
29.2	0
29.3	0
29.4	0
29.5	0
29.6	0
29.7	0
29.8	0
29.9	0
30	0
30.1	0
30.2	0
30.3	0
30.4	0
30.5	0
30.6	0
30.7	0
30.8	0
30.9	0
31	0
31.1	0
31.2	0
31.3	0
31.4	0
31.5	0
31.6	0
31.7	0
31.8	0
31.9	0
32	0
32.1	0
32.2	0
32.3	0
32.4	0
32.5	0
32.6	0
32.7	0
32.8	0
32.9	0
33	0
33.1	0
33.2	0
33.3	0
33.4	0
33.5	0
33.6	0
33.7	0
33.8	0
33.9	0
34	0
34.1	0
34.2	0
34.3	0
34.4	0
34.5	0
34.6	0
34.7	0
34.8	0
34.9	0
35	0
35.1	0
35.2	0
35.3	0
35.4	0
35.5	0
35.6	0
35.7	0
35.8	0
35.9	0
36	0
36.1	0
36.2	0
36.3	0
36.4	0
36.5	0
36.6	0
36.7	0
36.8	0
36.9	0
37	0
37.1	0
37.2	0
37.3	0
37.4	0
37.5	0
37.6	0
37.7	0
37.8	0
37.9	0
38	0
38.1	0
38.2	0
38.3	0
38.4	0
38.5	0
38.6	0
38.7	0
38.8	0
38.9	0
39	0
39.1	0
39.2	0
39.3	0
39.4	0
39.5	0
39.6	0
39.7	0
39.8	0
39.9	0
40	0
40.1	0
40.2	0
40.3	0
40.4	0
40.5	0
40.6	0
40.7	0
40.8	0
40.9	0
41	0
41.1	0
41.2	0
41.3	0
41.4	0
41.5	0
41.6	0
41.7	0
41.8	0
41.9	0
42	0
42.1	0
42.2	0
42.3	0
42.4	0
42.5	0
42.6	0
42.7	0
42.8	0
42.9	0
43	0
43.1	0
43.2	0
43.3	0
43.4	0
43.5	0
43.6	0
43.7	0
43.8	0
43.9	0
44	0
44.1	0
44.2	0
44.3	0
44.4	0
44.5	0
44.6	0
44.7	0
44.8	0
44.9	0
45	0
45.1	0
45.2	0
45.3	0
45.4	0
45.5	0
45.6	0
45.7	0
45.8	0
45.9	0
46	0
46.1	0
46.2	0
46.3	0
46.4	0
46.5	0
46.6	0
46.7	0
46.8	0
46.9	0
47	0
47.1	0
47.2	0
47.3	0
47.4	0
47.5	0
47.6	0
47.7	0
47.8	0
47.9	0
48	0
48.1	0
48.2	0
48.3	0
48.4	0
48.5	0
48.6	0
48.7	0
48.8	0
48.9	0
49	0
49.1	0
49.2	0
49.3	0
49.4	0
49.5	0
49.6	0
49.7	0
49.8	0
49.9	0
50	0
50.1	0
50.2	0
50.3	0
50.4	0
50.5	0
50.6	0
50.7	0
50.8	0
50.9	0
51	0
51.1	0
51.2	0
51.3	0
51.4	0
51.5	0
51.6	0
51.7	0
51.8	0
51.9	0
52	0
52.1	0
52.2	0
52.3	0
52.4	0
52.5	0
52.6	0
52.7	0
52.8	0
52.9	0
53	0
53.1	0
53.2	0
53.3	0
53.4	0
53.5	0
53.6	0
53.7	0
53.8	0
53.9	0
54	0
54.1	0
54.2	0
54.3	0
54.4	0
54.5	0
54.6	0
54.7	0
54.8	0
54.9	0
55	0
55.1	0
55.2	0
55.3	0
55.4	0
55.5	0
55.6	0
55.7	0
55.8	0
55.9	0
56	0
56.1	0
56.2	0
56.3	0
56.4	0
56.5	0
56.6	0
56.7	0
56.8	0
56.9	0
57	0
57.1	0
57.2	0
57.3	0
57.4	0
57.5	0
57.6	0
57.7	0
57.8	0
57.9	0
58	0
58.1	0
58.2	0
58.3	0
58.4	0
58.5	0
58.6	0
58.7	0
58.8	0
58.9	0
59	0
59.1	0
59.2	0
59.3	0
59.4	0
59.5	0
59.6	0
59.7	0
59.8	0
59.9	0
60	0
