0
0
0
0
2
7
10
19
29
37
50
63
76
93
107
118
145
162
184
189
216
239
258
272
282
303
326
338
348
369
382
405
427
445
455
467
491
498
515
527
537
549
555
560
554
560
562
561
557
554
554
553
550
546
540
528
523
521
516
514
503
493
480
464
457
454
449
447
436
428
416
406
399
387
379
375
367
362
358
352
350
348
343
339
335
334
331
328
318
316
309
305
303
305
304
303
299
294
293
289
282
280
275
275
277
271
270
267
258
253
251
246
244
238
233
230
227
223
224
227
224
224
220
214
208
205
206
200
194
190
186
181
175
173
172
171
166
160
155
149
146
143
137
136
134
130
127
125
122
120
119
118
117
113
109
108
107
106
106
105
103
102
99
99
96
91
89
89
87
86
84
81
80
78
75
74
72
71
70
69
67
66
66
63
61
60
57
54
54
51
51
47
47
47
46
44
42
40
40
38
36
35
35
35
34
31
30
30
29
28
28
28
27
27
27
27
27
27
26
24
23
22
22
21
21
21
21
21
21
21
20
19
19
17
17
17
17
17
17
17
17
17
16
16
16
16
15
15
15
14
14
14
14
13
13
12
12
12
12
12
12
12
12
12
10
10
9
8
8
8
7
6
6
6
6
5
5
5
5
5
5
5
5
5
4
4
4
4
4
4
4
4
4
4
4
4
4
4
4
4
4
4
4
4
4
4
4
4
4
4
4
4
4
4
4
4
4
4
4
4
4
4
4
4
4
4
4
4
4
3
3
2
2
2
2
2
2
2
2
2
2
2
2
2
2
2
2
2
2
2
2
2
2
2
2
2
2
1
1
1
1
1
1
1
1
1
1
1
1
1
1
1
0
0
0
0
0
0
0
0
0
0
0
0
0
0
0
0
0
0
0
0
0
0
0
0
0
0
0
0
0
0
0
0
0
0
0
0
0
0
0
0
0
0
0
0
0
0
0
0
0
0
0
0
0
0
0
0
0
0
0
0
0
0
0
0
0
0
0
0
0
0
0
0
0
0
0
0
0
0
0
0
0
0
0
0
0
0
0
0
0
0
0
0
0
0
0
0
0
0
0
0
0
0
0
0
0
0
0
0
0
0
0
0
0
0
0
0
0
0
0
0
0
0
0
0
0
0
0
0
0
0
0
0
0
0
0
0
0
0
0
0
0
0
0
0
0
0
0
0
0
0
0
0
0
0
0
0
0
0
0
0
0
0
0
0
0
0
0
0
0
0
0
0
0
0
0
0
0
0
0
0
0
0
0
0
0
0
0
0
0
0
0
0
0
0
0
0
0
0
0
0
0
0
0
0
0
0
0
0
0
0
0
0
0
0
0
0
0
0
0
0
0
0
0
0
0
0
0
0
0
