0
0
0
0
1
4
9
15
29
39
52
65
79
96
113
137
150
165
190
211
229
244
260
279
301
332
358
377
398
414
441
472
491
501
521
542
553
562
569
565
578
576
566
563
550
546
545
541
532
527
526
518
509
503
492
483
469
461
455
446
439
434
426
423
419
414
400
394
388
373
369
367
361
356
346
340
339
332
326
318
304
297
293
290
284
280
274
270
265
262
257
253
247
241
239
237
234
228
223
219
215
213
211
208
207
202
197
192
189
180
179
177
173
170
169
167
163
158
157
153
153
149
147
139
136
129
127
124
123
120
119
119
116
114
112
111
111
107
105
104
99
97
96
94
91
87
87
86
84
82
82
81
78
78
78
78
76
72
72
68
65
63
60
58
58
56
55
54
48
47
46
45
45
44
43
40
40
40
39
39
39
39
37
37
37
36
35
34
34
33
32
30
29
29
29
29
28
26
25
23
23
22
22
20
20
19
19
18
18
18
18
17
17
17
17
17
17
17
17
16
15
14
14
13
12
12
12
12
12
12
12
11
11
10
10
10
10
9
9
9
8
8
7
7
7
7
7
7
6
6
6
6
6
6
6
6
6
6
6
5
5
5
5
5
5
5
5
5
5
5
5
5
4
4
4
4
4
4
4
4
4
3
3
3
3
3
3
3
3
3
3
3
3
3
3
3
3
3
3
3
3
3
2
2
2
2
2
2
1
1
0
0
0
0
0
0
0
0
0
0
0
0
0
0
0
0
0
0
0
0
0
0
0
0
0
0
0
0
0
0
0
0
0
0
0
0
0
0
0
0
0
0
0
0
0
0
0
0
0
0
0
0
0
0
0
0
0
0
0
0
0
0
0
0
0
0
0
0
0
0
0
0
0
0
0
0
0
0
0
0
0
0
0
0
0
0
0
0
0
0
0
0
0
0
0
0
0
0
0
0
0
0
0
0
0
0
0
0
0
0
0
0
0
0
0
0
0
0
0
0
0
0
0
0
0
0
0
0
0
0
0
0
0
0
0
0
0
0
0
0
0
0
0
0
0
0
0
0
0
0
0
0
0
0
0
0
0
0
0
0
0
0
0
0
0
0
0
0
0
0
0
0
0
0
0
0
0
0
0
0
0
0
0
0
0
0
0
0
0
0
0
0
0
0
0
0
0
0
0
0
0
0
0
0
0
0
0
0
0
0
0
0
0
0
0
0
0
0
0
0
0
0
0
0
0
0
0
0
0
0
0
0
0
0
0
0
0
0
0
0
0
0
0
0
0
0
0
0
0
0
0
0
0
0
0
0
0
0
0
0
0
0
0
0
0
0
0
0
0
0
0
0
0
0
0
0
0
0
0
0
0
0
0
0
0
0
0
0
0
0
0
