0
0
1
3
8
14
18
22
25
33
43
53
77
99
127
143
164
186
203
226
245
272
295
312
341
362
379
393
430
444
469
488
502
517
534
551
563
577
593
603
604
622
622
630
628
632
640
636
637
632
628
624
624
619
612
609
607
602
599
590
586
579
562
552
547
545
539
528
517
504
499
490
478
474
463
452
443
436
430
424
415
405
398
391
383
378
372
366
356
349
337
330
322
312
307
302
295
291
283
276
271
262
252
247
243
239
234
230
222
218
212
209
206
203
202
194
193
191
187
186
175
173
170
165
163
162
159
156
156
151
148
145
141
140
135
130
129
127
125
123
121
118
116
114
114
108
104
104
104
101
99
98
94
91
88
84
81
80
79
76
75
74
72
71
70
69
69
67
65
65
65
64
62
62
62
59
58
57
55
50
50
49
48
47
46
46
46
45
44
43
42
40
40
40
37
36
34
33
33
33
32
32
30
28
28
27
25
25
24
24
24
24
22
22
22
21
20
20
19
19
18
16
15
15
15
15
15
15
15
15
15
15
15
14
14
14
14
14
14
14
14
13
13
13
13
13
13
11
11
10
10
10
10
10
10
10
10
10
9
9
9
9
9
8
8
8
6
6
6
6
6
6
6
6
6
6
6
6
6
6
6
6
6
6
6
6
6
6
6
6
6
6
5
5
5
5
5
4
4
4
4
4
4
4
4
4
4
4
4
4
4
4
3
3
3
3
3
3
3
3
2
2
2
2
2
2
2
2
2
2
2
2
2
2
2
2
2
2
2
2
2
2
2
2
2
2
2
2
2
2
2
2
2
2
2
2
2
2
2
2
2
2
2
2
2
2
2
2
2
2
2
2
2
2
2
2
2
2
2
2
2
2
2
2
2
2
2
2
2
2
2
2
2
2
2
2
2
2
2
2
2
2
2
2
2
2
2
2
1
1
1
1
1
1
1
1
1
1
1
0
0
0
0
0
0
0
0
0
0
0
0
0
0
0
0
0
0
0
0
0
0
0
0
0
0
0
0
0
0
0
0
0
0
0
0
0
0
0
0
0
0
0
0
0
0
0
0
0
0
0
0
0
0
0
0
0
0
0
0
0
0
0
0
0
0
0
0
0
0
0
0
0
0
0
0
0
0
0
0
0
0
0
0
0
0
0
0
0
0
0
0
0
0
0
0
0
0
0
0
0
0
0
0
0
0
0
0
0
0
0
0
0
0
0
0
0
0
0
0
0
0
0
0
0
0
0
0
0
0
0
0
0
0
0
0
0
0
0
0
0
0
0
0
0
0
0
0
0
0
0
0
0
0
0
0
0
0
0
0
0
0
0
0
0
0
0
0
0
0
0
0
0
0
0
0
0
0
0
0
0
0
