0
208
418
629
840
1041
1243
1461
1665
1868
2076
2276
2477
2673
2874
3075
3265
3454
3648
3842
4056
4233
4439
4612
4780
4963
5166
5359
5544
5715
5887
6091
6269
6457
6679
6870
7067
7252
7438
7599
7789
7983
8181
8371
8575
8810
9011
9194
9418
9645
9840
10030
10217
10465
10667
10883
11101
11318
11520
11749
11936
12131
12319
12568
12767
12990
13190
13391
13610
13842
14071
14269
14491
14699
14918
15147
15359
15588
15803
16001
16213
16417
16610
16833
17031
17227
17428
17648
17860
18086
18290
18518
18732
18979
19191
19414
19620
19824
20042
20266
20470
20700
20927
21129
21328
21545
21721
21929
22134
22346
22596
22827
23032
23245
23463
23669
23873
24069
24242
24467
24678
24865
25093
25289
25502
25725
25967
26175
26377
26597
26803
26997
27196
27416
27619
27816
28020
28229
28435
28652
28876
29117
29329
29542
29747
29976
30177
30367
30563
30766
30970
31167
31399
31591
31801
32002
32211
32429
32661
32839
33037
33260
33484
33704
33906
34105
34295
34529
34738
34941
35171
35381
35585
35819
36013
36227
36420
36630
36825
37059
37269
37481
37680
37895
38100
38315
38532
38725
38926
39136
39360
39569
39771
39987
40183
40378
40593
40802
41003
41203
41393
41619
41827
42044
42271
42470
42688
42909
43117
43365
43583
43779
44002
44230
44427
44629
44839
45063
45283
45476
45680
45909
46118
46328
46538
46767
46964
47151
47348
47534
47733
47934
48142
48342
48544
48745
48954
49157
49367
49559
49765
49960
50167
50384
50614
50813
51015
51198
51396
51595
51794
52027
52231
52441
52639
52835
53070
53268
53480
53733
53932
54141
54351
54560
54766
54963
55161
55373
55610
55823
56037
56232
56418
56630
56834
57022
57227
57426
57657
57859
58059
58238
58464
58677
58900
59115
59339
59557
59735
59943
60150
60338
60557
60758
60956
61163
61359
61554
61752
61950
62147
62358
62573
62766
62956
63178
63375
63567
63781
63988
64190
64410
64633
64846
65060
65281
65498
65708
65913
66129
66352
66551
66737
66958
67160
67366
67582
67798
67981
68179
68377
68539
68752
68934
69120
69319
69520
69721
69906
70102
70321
70520
70728
70917
71127
71368
71584
71805
72005
72193
72402
72594
72783
72960
73181
73380
73598
73794
73988
74207
74420
74600
74797
75007
75205
75412
75631
75828
76008
76189
76382
76590
76775
76968
77166
77342
77546
77755
77957
78176
78365
78584
78786
79003
79187
79384
79562
79786
80003
80219
80446
80627
80829
81052
81235
81441
81646
81848
82052
82273
82490
82684
82916
83124
83328
83508
83704
83893
84095
84301
84496
84703
84907
85121
85318
85510
85706
85922
86128
86326
86518
86721
86928
87148
87345
87522
87727
87947
88159
88361
88564
88761
88975
89169
89366
89554
89732
89944
90150
90363
90548
90738
90944
91171
91354
91558
91752
91928
92109
92343
92553
92764
92959
93174
93357
93547
93726
93923
94130
94337
94536
94741
94945
95141
95319
95498
95693
95878
96087
96300
96491
96716
96904
97130
97312
97494
97698
97888
98099
98281
98488
98658
98870
99055
99245
99422
99617
99814
100006
100210
100403
100619
100811
101020
101240
101426
101616
101798
101974
102139
102342
102534
102715
102924
103138
103351
103547
103742
103933
104145
104323
104508
104716
104927
105120
105309
105508
105691
105900
106106
106294
106472
106652
106848
107061
107261
107434
107602
107808
108017
108231
108440
108651
108830
109040
109234
109426
109613
109801
109975
110165
110369
110565
110755
110951
111127
111312
111494
111684
111912
112123
112306
112486
112642
112836
113030
113221
113417
113606
113797
113984
114195
114355
114552
114744
114932
115127
115299
115498
115694
115877
116067
116249
116405
116589
116795
116982
117185
117394
117602
117788
117971
118162
118369
118552
118740
118934
119148
119318
119548
119759
119967
120162
120354
120525
120729
120904
121091
121313
121497
121677
