0
2
16
80
181
291
397
522
625
743
835
911
981
1076
1164
1240
1331
1392
1483
1545
1580
1606
1686
1721
1752
1792
1834
1892
1936
1951
2002
2018
2037
2056
2065
2086
2106
2102
2106
2082
2071
2064
2057
2034
2006
1981
1962
1923
1875
1850
1819
1795
1734
1684
1627
1593
1527
1491
1436
1380
1327
1295
1254
1207
1145
1110
1066
1018
984
932
905
872
833
798
761
723
703
673
646
616
585
556
536
521
496
474
449
434
416
398
373
356
339
328
311
295
275
262
244
233
219
207
200
191
180
171
166
155
148
137
128
121
114
104
99
90
82
80
80
77
74
71
64
62
61
59
57
56
54
50
49
49
47
43
43
43
43
41
38
33
32
31
28
27
26
25
24
24
23
20
18
18
17
16
15
15
14
12
12
10
10
10
8
7
7
7
7
7
7
6
6
6
6
6
6
6
6
6
6
4
4
4
4
4
4
4
4
4
4
4
4
4
4
4
3
2
2
2
2
2
2
2
2
2
2
2
2
2
2
1
0
0
0
0
0
0
0
0
0
0
0
0
0
0
0
0
0
0
0
0
0
0
0
0
0
0
0
0
0
0
0
0
0
0
0
0
0
0
0
0
0
0
0
0
0
0
0
0
0
0
0
0
0
0
0
0
0
0
0
0
0
0
0
0
0
0
0
0
0
0
0
0
0
0
0
0
0
0
0
0
0
0
0
0
0
0
0
0
0
0
0
0
0
0
0
0
0
0
0
0
0
0
0
0
0
0
0
0
0
0
0
0
0
0
0
0
0
0
0
0
0
0
0
0
0
0
0
0
0
0
0
0
0
0
0
0
0
0
0
0
0
0
0
0
0
0
0
0
0
0
0
0
0
0
0
0
0
0
0
0
0
0
0
0
0
0
0
0
0
0
0
0
0
0
0
0
0
0
0
0
0
0
0
0
0
0
0
0
0
0
0
0
0
0
0
0
0
0
0
0
0
0
0
0
0
0
0
0
0
0
0
0
0
0
0
0
0
0
0
0
0
0
0
0
0
0
0
0
0
0
0
0
0
0
0
0
0
0
0
0
0
0
0
0
0
0
0
0
0
0
0
0
0
0
0
0
0
0
0
0
0
0
0
0
0
0
0
0
0
0
0
0
0
0
0
0
0
0
0
0
0
0
0
0
0
0
0
0
0
0
0
0
0
0
0
0
0
0
0
0
0
0
0
0
0
0
0
0
0
0
0
0
0
0
0
0
0
0
0
0
0
0
0
0
0
0
0
0
0
0
0
0
0
0
0
0
0
0
0
0
0
0
0
0
0
0
0
0
0
0
0
0
0
0
0
0
0
0
0
0
0
0
0
0
0
0
0
0
0
0
0
0
0
0
0
0
0
0
0
0
0
0
0
0
0
0
0
0
0
0
0
