0
6
42
93
175
287
391
488
597
702
802
904
1003
1098
1161
1238
1303
1371
1446
1519
1612
1674
1747
1809
1844
1889
1928
1944
1989
2008
2043
2061
2087
2095
2128
2149
2141
2143
2177
2173
2151
2133
2123
2101
2078
2056
2059
1991
1967
1924
1893
1858
1826
1788
1742
1688
1647
1589
1535
1477
1426
1384
1330
1272
1240
1217
1169
1129
1104
1070
1039
1012
961
925
887
847
829
794
754
721
694
665
631
608
584
554
530
503
486
461
438
419
398
377
358
335
318
305
292
270
267
257
246
229
212
204
193
182
171
163
157
149
141
133
125
120
113
101
93
85
82
78
73
70
68
63
63
57
51
47
45
39
38
37
35
31
29
28
26
22
22
22
19
15
13
13
11
11
11
11
11
11
10
10
8
8
8
8
8
8
8
7
6
6
6
5
4
4
4
4
4
4
3
3
3
2
2
2
2
2
2
2
2
2
2
2
2
2
2
2
2
2
1
1
1
1
1
1
1
1
1
0
0
0
0
0
0
0
0
0
0
0
0
0
0
0
0
0
0
0
0
0
0
0
0
0
0
0
0
0
0
0
0
0
0
0
0
0
0
0
0
0
0
0
0
0
0
0
0
0
0
0
0
0
0
0
0
0
0
0
0
0
0
0
0
0
0
0
0
0
0
0
0
0
0
0
0
0
0
0
0
0
0
0
0
0
0
0
0
0
0
0
0
0
0
0
0
0
0
0
0
0
0
0
0
0
0
0
0
0
0
0
0
0
0
0
0
0
0
0
0
0
0
0
0
0
0
0
0
0
0
0
0
0
0
0
0
0
0
0
0
0
0
0
0
0
0
0
0
0
0
0
0
0
0
0
0
0
0
0
0
0
0
0
0
0
0
0
0
0
0
0
0
0
0
0
0
0
0
0
0
0
0
0
0
0
0
0
0
0
0
0
0
0
0
0
0
0
0
0
0
0
0
0
0
0
0
0
0
0
0
0
0
0
0
0
0
0
0
0
0
0
0
0
0
0
0
0
0
0
0
0
0
0
0
0
0
0
0
0
0
0
0
0
0
0
0
0
0
0
0
0
0
0
0
0
0
0
0
0
0
0
0
0
0
0
0
0
0
0
0
0
0
0
0
0
0
0
0
0
0
0
0
0
0
0
0
0
0
0
0
0
0
0
0
0
0
0
0
0
0
0
0
0
0
0
0
0
0
0
0
0
0
0
0
0
0
0
0
0
0
0
0
0
0
0
0
0
0
0
0
0
0
0
0
0
0
0
0
0
0
0
0
0
0
0
0
0
0
0
0
0
0
0
0
0
0
0
0
0
0
0
0
0
0
0
0
0
0
0
0
0
0
0
0
0
0
0
0
0
0
0
0
0
0
0
0
0
0
0
0
0
0
0
0
0
0
0
0
0
0
