0
88
162
223
257
231
229
229
217
213
209
184
184
175
168
163
169
194
203
189
170
167
172
165
184
189
182
195
193
188
205
205
213
216
235
242
259
275
279
290
325
334
356
390
432
472
493
539
572
614
656
717
754
814
865
911
975
1043
1099
1154
1222
1290
1356
1455
1519
1610
1674
1760
1827
1901
1991
2073
2162
2255
2343
2431
2517
2593
2691
2787
2883
2984
3063
3170
3260
3347
3442
3556
3659
3759
3851
3956
4055
4159
4278
4366
4473
4581
4693
4788
4889
5001
5099
5196
5322
5435
5554
5660
5752
5863
5964
6072
6192
6286
6412
6514
6606
6713
6823
6913
7035
7157
7264
7372
7462
7578
7686
7798
7907
8003
8120
8232
8337
8435
8553
8658
8754
8891
8993
9093
9211
9326
9447
9568
9667
9770
9887
9986
10087
10197
10305
10419
10523
10649
10744
10835
10917
11018
11140
11255
11353
11458
11570
11666
11745
11842
11949
12056
12173
12271
12388
12492
12586
12686
12812
12923
13028
13136
13237
13319
13435
13531
13629
13733
13839
13944
14034
14146
14240
14357
14461
14557
14667
14763
14880
14992
15081
15196
15309
15418
15535
15634
15737
15837
15956
16069
16169
16268
16386
16490
16608
16706
16810
16908
17024
17113
17187
17276
17376
17493
17584
17687
17795
17895
18000
18114
18221
18342
18443
18543
18653
18751
18868
18971
19073
19170
19259
19373
19468
19568
19679
19786
19901
20014
20113
20215
20324
20434
20531
20633
20724
20854
20961
21058
21157
21270
21383
21481
21584
21681
21772
21866
21974
22059
22159
22270
22395
22507
22610
22713
22805
22900
22997
23107
23213
23326
23451
23553
23662
23763
23875
23983
24102
24205
24290
24375
24451
24552
24656
24760
24850
24931
25026
25136
25251
25354
25452
25553
25660
25755
25843
25943
26073
26170
26276
26370
26475
26578
26697
26800
26901
27001
27111
27220
27324
27426
27528
27636
27734
27842
27952
28039
28134
28235
28338
28425
28521
28624
28730
28841
28942
29049
29137
29242
29350
29434
29541
29663
29755
29840
29963
30062
30173
30281
30386
30474
30569
30682
30757
30859
30965
31075
31192
31307
31392
31492
31576
31665
31772
31862
31967
32072
32178
32298
32408
32502
32602
32689
32795
32884
33000
33108
33221
33340
33428
33525
33609
33741
33835
33942
34047
34142
34233
34327
34431
34526
34624
34724
34817
34933
35045
35124
35227
35335
35429
35546
35647
35753
35862
35954
36077
36177
36286
36382
36493
36597
36712
36801
36912
37007
37121
37224
37331
37432
37524
37621
37731
37832
37930
38021
38134
38236
38342
38445
38553
38656
38746
38865
38959
39053
39149
39244
39347
39450
39547
39643
39741
39836
39930
40042
40139
40241
40345
40452
40543
40659
40753
40844
40939
41047
41157
41254
41346
41456
41546
41648
41735
41848
41956
42066
42165
42281
42374
42477
42578
42676
42787
42887
42998
43108
43187
43286
43396
43479
43563
43669
43764
43851
43951
44031
44135
44237
44328
44438
44562
44673
44775
44871
44980
45091
45185
45298
45381
45469
45566
45658
45749
45839
45953
46051
46158
46250
46370
46465
46559
46668
46747
46836
46921
47033
47109
47223
47321
47422
47526
47628
47721
47819
47918
48017
48113
48209
48316
48421
48521
48609
48717
48818
48919
49023
49110
49216
49319
49411
49488
49580
49671
49770
49859
49951
50051
50164
50249
50333
50441
50528
50615
50711
50820
50919
51033
51134
51236
51343
51426
51510
51599
51697
51796
51908
52011
52102
52178
52290
52380
52474
52571
52671
52765
52849
52936
53034
53142
53255
53344
53444
53539
53647
53733
53819
53917
54019
54119
54219
54313
54424
54521
54626
54716
54801
54883
54964
55037
55144
55233
55334
55438
55515
55599
55696
55801
