997909
995821
993755
991713
989632
987530
985444
983314
981147
979062
977031
974834
972760
970561
968424
966331
964162
962114
960033
957820
955732
953614
951581
949509
947485
945455
943440
941354
939284
937272
935290
933282
931228
929190
927175
925230
923204
921183
919204
917263
915278
913299
911391
909444
907443
905473
903450
901461
899503
897504
895586
893650
891628
889755
887827
885845
883869
881924
880068
878203
876224
874312
872405
870616
868777
866822
864924
863088
861211
859386
857498
855586
853761
851911
850151
848344
846504
844689
842880
841029
839328
837522
835733
833956
832230
830428
828664
826814
824946
823255
821460
819728
818046
816243
814526
812685
