108969
157925
174883
179126
179523
178124
176442
175549
174481
173991
173749
173903
173865
173326
172728
172432
172684
172883
173487
173356
173745
174365
173773
173582
173723
174125
174723
175331
175377
175114
175453
175543
174701
174314
174376
174474
174225
174502
174723
174999
175550
175451
175647
175481
175356
175361
175188
175225
175583
176194
176795
177105
177334
177550
177760
177392
177350
177520
177194
177334
177916
178586
178923
179163
179253
179099
179186
179148
179253
179248
179642
179822
180296
180791
180871
180848
179926
180063
180725
181120
180822
180627
181377
181682
181919
182153
181910
181734
181326
180784
180417
180359
180796
180954
181770
181987
