4396
21701
47084
73841
98848
121217
140507
156348
170141
181899
190664
198763
205850
210778
214067
217016
218848
219262
220740
222491
223331
222994
223590
224820
225223
226121
227036
227543
226906
226893
226769
226665
226913
227029
227157
227309
226851
226265
226505
226857
227535
227007
226858
226351
225417
224724
223479
222959
221974
221868
221165
220682
221241
221614
221364
221302
221238
220819
219939
218821
217333
216125
214982
214490
214982
214825
214311
213538
212921
212468
212558
213091
212695
213156
212948
212766
212615
212585
211998
212393
212335
212958
212548
211793
211086
210349
209901
208273
207305
206988
206817
206867
205995
205566
206134
206293
