4004
21195
46774
73996
100125
123456
142590
158205
171210
181412
189438
196654
202736
207163
210664
214271
216581
218584
220229
221183
222488
223848
224998
226498
227473
227899
227646
228279
228747
227658
226644
225763
226406
225921
226210
225991
225694
225247
225048
225095
225627
224630
223704
223443
222920
221978
221797
220544
219514
219156
219087
217983
217837
217677
218334
218288
218023
218616
218725
218208
218419
218389
218890
218562
217970
217304
217017
216761
216449
216595
215927
215016
214060
212972
212166
212440
211946
211556
210961
210640
209835
209531
208972
208918
207739
207323
206287
205626
205856
205897
205753
205254
205037
204588
204613
204197
