4255
21918
47810
74576
99163
121019
140385
157297
170980
182581
191274
198042
204010
208639
213005
215676
218241
220239
221516
222716
222811
223625
224106
224167
223982
224303
225111
225803
225479
225961
227050
227182
226175
225149
225043
224857
224109
223122
223042
222930
222297
221042
220472
219901
219899
219454
220120
219786
218832
218394
218473
218032
217058
216942
217366
216826
216729
215895
214890
214382
214594
214774
214341
213688
213156
212335
211546
211600
211210
211031
210709
210188
209087
209083
209327
208533
207933
208067
208746
208616
208352
209020
209397
209047
208210
208119
208025
208676
208568
209433
208893
208316
207957
207228
206607
205139
