3899
20783
46253
73582
98945
120977
140328
155431
167928
178359
187237
195067
201799
207148
211676
214513
216720
219106
220918
222026
223147
223004
222993
224174
225028
225521
225116
224961
224742
225020
224653
224872
224917
225060
224923
223717
223162
222956
222419
222588
222343
221247
220756
220867
221195
221160
220720
220387
220563
220906
220458
220332
219557
219899
220124
219533
219084
219130
218596
218094
217715
216870
216848
217147
217079
216616
215236
213516
213519
212801
212694
212719
212551
212006
212536
213257
214874
215052
214479
213302
212531
212299
211278
209872
208683
208729
208766
210003
210203
210522
210001
209472
209112
208890
208783
208416
