604
747
910
1088
1306
1590
1916
2330
2832
3449
4198
5064
6137
7331
8821
10546
12614
15128
18148
21507
25423
30027
35451
41654
48863
57638
67588
78994
92114
107554
124849
144785
167692
193801
223569
257374
295739
339297
387416
442347
503525
573237
650201
737207
834457
941874
1060522
1192597
1336264
1494381
1667902
1859374
2070921
2300569
2553034
2825586
3123618
3445143
3795125
4171335
4576311
5012836
5481529
5979459
6507600
7071471
7676674
8308645
8977320
9684714
10429412
11213232
12029588
12890045
13797731
14752907
15750079
16780912
17844045
18939209
20059709
21208688
22387170
23609563
24863229
26154802
27479733
28838706
30203162
31589387
32984613
34380367
35787130
37201337
38598422
39990695
