624
766
950
1135
1377
1677
2022
2506
3052
3770
4549
5502
6602
7948
9446
11211
13328
15853
18992
22420
26449
31292
36847
43459
50862
59614
69611
80959
93959
109034
125803
145205
167427
193058
221701
253743
290479
332012
378587
430360
487805
551817
623380
702437
789839
887006
994768
1112982
1242122
1383741
1537305
1704913
1889477
2086445
2299597
2529749
2779014
3049643
3339188
3644136
3972800
4321995
4693033
5085099
5501145
5942717
6401733
6883801
7392495
7925589
8483330
9067481
9670316
10297520
10948323
11618627
12312513
13021906
13735323
14466264
15220757
15977903
16741175
17516502
18307487
19115264
19950460
20793488
21656159
22507889
23359454
24205767
25038197
25855566
26654719
27441803
