0
0
4
13
17
27
40
53
61
77
89
95
111
120
131
136
151
159
173
187
203
210
222
237
256
276
288
300
307
318
321
340
354
376
387
408
420
431
447
461
479
488
502
517
523
531
544
557
568
588
604
618
644
657
672
686
701
716
735
752
763
783
788
797
809
825
833
852
862
875
886
902
904
923
931
941
950
959
976
985
991
1003
1017
1029
1045
1063
1079
1091
1101
1107
1118
1124
1131
1142
1154
1164
1178
1190
1200
1217
1223
1238
1251
1252
1263
1271
1278
1286
1295
1304
1307
1316
1325
1337
1354
1362
1365
1375
1381
1394
1400
1407
1422
1434
1445
1452
1468
1479
1500
1502
1515
1519
1526
1533
1543
1550
1555
1564
1576
1585
1593
1597
1604
1616
1627
1640
1645
1648
1656
1666
1673
1680
1687
1698
1714
1725
1728
1745
1754
1761
1780
1779
1786
1788
1802
1807
1814
1825
1825
1830
1848
1853
1859
1865
1873
1877
1881
1898
1907
1918
1926
1928
1937
1952
1959
1968
1971
1976
1981
1992
1996
1998
2008
2013
2017
2027
2028
2034
2039
2036
2038
2046
2055
2059
2068
2081
2084
2089
2093
2096
2095
2094
2109
2114
2127
2128
2132
2141
2153
2163
2169
2183
2187
2203
2215
2226
2234
2244
2259
2267
2275
2292
2298
2300
2301
2303
2310
2318
2321
2326
2331
2338
2337
2347
2343
2337
2345
2334
2334
2339
2332
2337
2352
2358
2372
2375
2376
2372
2381
2382
2385
2389
2395
2397
2406
2414
2419
2432
2430
2435
2438
2437
2440
2453
2457
2460
2470
2475
2472
2477
2476
2481
2486
2491
2501
2503
2506
2511
2512
2528
2526
2528
2532
2535
2538
2542
2537
2538
2531
2534
2520
2520
2524
2518
2518
2522
2522
2526
2530
2528
2533
2535
2534
2531
2527
2525
2523
2521
2512
2509
2500
2489
2489
2487
2489
2476
2470
2459
2455
2455
2447
2442
2441
2438
2434
2430
2427
2423
2421
2409
2408
2403
2399
2398
2391
2381
2380
2367
2358
2346
2339
2333
2329
2320
2316
2309
2305
2294
2288
2281
2275
2271
2262
2254
2244
2235
2228
2225
2215
2209
2202
2194
2186
2178
2172
2164
2157
2154
2148
2139
2128
2122
2110
2105
2096
2088
2074
2067
2057
2051
2041
2032
2028
2018
2009
1999
1985
1979
1976
1967
1957
1954
1946
1936
1927
1921
1916
1905
1892
1888
1884
1876
1869
1865
1855
1846
1835
1826
1818
1804
1802
1797
1789
1783
1772
1764
1745
1735
1726
1722
1712
1706
1701
1696
1688
1680
1676
1667
1660
1652
1642
1637
1633
1623
1620
1612
1604
1602
1590
1582
1575
1564
1560
1552
1544
1534
1523
1519
1510
1505
1500
1497
1494
1486
1479
1476
1470
1463
1459
1451
1443
1436
1432
1428
1425
1418
1415
1408
1398
1392
1390
1385
1376
1370
1363
1354
1347
1341
1332
1329
1324
1322
1320
1316
1310
1299
1291
1285
1280
1274
1269
1265
1257
1254
1248
1241
1238
1234
1227
1225
1224
1219
1212
1209
1202
1196
1190
1184
1180
1174
1168
1167
1162
1159
1153
1150
1147
1144
1141
1139
1132
1126
1122
1116
1111
1103
1100
1098
1089
1086
1079
1076
1072
1063
1060
1058
1052
1048
1044
1040
1037
1033
1032
1027
1025
1019
1017
1011
1007
1004
999
995
991
989
986
984
981
979
976
973
970
967
963
954
949
947
943
939
934
932
929
928
919
916
911
906
904
901
898
892
884
877
872
868
866
864
863
861
858
856
