0
0
2
7
16
21
30
45
53
62
72
91
105
125
138
160
174
191
200
206
221
234
248
260
271
282
303
311
319
329
342
360
379
390
402
417
431
446
461
467
482
499
514
528
537
552
563
574
584
590
598
610
630
648
660
673
685
699
707
726
737
750
761
770
776
789
797
806
825
845
858
868
882
900
903
908
920
939
947
959
974
986
995
998
1003
1019
1031
1043
1050
1065
1074
1090
1102
1116
1126
1134
1149
1161
1170
1187
1194
1207
1214
1225
1232
1234
1249
1259
1273
1288
1294
1298
1302
1308
1309
1319
1344
1352
1355
1364
1371
1391
1406
1419
1426
1440
1448
1454
1463
1467
1475
1477
1481
1493
1510
1523
1539
1547
1556
1567
1577
1582
1598
1606
1618
1621
1623
1630
1635
1644
1652
1657
1659
1667
1669
1682
1692
1693
1696
1707
1718
1726
1732
1744
1751
1758
1765
1778
1776
1777
1774
1777
1791
1797
1810
1822
1832
1833
1840
1843
1857
1871
1881
1885
1894
1897
1897
1905
1918
1930
1937
1937
1941
1948
1955
1964
1971
1984
1989
1997
2000
2005
2006
2009
2017
2025
2034
2048
2054
2061
2067
2078
2081
2089
2100
2106
2114
2125
2130
2142
2151
2161
2164
2173
2177
2179
2182
2191
2192
2205
2210
2224
2228
2240
2242
2244
2249
2256
2272
2271
2279
2292
2301
2308
2314
2321
2327
2340
2341
2342
2347
2342
2355
2364
2379
2393
2394
2403
2414
2415
2423
2433
2437
2440
2443
2452
2449
2449
2447
2446
2448
2449
2446
2448
2450
2458
2468
2474
2470
2477
2479
2472
2475
2479
2484
2484
2481
2485
2492
2492
2498
2509
2511
2519
2524
2525
2525
2521
2516
2522
2525
2526
2530
2531
2541
2536
2542
2547
2551
2557
2552
2554
2553
2556
2551
2548
2551
2550
2550
2555
2559
2556
2559
2558
2554
2555
2556
2554
2548
2544
2550
2548
2553
2546
2543
2543
2536
2539
2540
2539
2539
2539
2537
2543
2534
2531
2523
2520
2513
2509
2502
2497
2492
2488
2480
2476
2474
2470
2465
2464
2450
2452
2454
2447
2438
2435
2420
2415
2406
2397
2389
2378
2371
2364
2361
2358
2346
2344
2336
2330
2320
2315
2306
2294
2284
2272
2262
2256
2246
2238
2230
2226
2219
2214
2208
2196
2190
2178
2175
2172
2169
2155
2142
2139
2132
2124
2116
2109
2104
2097
2085
2077
2069
2063
2054
2040
2034
2030
2019
2015
2010
2007
1999
1990
1979
1973
1966
1957
1950
1942
1937
1933
1924
1915
1910
1905
1900
1891
1885
1879
1869
1865
1861
1859
1849
1839
1827
1817
1808
1800
1792
1783
1777
1769
1762
1750
1744
1740
1732
1722
1717
1711
1703
1695
1689
1683
1675
1669
1657
1652
1647
1643
1636
1634
1626
1623
1618
1611
1605
1594
1588
1581
1575
1570
1565
1561
1553
1548
1542
1534
1526
1519
1511
1503
1499
1497
1490
1484
1481
1475
1471
1464
1459
1455
1446
1444
1438
1429
1425
1419
1415
1406
1401
1400
1392
1385
1381
1374
1367
1358
1350
1344
1341
1334
1328
1326
1321
1315
1307
1300
1294
1290
1285
1281
1277
1273
1270
1263
1260
1256
1252
1246
1242
1237
1233
1229
1225
1222
1218
1217
1216
1207
1204
1201
1198
1197
1195
1194
1191
1187
1180
1175
1168
1161
1155
1154
1151
1146
1139
1137
1135
1131
1127
1120
1118
1116
1112
1110
1106
1097
1091
1087
1083
1080
1074
1069
1063
1059
1053
1046
1041
1037
1037
1033
1026
1024
1016
1013
1007
1003
