0
1
2
8
23
32
40
50
60
76
88
101
111
125
136
143
160
175
189
212
226
250
258
269
283
301
316
330
346
356
371
382
390
404
421
438
447
458
474
482
503
523
533
543
561
574
584
598
609
627
636
648
659
672
684
693
707
728
749
766
779
793
802
813
815
829
837
853
868
878
890
901
914
932
937
942
955
962
977
995
999
1007
1021
1027
1042
1050
1062
1076
1085
1094
1107
1111
1116
1123
1133
1151
1154
1169
1178
1187
1195
1206
1221
1232
1239
1247
1254
1259
1274
1285
1291
1306
1312
1327
1344
1354
1352
1360
1376
1384
1392
1409
1414
1429
1443
1452
1459
1476
1488
1499
1505
1512
1518
1522
1525
1533
1540
1547
1550
1555
1564
1568
1578
1582
1591
1597
1610
1610
1611
1621
1628
1636
1643
1653
1671
1674
1681
1690
1689
1695
1696
1705
1704
1715
1725
1736
1739
1754
1757
1764
1771
1777
1783
1795
1806
1812
1817
1819
1821
1833
1837
1836
1842
1860
1871
1881
1881
1886
1889
1903
1916
1923
1936
1944
1939
1951
1949
1956
1957
1958
1966
1970
1968
1973
1978
1983
1997
2006
2019
2032
2037
2039
2047
2049
2053
2057
2062
2066
2063
2079
2089
2100
2108
2116
2113
2119
2123
2134
2136
2141
2156
2161
2175
2182
2184
2186
2195
2200
2205
2206
2219
2230
2240
2250
2249
2261
2270
2280
2296
2294
2305
2316
2318
2329
2333
2338
2345
2354
2355
2356
2358
2358
2361
2364
2368
2372
2377
2372
2374
2377
2383
2393
2403
2402
2404
2416
2414
2425
2434
2435
2437
2444
2453
2460
2471
2475
2486
2485
2482
2483
2487
2491
2491
2485
2489
2488
2495
2491
2499
2507
2512
2517
2509
2503
2498
2497
2497
2502
2510
2510
2509
2505
2502
2512
2512
2512
2510
2512
2512
2507
2505
2501
2496
2493
2490
2486
2486
2487
2486
2477
2476
2476
2475
2473
2474
2460
2465
2453
2447
2440
2431
2428
2421
2419
2407
2402
2402
2393
2392
2387
2371
2369
2361
2351
2346
2342
2337
2330
2324
2315
2312
2303
2297
2287
2282
2273
2267
2263
2256
2250
2241
2228
2218
2207
2200
2197
2190
2183
2175
2167
2164
2156
2152
2147
2138
2128
2117
2111
2096
2090
2077
2073
2069
2061
2055
2040
2033
2025
2017
2011
2000
1993
1987
1983
1972
1968
1961
1956
1946
1940
1936
1930
1925
1915
1909
1905
1890
1883
1871
1860
1851
1845
1838
1831
1823
1813
1805
1801
1794
1788
1782
1780
1771
1765
1756
1749
1741
1729
1727
1723
1720
1708
1707
1699
1692
1682
1676
1670
1666
1659
1653
1651
1646
1641
1633
1625
1618
1616
1606
1596
1591
1586
1581
1570
1562
1558
1555
1546
1540
1536
1535
1530
1528
1523
1519
1514
1510
1500
1490
1484
1478
1471
1463
1457
1451
1448
1439
1437
1427
1421
1409
1401
1396
1387
1380
1373
1367
1357
1352
1351
1338
1333
1328
1324
1312
1303
1298
1292
1288
1281
1276
1267
1259
1252
1248
1246
1242
1235
1231
1227
1220
1213
1210
1209
1203
1201
1196
1193
1185
1181
1175
1167
1162
1159
1154
1151
1146
1142
1137
1132
1125
1119
1115
1111
1107
1104
1096
1090
1086
1080
1074
1071
1065
1061
1059
1055
1049
1045
1039
1035
1028
1018
1015
1008
1004
1000
998
994
989
986
981
979
976
972
965
965
959
954
951
948
947
943
936
931
928
923
919
917
915
914
911
907
902
898
896
894
892
889
887
886
