3851
7595
11301
14805
17918
20947
23890
26677
29372
31840
34171
36373
38351
40289
42285
44039
45688
47142
48444
49822
51162
52334
53514
54702
55681
56458
57322
58077
58902
59509
60062
60624
61293
61749
62225
62591
63189
63425
63707
64001
64400
64438
64571
64826
64948
64885
64983
65106
65049
65035
65193
65224
65126
65033
65110
65031
64939
64915
64850
64901
64897
64824
64797
64599
64618
64482
64356
64168
64078
63914
63644
63512
63266
62973
62712
62517
62289
62093
61904
61878
61621
61462
61153
61020
60700
60494
60328
60197
59946
59803
59561
59433
59222
58957
58813
58711
58530
58190
57883
57683
57365
57228
57051
56739
56504
56254
56123
55942
55706
55451
55140
54930
54800
54605
54443
54223
53932
53758
53491
53206
52907
52739
52620
52231
51911
51729
51398
51104
50925
50673
50453
50218
50016
49873
49700
49439
49195
48940
48793
48627
48399
48299
48026
47876
47675
47494
47269
47046
46874
46650
46403
46244
46110
45886
45639
45482
45313
45065
44866
44728
44495
44213
43966
43770
43583
43457
43223
42990
42753
42658
42570
42348
42190
41993
41855
41603
41503
41405
41282
40966
40848
40638
40456
40332
40190
39941
39854
39634
39495
39315
39178
39035
38811
38623
38413
38249
38120
37812
37652
37571
37390
37239
37032
36764
36571
36419
36293
36257
36118
35779
35542
35382
35309
35107
35018
34820
34647
34490
34324
34136
33820
33674
33607
33421
33284
33063
32866
32694
32496
32311
32152
31848
31701
31581
31372
31139
30966
30824
30505
30296
29980
29741
29493
29281
29072
28759
28474
28268
28013
27772
27459
27306
26964
26712
26408
26167
25888
25608
25349
25135
24765
24479
24087
23712
23395
23027
22714
22368
21964
21540
21250
20945
20531
20152
19759
19353
18917
18575
18137
17750
17316
16861
16418
16021
15632
15303
14925
14528
14117
13733
13331
12855
12466
12120
11740
11336
10976
10669
10337
10055
9729
9482
9235
9000
8742
8541
8382
8177
7927
7701
7441
7242
7090
6981
6821
6648
6430
6243
6054
5791
5547
5329
5083
4839
4617
4422
4190
3930
3725
3508
3306
3154
3000
2846
2692
2559
2424
2290
2174
2059
1953
1849
1748
1655
1581
1511
1438
1363
1295
1234
1167
1109
1057
992
936
893
840
784
755
707
657
617
587
548
520
491
465
436
410
393
380
364
339
323
304
288
264
255
241
228
217
199
186
178
168
160
155
148
140
131
128
121
118
113
110
101
94
88
85
71
68
67
63
61
59
56
53
49
47
46
44
44
42
40
39
37
36
34
32
32
29
26
24
22
18
18
18
18
17
16
14
13
11
10
10
9
9
8
7
7
7
6
6
6
5
5
4
4
4
4
2
2
2
2
2
2
2
2
2
2
2
2
2
2
2
2
2
2
2
2
2
2
2
2
2
2
2
2
2
2
2
2
2
2
2
2
2
2
2
2
2
2
2
2
1
1
1
1
1
1
1
1
1
1
1
1
1
1
1
1
1
1
1
1
1
1
1
1
1
1
1
1
1
1
1
0
0
0
0
0
0
0
0
0
0
0
0
0
0
0
0
0
0
0
0
0
0
0
0
0
0
0
0
0
0
0
0
0
0
0
0
0
0
0
0
0
0
0
0
0
0
0
0
0
0
0
0
0
0
0
0
0
0
0
0
0
0
0
0
0
0
0
0
0
0
0
0
0
0
0
