3978
7885
11472
14853
18147
21066
24077
26884
29412
31954
34252
36357
38401
40311
42157
43945
45598
47370
48677
50001
51334
52526
53622
54668
55751
56664
57544
58242
58909
59551
60267
60737
61302
61809
62345
62744
63039
63504
63897
64236
64552
64629
64767
64947
65085
65200
65339
65390
65243
65108
65109
65047
65088
65075
65203
65326
65208
65057
65041
65065
64852
64801
64674
64518
64272
64132
64090
63924
63810
63828
63687
63429
63178
62976
62746
62531
62405
62095
61926
61708
61507
61219
61031
60768
60613
60494
60404
60124
59877
59691
59587
59286
59113
58844
58618
58452
58003
57762
57609
57257
56951
56761
56542
56355
56203
56070
55793
55647
55380
55158
54990
54811
54431
54183
54110
53915
53818
53633
53559
53348
53238
52919
52635
52390
52126
51989
51660
51408
51147
50877
50561
50389
50163
49966
49795
49688
49435
49134
49005
48884
48698
48398
48309
48010
47750
47570
47331
47166
46982
46723
46487
46311
46132
45952
45716
45662
45402
45162
45048
44820
44653
44412
44378
44103
43913
43720
43607
43359
43163
43004
42784
42532
42381
42345
41985
41713
41490
41289
41021
40818
40679
40437
40209
40088
39858
39577
39380
39172
39095
39037
38879
38724
38631
38415
38308
38136
38023
37816
37696
37540
37344
37168
37001
36849
36653
36321
36064
35892
35729
35562
35358
35119
34935
34615
34425
34221
34023
33764
33572
33258
33013
32876
32567
32348
32068
31844
31576
31286
31105
30851
30635
30332
30091
29830
29568
29293
28937
28680
28280
27990
27645
27289
26873
26431
25999
25469
24979
24580
24154
23703
23174
22763
22350
21916
21544
21140
20798
20312
19857
19401
18888
18360
17790
17302
16756
16329
15911
15575
15204
14824
14461
14155
13776
13448
13000
12600
12173
11723
11186
10692
10172
9618
9167
8747
8322
7952
7526
7154
6773
6447
6104
5782
5487
5204
4916
4681
4424
4195
3978
3775
3588
3367
3192
3031
2872
2731
2577
2448
2310
2193
2065
1973
1854
1763
1672
1580
1509
1430
1342
1271
1203
1150
1083
1037
968
920
867
815
777
737
702
667
627
605
572
543
524
490
460
438
411
389
364
349
335
317
301
290
278
260
245
226
214
204
199
188
174
166
161
158
151
143
135
131
126
124
119
109
104
99
95
91
86
83
74
70
68
63
60
57
52
52
50
48
44
43
43
41
39
38
33
30
28
27
25
25
25
25
25
24
23
23
20
19
19
19
19
18
18
17
17
16
14
13
12
11
11
9
9
8
8
8
8
8
8
7
6
6
6
6
5
5
5
5
5
5
5
5
5
5
4
4
4
4
4
4
4
4
4
4
4
4
4
4
4
3
3
3
3
3
3
3
3
3
3
2
2
2
2
2
2
2
2
2
2
2
2
2
2
2
2
2
2
2
2
2
2
2
2
2
2
1
1
1
1
1
1
0
0
0
0
0
0
0
0
0
0
0
0
0
0
0
0
0
0
0
0
0
0
0
0
0
0
0
0
0
0
0
0
0
0
0
0
0
0
0
0
0
0
0
0
0
0
0
0
0
0
0
0
0
0
0
0
0
0
0
0
0
0
0
0
0
0
0
0
0
0
0
0
0
0
0
0
0
0
0
0
0
0
0
0
0
0
0
0
0
0
0
0
0
0
0
0
0
0
0
0
0
0
0
