13231
20265
20699
18000
14365
11756
9962
8768
7809
7257
6643
6213
5954
5482
5348
5089
4876
4696
4650
4384
4217
4260
4244
4080
4062
3923
3935
3874
3689
3756
3652
3525
3598
3604
3728
3597
3583
3471
3556
3465
3359
3359
3495
3555
3467
3451
3418
3455
3504
3336
3327
3424
3402
3377
3453
3417
3305
3359
3395
3374
3360
3503
3311
3361
3464
3405
3422
3458
3470
3536
3369
3369
3418
3483
3510
3660
3523
3494
3670
3617
3622
3611
3627
3717
3657
3770
3682
3798
3672
3794
3783
3734
3722
3839
3799
3821
3865
3866
3799
3821
3849
3901
3851
3871
3922
3947
3881
3897
3927
3955
4016
4031
3946
4156
4120
4066
4009
4064
4042
4053
4140
4162
4160
4227
4154
4203
4227
4188
4311
4368
4451
4357
4335
4258
4445
4362
4477
4401
4527
4531
4577
4529
4517
4661
4664
4601
4702
4582
4656
4661
4746
4676
4755
4812
4760
4658
4801
4870
4850
4866
5048
4979
4928
5037
5005
5002
5068
4980
5151
5221
5028
5034
5115
5148
5272
5245
5362
5180
5321
5412
5442
5315
5429
5339
5461
5652
5503
5485
5615
5730
5762
5726
5580
5714
5704
5678
5772
5780
5731
5684
5812
5857
5921
5979
6012
5997
5898
6099
6095
6173
6209
6298
6425
6317
6454
6415
6582
6497
6581
6632
6777
6542
6832
6869
6957
6944
7177
7158
7108
7247
7212
7364
7244
7456
7449
7573
7855
7907
7856
7956
8081
8271
8487
8574
8605
8808
8998
9338
9403
9505
9702
9927
10496
10739
10706
10919
11418
11764
11999
12440
12722
12949
13426
14017
14595
15335
16088
16658
17539
18345
18965
19881
20777
21460
22639
23712
24753
25611
26899
28248
29186
30343
31689
33055
34573
36075
37430
39009
40546
42338
44105
45953
47877
49694
51610
53642
55746
58037
60128
62139
64367
66490
68731
70995
73260
75479
77785
80088
82614
84923
87316
89926
92693
95312
98045
100680
103287
105913
108628
111266
113885
116707
119465
122581
125477
128354
131127
134076
136854
139801
142520
145409
148147
150869
153449
156256
159006
161700
164402
166846
169213
171601
173988
176257
178436
180483
182696
184815
186762
188654
190600
192696
194673
196568
198368
200210
201805
203459
205059
206723
208251
209647
211090
212538
213887
215187
216488
217761
218982
220174
221358
222438
223406
224359
225231
226152
226918
227743
228578
229314
230123
230994
231745
232475
233278
233949
234620
235309
235968
236595
237223
237832
238410
238976
239488
240054
240571
241042
241488
241930
242318
242678
243056
243422
243791
244165
244479
244778
245069
245340
245590
245830
246065
246266
246474
246675
246867
247045
247215
247379
247536
247676
247820
247957
248074
248194
248316
248402
248503
248590
248691
248780
248861
248919
248992
249049
249101
249149
249197
249244
249303
249337
249370
249407
249436
249476
249511
249543
249570
249586
249599
249621
249643
249666
249684
249700
249717
249729
249747
249761
249776
249795
249806
249816
249829
249843
249855
249866
249870
249879
249890
249893
249897
249907
249911
249917
249921
249927
249928
249931
249933
249937
249941
249947
249950
249954
249957
249959
249959
249959
249960
249963
249965
249965
249966
249968
249970
249970
249972
249973
249973
249975
249978
249979
249982
249982
249982
249982
249983
249985
249985
249985
249986
249986
249988
249990
249991
249991
249991
249992
249992
249992
249993
249993
249993
249993
249994
249994
249995
249995
249995
249996
249997
249997
249998
249998
249999
249999
249999
249999
249999
249999
249999
249999
249999
249999
249999
249999
249999
249999
249999
249999
249999
250000
250000
250000
250000
250000
250000
250000
250000
250000
250000
250000
250000
250000
250000
250000
250000
250000
250000
250000
250000
250000
250000
250000
250000
250000
250000
250000
250000
250000
250000
250000
250000
250000
250000
250000
250000
250000
250000
250000
250000
250000
250000
250000
250000
250000
250000
250000
