13421
20561
20632
17607
14330
11933
9956
8788
7697
7072
6723
6278
5924
5495
5238
5011
4778
4739
4640
4450
4349
4199
4112
4065
3977
3949
3877
3741
3698
3666
3673
3640
3529
3598
3577
3626
3534
3409
3458
3484
3385
3479
3379
3415
3357
3348
3389
3450
3333
3410
3380
3344
3316
3358
3320
3419
3396
3429
3421
3362
3373
3529
3351
3406
3510
3338
3508
3379
3436
3560
3456
3402
3476
3505
3491
3451
3509
3505
3514
3524
3534
3476
3716
3505
3639
3655
3715
3586
3673
3604
3732
3876
3844
3746
3793
3751
3797
3841
3837
3714
3808
4019
3923
3884
3872
3861
3931
3919
4064
3918
4058
4145
3976
4045
4030
4045
4119
3930
4126
3992
4248
4082
4218
4195
4165
4161
4290
4160
4236
4249
4303
4404
4310
4312
4415
4425
4403
4484
4464
4377
4553
4503
4503
4625
4568
4654
4679
4585
4635
4730
4770
4827
4771
4699
4706
4768
4779
4645
4835
4848
4778
4917
5083
5033
5008
4799
4920
4931
5118
5112
5112
4947
5217
5142
5212
5220
5344
5355
5296
5384
5385
5416
5257
5414
5334
5520
5477
5744
5648
5640
5662
5633
5658
5845
5708
5737
5844
5816
5710
5868
5840
5929
5719
5994
5871
6049
6058
6056
6120
6157
6170
6172
6245
6090
6276
6265
6361
6307
6352
6434
6451
6554
6512
6698
6730
6686
6703
6624
6773
6793
6823
6935
7001
7109
6959
7028
7180
7168
7167
7377
7386
7348
7434
7576
7774
7721
7835
7873
8111
8095
8306
8287
8491
8517
8656
8968
9159
9148
9336
9469
9737
9975
10206
10315
10656
11069
11303
11610
11896
12255
12760
12858
13438
14049
14456
14695
15180
15496
15979
16641
17133
17585
18220
18968
19700
20683
21682
22328
23243
23934
24781
25837
26924
27950
28992
30259
31873
33115
34573
36064
37817
39548
41278
42496
44198
46209
48243
50230
51957
54110
56132
58322
60514
62776
64925
67186
69482
71664
73846
75885
78295
80647
83214
85673
87860
90388
92746
95373
97956
100839
103591
106186
108962
111442
114152
116944
119747
122358
124997
127614
130349
133183
136050
138999
141652
144306
146663
149161
151549
154114
156550
158998
161385
163831
166296
168691
171018
173286
175451
177622
179851
181897
183904
185749
187526
189388
191185
192984
194773
196458
198097
199814
201315
202875
204387
205876
207385
208869
210323
211656
213019
214320
215515
216750
217922
219172
220312
221413
222532
223592
224647
225616
226542
227400
228305
229114
229997
230848
231543
232225
232942
233558
234192
234763
235326
235875
236427
236939
237420
237847
238287
238724
239096
239472
239883
240272
240698
241041
241473
241786
242173
242527
242835
243151
243422
243682
243917
244141
244352
244573
244829
245038
245222
245439
245648
245852
246048
246216
246410
246609
246796
246969
247119
247269
247402
247577
247725
247844
247963
248057
248166
248269
248350
248449
248542
248604
248680
248751
248803
248873
248921
248955
249000
249043
249088
249115
249154
249187
249216
249245
249270
249306
249332
249360
249386
249393
249405
249422
249459
249487
249515
249544
249575
249604
249623
249643
249665
249689
249707
249724
249740
249764
249776
249788
249800
249811
249818
249826
249838
249849
249861
249867
249872
249879
249883
249886
249894
249899
249903
249906
249911
249911
249916
249919
249923
249932
249934
249939
249943
249948
249952
249953
249957
249957
249957
249959
249963
249968
249970
249970
249973
249976
249977
249981
249983
249984
249985
249985
249986
249987
249989
249991
249991
249993
249994
249995
249995
249995
249995
249995
249995
249995
249996
249997
249997
249997
249997
249997
249997
249997
249997
249997
249997
249997
249997
249997
249997
249998
249998
249998
249998
249998
249998
249998
249998
249998
249998
249998
249998
249998
249998
249998
249998
249998
249998
249998
249998
249998
249999
249999
249999
249999
249999
249999
249999
249999
249999
249999
249999
249999
