1178
7405
18156
30027
40500
48550
54434
58729
61928
64321
66246
68034
69297
70048
70982
71402
71729
72035
72596
72805
73153
73549
73381
73521
73607
73908
73892
73842
73927
74063
74094
74078
74140
73997
74434
74389
74297
74511
74602
74465
74221
74284
74090
73967
74067
74329
74391
74411
74251
74096
74100
73975
74128
73920
73770
73539
73550
73643
73659
73803
73647
73820
73909
74106
74275
74132
74086
74194
73998
73939
73875
73662
73697
73826
73902
73775
73788
73988
73753
73984
73773
73867
73962
73895
74114
74063
74019
74077
74188
73966
73835
73794
73737
73614
73649
73982
73858
74017
74007
74042
73821
73877
73794
73801
73820
73657
73668
73466
73537
73225
73348
73135
73134
73364
73691
73655
73779
73671
73862
74028
73901
74014
73768
73805
73655
73885
73809
73674
73500
73560
73379
73452
73767
73714
73770
73880
73880
73826
73633
73725
73726
73602
73480
73158
72947
73003
72850
72633
72657
72684
72999
72724
73000
73148
73249
73112
72997
73262
73263
72922
73111
73160
73167
73256
73282
73547
73161
73058
73332
73550
73779
73876
73709
73837
73787
73859
73509
73423
73280
73292
73257
73156
73318
73197
73100
73299
73233
73062
73062
73089
72987
73140
73366
73133
73008
73100
73096
73072
73212
73319
73371
73520
73551
73525
73496
73312
73404
73357
73579
73821
73748
73430
73150
73217
72930
72870
73022
72839
72897
72803
72657
72635
72698
73040
72996
72564
72868
72947
72867
72822
72982
72947
73047
73079
73172
73153
73037
72996
72939
73083
72885
72771
72890
72796
72731
72449
72839
72535
72595
72509
72645
72504
72606
72612
72644
72313
72396
72351
72384
72312
72264
72462
72055
72372
72359
72241
72366
72243
72205
72160
72239
71991
72302
72223
72048
71967
71776
71471
71678
71612
71672
71716
71763
71565
71464
71337
71167
71119
71103
70924
70808
70726
70680
70764
71099
71138
70879
70623
70690
70611
70510
70719
70470
70484
70404
70388
70183
70004
69985
69549
69515
69464
69337
69287
69104
68803
68757
68565
68232
68350
68053
67713
67676
67592
67490
67341
66957
66875
66634
66135
65709
65121
64659
64203
64074
63599
63175
63228
62796
62616
62091
61730
61044
60308
59675
59166
58281
57457
56716
55882
55035
54249
53442
52490
51386
50403
49787
48935
48143
47392
46707
45912
45165
44025
43189
42122
40993
40463
39474
38823
37697
36552
35670
34712
33786
32940
32058
31187
30352
29355
28351
27666
26851
26000
25078
24376
23454
22523
21734
21130
20362
19603
18960
18232
17533
16965
16266
15698
15090
14543
14118
13574
13034
12430
11857
11289
10836
10276
9913
9528
9076
8660
8234
7718
7283
6939
6598
6273
5944
5703
5442
5109
4845
4651
4424
4256
4086
3897
3678
3428
3171
2999
2862
2737
2605
2432
2334
2266
2152
2069
1972
1889
1758
1647
1556
1412
1346
1301
1273
1215
1159
1118
1049
992
976
917
886
882
865
856
797
726
693
650
637
620
592
556
513
492
480
454
446
436
395
384
367
350
328
310
272
252
237
214
218
182
165
143
136
124
122
122
109
101
94
98
90
96
94
85
87
84
84
79
83
86
81
87
89
93
89
91
93
89
85
89
88
86
89
88
91
84
86
60
47
40
33
29
23
20
18
15
10
9
8
7
7
7
5
5
3
2
1
1
0
0
0
0
0
0
0
0
0
0
0
0
0
0
0
0
0
0
0
0
0
0
0
0
0
0
0
0
0
0
0
0
0
0
0
0
0
0
0
0
0
0
0
0
0
0
0
0
0
0
0
0
0
0
0
0
