0
0
0
0
0
0
0
0
0
0
0
0
0
0
0
0
0
0
0
0
0
0
0
0
1
1
3
3
3
3
3
4
3
3
3
5
7
7
8
9
10
13
14
14
15
14
17
17
17
18
20
20
21
21
22
22
23
23
24
24
24
23
20
21
22
22
22
22
22
23
23
25
26
26
26
26
25
26
27
29
30
29
28
28
28
29
29
30
29
29
29
29
31
32
34
35
35
36
37
38
38
42
41
40
42
44
42
41
39
36
37
40
41
40
40
40
41
44
45
47
47
48
47
50
51
53
54
54
55
54
55
57
56
58
59
59
57
61
62
60
59
57
60
63
64
64
65
63
65
61
62
64
64
64
65
65
63
63
64
62
65
65
67
67
67
68
68
69
69
69
68
70
70
70
72
72
72
72
72
72
73
73
73
73
75
75
75
74
75
71
71
69
70
68
68
67
67
65
65
66
68
68
69
69
68
67
67
66
68
71
73
73
72
70
70
69
68
67
67
67
68
67
66
67
65
65
66
66
66
66
65
65
64
65
66
69
68
69
70
69
71
72
70
69
70
70
68
70
74
73
74
73
73
69
70
69
69
68
68
68
69
70
68
71
76
75
79
79
79
80
80
78
78
79
81
82
81
82
83
80
81
82
85
83
83
81
83
83
81
81
79
78
76
76
74
71
68
69
72
75
75
75
74
73
70
69
69
64
63
63
61
60
59
59
58
59
57
57
55
52
52
51
51
52
50
49
50
51
51
50
48
48
47
46
45
44
44
43
43
42
42
40
36
37
35
35
35
35
37
37
35
34
34
34
33
33
33
33
31
32
32
31
30
30
30
30
30
30
30
30
30
30
28
27
26
23
22
22
22
20
20
21
21
19
17
16
15
15
14
13
13
13
13
13
13
12
12
10
9
9
9
8
7
7
7
7
7
7
7
7
7
7
7
6
6
6
6
6
6
6
6
6
6
6
6
6
7
7
6
5
5
5
5
4
4
4
4
4
4
3
3
3
3
3
3
3
3
3
3
2
2
2
2
2
2
2
2
2
2
2
2
2
2
2
2
2
2
2
2
2
2
2
2
2
2
2
2
2
2
2
2
2
2
2
2
2
2
2
2
2
2
2
2
2
2
2
2
2
2
2
2
2
2
2
2
2
2
2
2
2
2
2
2
2
2
2
2
2
2
1
1
1
1
1
1
1
1
1
1
1
1
1
1
1
1
1
1
1
1
1
1
1
1
1
1
1
1
1
1
1
1
1
1
1
1
1
1
1
1
1
1
1
1
1
1
1
1
1
1
1
1
1
1
0
0
0
0
0
0
0
0
0
0
0
0
0
0
0
0
0
0
0
0
0
0
0
0
0
0
0
