559
627
689
749
828
915
1006
1113
1215
1324
1452
1599
1753
1926
2105
2286
2513
2738
2996
3222
3536
3811
4096
4415
4720
5099
5408
5788
6202
6620
7091
7605
8066
8511
9008
9459
9924
10504
11063
11570
12218
12846
13431
14025
14561
15108
15740
16249
16909
17541
18105
18688
19363
19918
20543
21121
21690
22250
22787
23354
23817
24367
24967
25431
26018
26399
26838
27367
27871
28241
28588
28938
29297
29624
29877
30232
30558
30770
31192
31403
31542
31704
31925
32026
32020
32089
32017
32070
32117
32176
31953
31915
31818
31764
31549
31507
31463
31327
31166
31023
30767
30332
29999
29604
29307
28990
28664
28340
27895
27413
26853
26348
25865
25406
24948
24362
23776
23202
22581
22169
21508
20973
20476
20077
19499
19097
18729
18199
17844
17341
16906
16515
15958
15518
15054
14597
14176
13717
13282
12751
12357
11877
11446
11126
10698
10360
10023
9582
9266
8933
8550
8211
7964
7611
7297
6955
6655
6297
5997
5682
5377
5140
4888
4579
4380
4234
4026
3782
3609
3459
3300
3186
3080
2978
2812
2729
2609
2472
2371
2284
2174
2094
1979
1919
1846
1793
1700
1619
1585
1535
1456
1376
1274
1170
1126
1067
1013
929
897
857
809
754
729
706
656
605
581
552
525
488
454
417
392
361
338
317
289
276
261
245
244
228
220
203
201
189
173
166
156
144
129
125
120
113
106
98
99
95
84
73
67
59
54
51
48
44
38
33
33
29
23
23
22
21
17
18
16
13
13
11
8
7
5
5
2
2
2
2
1
1
2
2
2
1
1
0
0
0
0
0
0
0
0
0
0
0
0
0
0
0
0
0
0
0
0
0
0
0
0
0
0
0
0
0
0
0
0
0
0
0
0
0
0
0
0
0
0
0
0
0
0
0
0
0
0
0
0
0
0
0
0
0
0
0
0
0
0
0
0
0
0
0
0
0
0
0
0
0
0
0
0
0
0
0
0
0
0
0
0
0
0
0
0
0
0
0
0
0
0
0
0
0
0
0
0
0
0
0
0
0
0
0
0
0
0
0
0
0
0
0
0
0
0
0
0
0
0
0
0
0
0
0
0
0
0
0
0
0
0
0
0
0
0
0
0
0
0
0
0
0
0
0
0
0
0
0
0
0
0
0
0
0
0
0
0
0
0
0
0
0
0
0
0
0
0
0
0
0
0
0
0
0
0
0
0
0
0
0
0
0
0
0
0
0
0
0
0
0
0
0
0
0
0
0
0
0
0
0
0
0
0
0
0
0
0
0
0
0
0
0
0
0
0
0
0
0
0
0
0
0
0
0
0
0
0
0
0
0
0
0
0
0
0
0
0
0
0
0
0
0
0
0
0
0
0
0
0
0
0
0
0
0
0
0
0
0
0
0
0
0
0
0
0
0
0
0
0
0
0
0
0
0
0
0
0
0
0
0
0
0
0
0
0
0
0
0
0
0
0
0
0
0
0
0
0
0
0
0
0
0
0
0
0
0
0
0
0
0
0
0
0
0
0
0
0
0
0
0
0
0
