555
618
695
780
859
958
1046
1161
1262
1384
1517
1663
1809
1989
2167
2389
2588
2810
3040
3280
3564
3850
4172
4471
4815
5178
5575
5962
6324
6772
7208
7661
8141
8583
9123
9619
10122
10622
11175
11697
12291
12914
13515
14207
14790
15445
16037
16595
17194
17761
18460
19060
19699
20376
20956
21552
22033
22577
23127
23617
24216
24683
25099
25447
25913
26250
26571
26899
27303
27536
27813
28267
28600
28809
29132
29408
29648
29767
29863
30081
30295
30378
30463
30481
30438
30360
30359
30309
30395
30324
30258
30143
30018
29942
29833
29749
29527
29266
29241
29123
28977
28788
28659
28326
28026
27675
27238
26905
26560
26171
25639
25102
24611
24094
23603
23181
22749
22263
21832
21399
20919
20370
19849
19370
18908
18535
17999
17580
17215
16785
16362
15918
15546
15204
14741
14213
13917
13559
13145
12747
12399
12130
11795
11518
11134
10777
10480
10220
9900
9627
9418
9186
8887
8660
8366
8090
7825
7558
7328
7024
6762
6505
6247
6082
5892
5588
5407
5153
5017
4834
4632
4448
4229
4008
3821
3646
3518
3370
3253
3149
2982
2870
2754
2660
2540
2423
2296
2186
2069
1965
1873
1812
1749
1629
1567
1486
1443
1370
1308
1249
1169
1102
1022
982
936
899
846
810
779
748
708
680
643
605
572
552
528
509
492
446
426
397
368
335
314
296
285
264
248
245
238
222
217
195
189
177
168
154
143
128
131
123
122
111
104
91
85
83
80
84
84
76
77
73
67
66
63
61
56
53
53
48
45
43
41
39
41
37
34
35
29
28
27
29
25
22
19
18
17
14
13
14
14
14
13
11
9
9
8
5
4
3
4
4
4
4
4
2
3
3
4
5
6
8
8
7
8
8
8
9
11
10
9
9
8
4
5
5
5
4
6
7
7
6
6
5
4
4
3
4
3
2
3
3
3
4
4
4
5
4
4
5
2
2
2
1
1
1
1
0
0
0
0
0
0
0
0
0
0
0
0
0
0
0
0
0
0
0
0
0
0
0
0
0
0
0
0
0
0
0
0
0
0
0
0
0
0
0
0
0
0
0
0
0
0
0
0
0
0
0
0
0
0
0
0
0
0
0
0
0
0
0
0
0
0
0
0
0
0
0
0
0
0
0
0
0
0
0
0
0
0
0
0
0
0
0
0
0
0
0
0
0
0
0
0
0
0
0
0
0
0
0
0
0
0
0
0
0
0
0
0
0
0
0
0
0
0
0
0
0
0
0
0
0
0
0
0
0
0
0
0
0
0
0
0
0
0
0
0
0
0
0
0
0
0
0
0
0
0
0
0
0
0
0
0
0
0
0
0
0
0
0
0
0
0
0
0
0
0
0
0
0
0
0
0
0
0
0
0
0
0
0
0
0
0
0
0
0
0
0
0
0
0
0
0
0
0
0
0
0
0
0
0
0
0
0
0
0
0
0
0
0
0
0
0
0
0
0
0
0
0
0
0
0
0
0
0
0
0
0
0
0
0
0
0
0
0
0
0
0
0
0
0
0
0
0
0
0
0
0
