1000000
958366
918027
879670
842431
806806
772886
740604
709393
679248
650459
623243
596669
571343
547411
524446
502503
481333
461063
442213
424016
406428
389728
373883
358778
344321
330585
317540
304934
293000
281851
271126
260925
251240
241847
233090
224875
216966
209515
202443
195742
189358
183048
177206
171620
166451
161529
156761
152118
147707
143427
139583
136075
132622
129511
126806
124244
121914
119460
117149
114887
112933
111051
109226
107135
105128
103345
101766
100150
98712
97353
96067
94780
93604
92326
90998
89709
88469
87175
85919
84726
83576
82374
81210
80180
79309
78587
77918
77347
76910
76367
75807
75372
75035
74715
74395
73998
73673
73476
73319
73150
73044
72908
72754
72568
72399
72254
72099
71906
71700
71376
71053
70789
70586
70298
70065
69965
69887
69716
69584
69376
69161
68939
68846
68709
68583
68481
68403
68366
68314
68369
68452
68545
68641
68744
68833
68924
68965
69135
69362
69570
69797
70033
70223
70448
70660
70927
71155
71380
71607
71825
72066
72246
72498
72719
72939
73163
73409
73624
73852
74079
74326
74556
74797
75002
75224
75469
75695
75917
76145
76392
76628
76906
77120
77336
77573
77823
78033
78271
78479
78691
78912
79149
79383
79610
79851
80089
80311
80571
80810
81058
81274
81540
81787
82017
82234
82452
82679
82898
83131
83341
83570
83793
83991
84229
84473
84707
84916
85134
85360
85578
85842
86078
86307
86521
86733
86988
87198
87412
87665
87894
88120
88353
88574
88810
89019
89234
89456
89699
89937
90165
90407
90645
90869
91097
91327
91557
91808
92041
92281
92507
92713
92927
93141
93355
93577
93815
94028
94242
94469
94682
94917
95145
95387
95622
95847
96099
96316
96544
96749
97009
97255
97475
97689
97906
98123
98332
98570
98803
99027
99238
99463
99660
99878
100120
100338
100575
100787
101037
101268
101460
101692
101911
102152
102363
102603
102812
103019
103244
103476
103694
103934
104133
104361
104567
104786
105015
105212
105460
105670
105896
106128
106342
106537
106756
106963
107169
107395
107604
107826
108059
108258
108463
108666
108886
109097
109292
109514
109762
110000
110226
110451
110687
110904
111161
111377
111598
111813
112032
112233
112456
112698
112892
113114
113353
113574
113791
114015
114251
114465
114665
114878
115111
115343
115546
115755
115960
116187
116395
116609
116822
117081
117284
117510
117723
117956
118143
118370
118608
118836
119049
119269
119496
119716
119951
120177
120388
120598
120802
121008
121203
121435
121640
121857
122101
122320
122529
122732
122962
123188
123396
123618
123840
124069
124297
124522
124742
124962
125186
125401
125633
125859
126085
126312
126508
126735
126937
127158
127390
127597
127801
128027
128243
128474
128711
128945
129158
129371
129578
129790
130000
130200
130391
130598
130830
131057
131280
131497
131703
131923
132145
132328
132539
132757
132969
133213
133416
133635
133845
134067
134275
134500
134734
134946
135166
135396
135594
135820
136061
136267
136501
136713
136946
137167
137378
137595
137813
138015
138254
138479
138697
138931
139139
139378
139588
139771
139978
140189
140410
140594
140817
141058
141277
141497
141718
141935
142140
142353
142582
142798
143027
143235
143452
143687
143884
144086
144291
144523
144740
144950
145182
145393
145602
145832
146015
146216
146419
146653
146861
147064
147277
147489
147681
147891
148111
148343
148548
148785
148995
149224
149433
149637
149846
150055
150262
150443
150640
150852
151060
151283
151495
151721
151911
152117
152345
152583
152800
153019
153241
153468
153656
153899
154117
154337
154528
154747
154972
155180
155394
155588
155770
155999
156202
156406
156652
156842
157057
157276
157506
157739
157973
158195
158425
158630
158869
159099
159306
159507
159733
159944
160162
160357
160576
160778
160961
161201
161416
161617
161841
162061
162254
162463
162651
162881
163089
163294
163482
163710
163933
164150
164374
164589
164788
164997
165217
165438
165663
165855
166057
166276
166497
166718
166918
167124
167324
167518
167737
167918
168124
168356
168553
168746
168964
169155
169365
169572
169820
170037
170255
170444
170644
