1000000
958685
918603
880247
843376
807812
773507
740957
709648
679458
650502
623577
597375
572012
547840
524868
502913
481808
461545
442282
424004
406411
389748
373769
358500
344041
330358
316918
304444
292483
280961
270248
259836
250156
241069
232410
224079
216277
208910
201862
195303
189299
183669
178373
173479
168727
164331
159970
155725
152117
149023
146061
143091
140414
137811
135044
132482
129974
127537
125209
122746
120408
117999
115708
113341
110927
108604
106481
104316
102297
100456
98608
96806
95030
93167
91266
89488
87699
85936
84266
82625
81138
79755
78395
77040
75884
74713
73492
72405
71366
70350
69388
68515
67561
66683
65788
64984
64275
63543
62912
62271
61753
61237
60629
59940
59264
58580
57860
57313
56729
56055
55457
54924
54353
53749
53145
52684
52191
51754
51346
51004
50810
50618
50479
50288
50092
50006
49900
49781
49658
49429
49183
48986
48801
48726
48650
48621
48568
48524
48445
48381
48314
48239
48129
48030
47923
47779
47608
47342
47047
46736
46478
46179
45893
45555
45223
44846
44581
44333
44144
43954
43698
43471
43269
42927
42659
42442
42178
41829
41545
41193
40834
40578
40341
40047
39760
39509
39229
38892
38555
38211
37925
37657
37457
37281
37117
36966
36749
36522
36289
36082
35913
35751
35554
35390
35197
34984
34815
34583
34344
34114
33865
33636
33365
33059
32660
32315
31929
31532
31133
30701
30357
29958
29558
29162
28729
28376
28073
27770
27577
27427
27351
27296
27202
27074
26911
26791
26646
26484
26385
26286
26183
26082
26048
26001
25977
25906
25817
25730
25659
25639
25589
25529
25451
25383
25292
25193
25111
25081
25027
25021
25021
25005
25011
25027
25051
25057
25069
25025
24934
24868
24818
24754
24712
24686
24730
24764
24705
24650
24617
24604
24594
24588
24566
24570
24526
24513
24528
24533
24508
24547
24585
24576
24536
24552
24523
24453
24406
24312
24240
24086
24010
23840
23668
23508
23416
23220
23081
22851
22611
22456
22298
22100
21968
21844
21701
21497
21356
21220
21072
20981
20878
20760
20657
20544
20432
20336
20265
20107
20011
19893
19793
19705
19621
19613
19576
19585
19598
19627
19661
19710
19799
19911
20033
20109
20220
20361
20543
20671
20818
20939
21039
21149
21283
21456
21649
21828
21983
22196
22379
22517
22651
22771
22939
23079
23227
23378
23490
23651
23793
23970
24069
24192
24296
24411
24527
24660
24782
24855
24886
24911
24908
24920
24851
24686
24584
24515
24455
24423
24365
24267
24144
24066
23985
23951
23933
23958
23956
23920
23913
23896
23893
23906
23929
23940
23943
23931
24007
24047
24142
24193
24242
24220
24208
24211
24244
24247
24243
24266
24303
24332
24375
24386
24416
24454
24467
24498
24524
24625
24758
24856
24988
25170
25326
25494
25670
25852
26051
26245
26490
26706
26918
27110
27334
27529
27750
28026
28253
28500
28789
29018
29263
29522
29779
30028
30272
30527
30773
30990
31241
31485
31737
31971
32223
32458
32703
32944
33170
33387
33641
33919
34144
34357
34616
34836
35089
35329
35560
35824
36069
36321
36580
36820
37048
37289
37545
37801
38015
38254
38525
38772
39026
39244
39476
39714
39950
40210
40455
40704
40933
41189
41396
41645
41877
42117
42368
42602
42839
43071
43329
43583
43799
44021
44230
44447
44678
44940
45213
45448
45688
45938
46198
46434
46644
46915
47149
47414
47649
47879
48129
48351
48573
48802
49074
49316
49538
49772
50009
50253
50489
50716
50978
51224
51467
51712
51943
52181
52441
52672
52915
53140
53355
53602
53860
54080
54305
54547
54793
55059
55307
55537
55776
56014
56246
56509
56748
56986
57243
57501
57732
57968
58213
58447
58683
58940
59188
59411
59671
59893
60144
60381
60608
60852
61082
61317
61567
61798
62006
62189
62405
62633
62846
63098
63329
63580
63824
64057
64298
64542
64773
64984
65228
65429
65660
65894
66111
66357
66615
66845
67079
67298
