1000000
958452
918713
880080
842987
807485
773380
740967
709419
679664
650888
623480
597381
571988
548022
524997
502987
481761
461500
441948
423769
406027
389205
373199
357962
343194
329060
315601
302765
290675
279036
268115
257545
247474
238009
229000
220577
212473
204762
197326
190161
183479
177189
171357
165887
160773
155843
151377
147349
143340
139626
136223
132865
129577
126574
123638
120840
118146
115487
112985
110633
108422
106202
104112
102067
100243
98537
97077
95611
94326
93135
91902
90760
89521
88306
87000
85539
84054
82611
81070
79511
78055
76678
75190
73704
72230
70662
69242
67869
66581
65331
64117
62954
61940
60979
59947
58988
57981
56854
55793
54683
53725
52751
51856
50988
50104
49163
48341
47437
46476
45549
44644
43784
42893
42119
41309
40533
39731
38905
38159
37489
36808
36195
35568
34987
34413
33927
33377
32937
32489
32041
31675
31291
30946
30602
30223
29873
29567
29254
29002
28712
28452
28180
27961
27735
27487
27222
26888
26559
26255
25979
25628
25291
24938
24505
24067
23596
23147
22768
22394
22024
21698
21360
21080
20812
20502
20248
20012
19737
19450
19193
18958
18684
18375
18150
17929
17714
17519
17355
17175
17021
16836
16703
16544
16417
16296
16119
15972
15836
15681
15611
15529
15444
15352
15296
15176
15128
15057
15007
14922
14796
14667
14592
14520
14464
14406
14343
14272
14207
14134
14105
14043
13979
13944
13851
13760
13703
13621
13621
13551
13474
13386
13368
13311
13218
13137
13072
13036
12999
12978
12949
12893
12834
12780
12709
12685
12683
12630
12615
12565
12524
12507
12454
12454
12380
12346
12301
12258
12229
12224
12218
12199
12154
12152
12086
12075
12059
12007
11986
11944
11881
11852
11828
11775
11708
11688
11677
11642
11657
11639
11631
11613
11616
11615
11623
11614
11660
11682
11651
11688
11668
11685
11693
11665
11680
11668
11690
11716
11743
11791
11862
11848
11889
11885
11945
12000
12044
12128
12211
12237
12255
12261
12311
12317
12380
12395
12437
12489
12486
12515
12552
12550
12539
12506
12503
12538
12500
12515
12541
12491
12467
12449
12420
12398
12365
12424
12376
12366
12318
12341
12372
12368
12395
12396
12388
12414
12419
12427
12437
12438
12424
12451
12475
12501
12554
12594
12610
12681
12750
12871
12994
13086
13175
13315
13469
13547
13606
13649
13657
13692
13745
13775
13800
13805
13848
13910
13937
14049
14116
14164
14214
14270
14319
14389
14436
14543
14548
14563
14615
14637
14669
14691
14708
14732
14760
14814
14856
14859
14904
14907
14924
14950
14915
14856
14850
14866
14932
14980
15046
15106
15126
15224
15253
15321
15395
15520
15637
15771
15928
16056
16184
16279
16375
16507
16555
16609
16662
16723
16768
16783
16815
16838
16861
16841
16815
16787
16752
16707
16717
16733
16810
16868
16890
16947
17070
17168
17255
17394
17517
17604
17702
17847
17968
18097
18216
18300
18354
18429
18491
18562
18589
18647
18707
18773
18848
18886
18925
18960
18981
18991
19004
19050
19087
19134
19142
19145
19169
19143
19145
19163
19219
19310
19480
19634
19835
20017
20197
20354
20569
20778
20946
21152
21331
21498
21664
21823
21948
22138
22345
22522
22723
22963
23190
23409
23616
23832
24060
24260
24452
24695
24959
25186
25434
25691
25935
26167
26436
26683
26905
27155
27409
27646
27884
28133
28365
28602
28870
29104
29351
29634
29870
30088
30326
30560
30839
31054
31318
31554
31804
32031
32284
32529
32782
33010
33257
33500
33740
33988
34226
34469
34682
34912
35145
35375
35616
35880
36123
36351
36590
36844
37092
37327
37563
37789
38029
38264
38514
38729
38967
39187
39424
39693
39924
40178
40406
40654
40889
41133
41342
41589
41821
42032
42251
42485
42697
42949
43196
43426
43665
43928
44160
44378
44598
44820
45064
45318
45544
45778
46015
46261
46517
46782
47011
47240
47473
47700
47950
48214
48435
48698
48946
