1000000
958427
918719
880517
843743
808319
774030
741424
710087
679908
651211
624006
597935
572764
548832
525639
503522
482421
462260
442730
424372
406704
390027
374023
358677
344015
330040
316854
304367
292245
280557
269646
259176
249352
239888
230878
222373
214335
206905
199515
192711
186339
180182
174387
168797
163726
158945
154369
150069
145766
141852
138055
134253
130693
127294
124385
121610
118933
116490
114121
111947
109914
108114
106263
104465
102708
101057
99419
97588
95737
93681
91692
89718
87893
86064
84428
82940
81543
80231
78904
77689
76382
75045
73654
72361
71150
69998
68905
67748
66605
65588
64560
63591
62494
61549
60590
59780
59099
58538
58055
57506
57079
56709
56368
56043
55765
55559
55326
55082
54787
54406
54030
53630
53292
52928
52552
52081
51562
51014
50411
49823
49223
48637
48070
47509
46986
46439
45909
45398
44869
44360
43825
43340
42773
42312
41791
41284
40719
40220
39688
39155
38597
38119
37634
37181
36773
36365
35922
35419
34955
34480
33996
33531
33067
32600
32159
31738
31326
30886
30429
29978
29641
29242
28919
28642
28347
28047
27698
27413
27096
26790
26462
26191
25873
25579
25203
24874
24487
24102
23768
23427
23077
22815
22506
22249
21986
21691
21392
21112
20804
20493
20215
19939
19676
19413
19137
18896
18701
18537
18314
18172
18026
17886
17826
17750
17711
17696
17670
17674
17694
17702
17705
17726
17745
17747
17714
17723
17695
17720
17768
17783
17773
17744
17718
17711
17675
17596
17486
17369
17238
17107
16998
16895
16761
16610
16472
16320
16170
16014
15889
15763
15649
15515
15398
15237
15117
15005
14797
14665
14498
14374
14172
13961
13783
13582
13410
13263
13108
12947
12790
12620
12494
12348
12192
12084
11960
11851
11741
11609
11508
11392
11256
11175
11076
10982
10947
10865
10813
10728
10657
10600
10495
10428
10391
10366
10323
10250
10216
10205
10197
10199
10215
10208
10212
10194
10210
10186
10153
10126
10106
10104
10115
10152
10164
10188
10214
10217
10248
10304
10337
10360
10424
10416
10431
10430
10455
10475
10506
10518
10519
10511
10505
10517
10534
10489
10474
10452
10402
10346
10330
10322
10276
10240
10201
10135
10129
10110
10013
9979
9954
9899
9879
9856
9808
9783
9744
9703
9658
9582
9517
9508
9529
9506
9495
9424
9364
9341
9331
9283
9255
9191
9169
9151
9121
9057
9066
9095
9064
9057
9038
9029
9032
9063
9078
9069
9087
9072
9067
9095
9111
9071
9013
8967
8909
8918
8884
8862
8854
8843
8770
8796
8748
8734
8705
8630
8613
8595
8563
8554
8553
8536
8525
8519
8541
8542
8569
8562
8571
8578
8584
8624
8577
8559
8587
8597
8594
8592
8578
8610
8645
8634
8642
8656
8614
8656
8648
8675
8754
8751
8784
8819
8885
8885
8924
8915
8916
8970
9001
9039
9091
9156
9259
9359
9445
9514
9603
9636
9687
9727
9772
9824
9811
9817
9834
9814
9809
9838
9922
10008
10103
10221
10305
10403
10511
10587
10639
10687
10717
10763
10818
10832
10897
10956
11044
11078
11146
11208
11264
11315
11407
11445
11504
11586
11646
11748
11768
11805
11876
11874
11947
11962
12009
12071
12082
12140
12169
12242
12281
12332
12345
12362
12414
12468
12466
12491
12526
12521
12581
12636
12700
12798
12881
13002
13100
13222
13327
13417
13538
13663
13729
13826
13922
13979
14070
14164
14253
14332
14387
14456
14521
14545
14597
14667
14725
14760
14809
14861
14883
14934
14995
15074
15118
15160
15168
15191
15230
15307
15325
15360
15421
15443
15492
15463
15498
15563
15618
15717
15824
15906
15953
16023
16116
16228
16391
16526
16665
16811
16957
17107
17271
17380
17462
17563
17654
17725
17796
17837
17904
17942
17966
17949
17911
17910
17893
17790
17736
17681
17652
17563
17536
17514
17497
17592
17745
17915
18096
18302
18498
18691
18878
19065
