1000000
958316
918123
879540
842454
807159
773151
740329
709149
679177
650302
623041
596638
571410
547372
524429
502507
481544
461264
442054
423586
405940
389273
373095
357978
343493
329637
316275
303683
291636
280103
269320
259057
249209
240017
231250
222934
215094
207616
200578
193947
187802
181768
176040
170684
165706
161036
156823
152954
149366
146063
143369
140713
138172
135901
133804
131731
129521
127268
124905
122503
120216
118116
116177
114287
112419
110561
108949
107473
106110
104653
103301
102132
101070
100089
99227
98484
97581
96673
95843
95051
94370
93722
93066
92470
91931
91491
91200
90963
90757
90492
90236
89931
89722
89717
89715
89744
89757
89845
90018
90167
90292
90343
90372
90330
90265
90219
90176
90142
90078
89926
89794
89684
89543
89324
89076
88885
88669
88468
88309
88112
87947
87797
87683
87534
87354
87196
86940
86613
86316
86118
86102
86098
86090
86126
86189
86193
86169
86122
86077
86009
85932
85947
85999
86134
86328
86579
86780
87030
87255
87506
87755
87997
88212
88451
88673
88935
89160
89378
89598
89806
90054
90277
90476
90706
90926
91171
91406
91639
91852
92066
92300
92547
92792
93012
93268
93486
93720
93946
94181
94390
94619
94827
95067
95307
95538
95749
95965
96210
96427
96645
96860
97086
97313
97547
97766
97962
98176
98418
98627
98875
99100
99321
99548
99778
99987
100220
100470
100713
100948
101182
101424
101661
101882
102113
102324
102540
102767
102992
103206
103437
103657
103892
104118
104324
104552
104763
105004
105235
105456
105669
105864
106090
106330
106564
106789
106997
107238
107465
107721
107928
108158
108375
108574
108786
109015
109247
109455
109662
109880
110123
110332
110560
110790
110980
111214
111432
111666
111873
112094
112304
112540
112783
112987
113203
113415
113669
113896
114122
114371
114593
114832
115037
115232
115474
115693
115900
116096
116330
116536
116753
116970
117196
117405
117666
117893
118099
118323
118554
118771
119026
119232
119453
119698
119898
120131
120352
120553
120768
120972
121187
121425
121646
121869
122094
122324
122564
122790
122984
123241
123465
123718
123940
124175
124403
124620
124823
125054
125289
125525
125748
125979
126203
126422
126648
126872
127093
127309
127529
127746
127956
128172
128394
128600
128842
129038
129245
129449
129664
129867
130082
130287
130535
130775
130988
131262
131499
131691
131915
132147
132349
132573
132798
133028
133253
133474
133686
133903
134123
134312
134536
134770
134980
135188
135383
135592
135824
136056
136285
136516
136749
136940
137176
137385
137612
137824
138060
138256
138452
138648
138880
139114
139334
139559
139791
140003
140220
140432
140668
140893
141076
141287
141495
141700
141905
142133
142338
142570
142784
143028
143240
143455
143683
143896
144109
144337
144533
144718
144951
145171
145388
145617
145822
146051
146285
146503
146741
146944
147171
147372
147568
147775
148023
148223
148411
148621
148834
149052
149252
149458
149667
149887
150094
150305
150508
150689
150896
151103
151319
151527
151747
151968
152172
152374
152586
152810
153014
153213
153426
153650
153865
154075
154283
154521
154720
154930
155129
155339
155569
155776
155973
156194
156432
156637
156818
157011
157189
157420
157633
157845
158049
158277
158482
158682
158905
159123
159304
159495
159687
159905
160123
160330
160536
160734
160931
161160
161370
161563
161770
161968
162199
162387
162618
162818
163041
163249
163422
163601
163818
164035
164244
164452
164698
164928
165160
165362
165590
165799
166000
166208
166410
166594
166784
167006
167221
167430
167651
167844
168043
168263
168471
168695
168893
169089
169309
169513
169734
169950
170165
170386
170589
170763
170985
171184
171397
171598
171815
172025
172207
172413
172584
172789
172993
173215
173403
173623
173853
174090
174298
174497
174708
174901
175101
175313
175519
175746
175973
176204
176402
176610
176805
177028
177244
177478
177690
177897
178101
178304
178498
178707
178918
179136
179359
179563
179758
179964
180205
180433
180641
180851
181083
181276
181461
181664
181871
182105
182330
182515
182734
182899
183107
183308
183495
183688
183919
184130
184326
184514
184721
184939
185160
