0
38596
69715
94384
114413
129747
141791
150777
157510
161731
164602
165712
165205
164077
161477
158878
155337
151822
147698
143694
139455
135296
130677
126386
121785
117188
112922
108623
104513
100313
96417
92496
88563
84973
81091
77576
73892
70559
67522
64391
61247
58347
55520
52770
50176
47764
45508
43238
41134
39268
37426
35748
34262
32782
31355
30220
28755
27404
26055
24901
23718
22558
21289
20190
19047
17846
16817
15828
14882
14269
13711
13042
12295
11683
11275
10844
10175
9707
9341
9098
8960
8817
8712
8642
8583
8440
8397
8397
8277
8203
8076
7879
7591
7463
7252
6965
6676
6554
6490
6476
6589
6659
6514
6471
6333
6198
6069
6003
5911
5797
5737
5722
5772
5746
5586
5436
5331
5144
5066
4879
4754
4607
4414
4237
4057
3886
3719
3498
3274
3097
2911
2760
2645
2600
2533
2439
2356
2247
2219
2200
2254
2348
2424
2461
2555
2606
2650
2729
2822
2884
2876
2893
2877
2939
3000
3030
3155
3306
3388
3433
3493
3576
3727
3746
3722
3724
3799
3833
3913
3918
3921
3972
3953
3904
3815
3757
3775
3696
3672
3616
3488
3359
3297
3203
3112
3042
2967
2929
2892
2816
2704
2557
2381
2222
2084
1977
1933
1926
1960
2037
2108
2212
2291
2358
2399
2421
2433
2458
2505
2517
2578
2677
2694
2639
2598
2586
2624
2678
2737
2750
2792
2800
2804
2825
2735
2666
2577
2470
2372
2236
2106
1991
1869
1716
1573
1414
1312
1182
1080
966
886
789
692
662
600
531
520
504
490
476
417
349
299
261
212
180
145
127
113
101
83
71
57
47
39
34
30
24
18
17
14
13
12
9
8
8
7
7
5
5
5
3
2
1
1
1
1
1
1
1
1
1
1
0
0
0
0
0
0
0
0
0
0
0
0
0
0
0
0
0
0
0
0
0
0
0
0
0
0
0
0
0
0
0
0
0
0
0
0
0
0
0
0
0
0
0
0
0
0
0
0
0
0
0
0
0
0
0
0
0
0
0
0
0
0
0
0
0
0
0
0
0
0
0
0
0
0
0
0
0
0
0
0
0
0
0
0
0
0
0
0
0
0
0
0
0
0
0
0
0
0
0
0
0
0
0
0
0
0
0
0
0
0
0
0
0
0
0
0
0
0
0
0
0
0
0
0
0
0
0
0
0
0
0
0
0
0
0
0
0
0
0
0
0
0
0
0
0
0
0
0
0
0
0
0
0
0
0
0
0
0
0
0
0
0
0
0
0
0
0
0
0
0
0
0
0
0
0
0
0
0
0
0
0
0
0
0
0
0
0
0
0
0
0
0
0
0
0
0
0
0
0
0
0
0
0
0
0
0
0
0
0
0
0
0
0
0
0
0
0
0
0
0
0
0
0
0
0
0
0
0
0
0
0
0
0
0
0
0
0
0
0
0
0
0
0
0
0
0
0
0
0
0
0
0
0
0
0
0
0
0
0
0
0
0
0
0
0
0
0
0
0
0
0
0
0
0
0
0
0
0
0
0
0
0
0
0
0
0
0
0
0
0
0
0
0
0
0
0
0
0
0
0
0
0
0
0
0
0
0
0
