0
38326
69835
94938
115157
130747
142421
151112
157368
161534
163993
164822
164936
163847
161772
158767
155298
151742
148027
143483
138842
134532
130161
125330
120775
116376
111756
107382
103158
99092
94875
90876
86995
83183
79397
75900
72262
69003
65828
62591
59695
56978
54431
52004
49667
47251
44964
42859
40859
39011
37285
35490
33633
31895
30170
28445
26883
25166
23816
22599
21512
20293
19192
18131
17646
17084
16487
15707
15024
14304
13663
13062
12488
11884
11491
11186
10947
10662
10495
10284
10056
9842
9672
9486
9197
8775
8313
7848
7379
7008
6687
6406
6033
5663
5314
5075
4866
4633
4388
4076
3831
3592
3411
3267
3120
3024
2895
2823
2820
2760
2886
2907
2889
2848
2857
2886
2779
2656
2625
2543
2567
2572
2633
2533
2494
2422
2372
2296
2228
2144
1947
1798
1668
1587
1475
1393
1307
1274
1151
992
843
717
612
531
446
373
315
279
241
189
156
140
112
94
79
65
54
41
36
27
16
14
12
12
12
10
8
8
8
7
7
7
6
6
6
5
3
3
3
3
3
2
1
1
1
1
1
1
1
1
0
0
0
0
0
0
0
0
0
0
0
0
0
0
0
0
0
0
0
0
0
0
0
0
0
0
0
0
0
0
0
0
0
0
0
0
0
0
0
0
0
0
0
0
0
0
0
0
0
0
0
0
0
0
0
0
0
0
0
0
0
0
0
0
0
0
0
0
0
0
0
0
0
0
0
0
0
0
0
0
0
0
0
0
0
0
0
0
0
0
0
0
0
0
0
0
0
0
0
0
0
0
0
0
0
0
0
0
0
0
0
0
0
0
0
0
0
0
0
0
0
0
0
0
0
0
0
0
0
0
0
0
0
0
0
0
0
0
0
0
0
0
0
0
0
0
0
0
0
0
0
0
0
0
0
0
0
0
0
0
0
0
0
0
0
0
0
0
0
0
0
0
0
0
0
0
0
0
0
0
0
0
0
0
0
0
0
0
0
0
0
0
0
0
0
0
0
0
0
0
0
0
0
0
0
0
0
0
0
0
0
0
0
0
0
0
0
0
0
0
0
0
0
0
0
0
0
0
0
0
0
0
0
0
0
0
0
0
0
0
0
0
0
0
0
0
0
0
0
0
0
0
0
0
0
0
0
0
0
0
0
0
0
0
0
0
0
0
0
0
0
0
0
0
0
0
0
0
0
0
0
0
0
0
0
0
0
0
0
0
0
0
0
0
0
0
0
0
0
0
0
0
0
0
0
0
0
0
0
0
0
0
0
0
0
0
0
0
0
0
0
0
0
0
0
0
0
0
0
0
0
0
0
0
0
0
0
0
0
0
0
0
0
0
0
0
0
0
0
0
0
0
0
0
0
0
0
0
0
0
0
0
0
0
0
0
0
0
0
0
0
0
0
0
0
0
0
0
0
0
0
0
0
0
0
0
0
0
0
0
0
0
0
0
0
0
0
0
0
0
0
0
0
0
0
0
0
0
0
0
0
