0
38445
69310
94048
114018
129697
142229
151225
157724
162246
164771
165244
164536
163311
161044
158566
155496
151859
147779
143890
139562
135003
130373
125769
121319
117031
112626
108079
103899
99753
95920
91866
88114
84437
80708
77158
73509
70202
66584
63538
60486
57461
54841
52262
49762
47372
44915
42582
40428
38520
36536
34754
33148
31744
30387
28785
27210
25858
24405
23111
21860
20599
19364
18363
17530
16650
15910
15215
14785
14495
14398
14355
14193
13987
13789
13467
13027
12498
12020
11595
11309
10995
10783
10698
10506
10291
10089
9853
9700
9560
9285
9075
8827
8673
8450
8303
8011
7659
7269
6927
6599
6274
5894
5526
5208
4905
4556
4261
4027
3875
3879
3872
3906
3861
3849
3861
3952
4016
4177
4346
4458
4510
4621
4723
4761
4698
4716
4683
4637
4636
4653
4618
4571
4638
4601
4605
4638
4648
4643
4696
4682
4696
4693
4656
4594
4511
4449
4404
4410
4359
4376
4397
4356
4346
4377
4382
4336
4317
4291
4267
4262
4197
4121
4029
3947
3866
3768
3765
3705
3640
3602
3592
3537
3549
3475
3524
3507
3552
3601
3590
3565
3584
3565
3535
3484
3483
3463
3448
3377
3389
3393
3399
3361
3352
3336
3340
3280
3214
3113
3012
2890
2806
2753
2615
2527
2392
2301
2229
2142
2064
2017
1910
1858
1762
1756
1745
1733
1724
1686
1657
1647
1632
1640
1655
1668
1661
1690
1764
1855
1938
1981
2040
2066
2113
2152
2180
2241
2274
2302
2291
2298
2253
2265
2262
2238
2252
2255
2313
2335
2366
2406
2441
2486
2512
2527
2553
2514
2501
2426
2413
2426
2415
2420
2441
2408
2389
2372
2353
2351
2343
2322
2338
2299
2302
2257
2217
2215
2191
2140
2104
2083
2095
2101
2060
1980
1951
1924
1882
1844
1831
1808
1762
1764
1761
1767
1748
1749
1710
1717
1737
1703
1709
1660
1653
1606
1579
1551
1530
1490
1433
1428
1393
1422
1414
1426
1392
1388
1421
1433
1429
1461
1476
1510
1486
1523
1553
1576
1600
1642
1658
1660
1641
1678
1696
1723
1683
1657
1698
1674
1672
1722
1700
1686
1693
1695
1709
1714
1755
1773
1763
1719
1699
1714
1688
1735
1705
1721
1718
1692
1691
1682
1659
1642
1638
1651
1644
1592
1568
1587
1625
1619
1619
1597
1603
1585
1593
1596
1592
1573
1537
1584
1590
1611
1633
1638
1634
1659
1659
1672
1721
1683
1691
1713
1708
1748
1743
1713
1712
1688
1679
1625
1594
1585
1579
1589
1551
1528
1509
1510
1514
1481
1499
1518
1543
1512
1511
1548
1520
1519
1472
1478
1502
1495
1513
1475
1458
1466
1410
1383
1378
1357
1355
1361
1374
1396
1412
1355
1350
1348
1334
1305
1260
1218
1211
1184
1151
1124
1134
1173
1196
1226
1241
1269
1287
1331
1334
1336
1288
1245
1179
1135
1094
1082
1068
1087
1117
1122
1131
1120
1136
1139
1155
1132
1134
1144
1135
1128
1128
1117
1118
1128
1125
1122
1117
1093
1126
1151
1164
1237
1225
1229
1199
1179
1235
1238
1212
1189
1180
1140
1174
1193
1194
1182
1221
1250
1251
1251
1250
1242
1245
1193
1182
1144
1101
1092
1049
1044
1021
1002
1025
1038
1011
996
966
971
968
957
996
1014
997
1018
1040
1087
1129
1110
1126
1138
1161
1147
1169
1159
1160
1192
1240
1230
1224
1212
1223
1252
1287
1288
1272
1335
1321
1323
1301
1255
1211
1169
1158
1140
1100
1063
1003
967
960
889
845
790
769
805
828
833
853
875
898
938
994
1023
1067
1189
1267
1334
1403
1519
1558
1599
1630
1711
1733
1719
1659
1530
1418
1302
1164
1020
921
848
799
752
