0
38362
69573
95051
115030
130793
142675
151606
158123
162204
164960
165579
165740
164294
162311
159639
156060
152113
148023
143747
139917
135400
130491
126072
121167
116974
112746
108545
104165
100154
96270
92245
88254
84430
80865
77241
73932
70635
67607
64483
61734
58861
56155
53551
50971
48517
45923
43468
41224
38952
36819
34802
32821
30954
29079
27405
25780
24403
22978
21662
20353
19226
18196
17191
16424
15796
15284
14717
14039
13349
12636
12033
11446
10910
10613
10271
10077
9904
9590
9396
9231
8975
8838
8752
8501
8203
7919
7722
7526
7403
7316
7327
7348
7289
7173
7201
7246
7344
7420
7319
7412
7490
7552
7491
7474
7544
7610
7702
7823
7847
7888
7963
7852
7829
7767
7595
7370
7022
6765
6570
6411
6252
6193
6149
6061
5890
5770
5663
5521
5380
5224
5058
4967
4944
4915
4908
4815
4758
4630
4538
4472
4383
4295
4185
4143
4118
4098
4078
4066
3958
3909
3783
3752
3653
3545
3496
3390
3314
3205
3078
3014
2932
2899
2835
2814
2780
2667
2640
2722
2816
2825
2817
2823
2840
2839
2773
2713
2728
2698
2695
2670
2672
2644
2614
2588
2658
2677
2680
2690
2623
2602
2551
2505
2414
2346
2280
2231
2190
2088
1974
1941
1938
1900
1936
1969
2018
2062
2073
2128
2195
2306
2357
2381
2422
2431
2450
2492
2586
2662
2623
2687
2726
2751
2729
2778
2723
2714
2711
2702
2688
2665
2625
2576
2555
2531
2418
2404
2369
2324
2231
2187
2098
1984
1938
1878
1868
1795
1759
1724
1715
1752
1777
1796
1845
1906
1954
2010
2000
2002
1965
1957
1989
1980
1980
2014
2069
2082
2120
2149
2124
2056
2103
2061
2088
2101
2081
2097
2067
2093
2055
2046
2061
2122
2118
2093
2102
2126
2170
2163
2167
2154
2104
2119
2074
2045
1997
1973
1879
1825
1784
1750
1721
1672
1667
1639
1686
1676
1626
1690
1706
1744
1781
1767
1762
1774
1738
1734
1733
1695
1684
1710
1668
1700
1711
1759
1782
1759
1770
1726
1775
1774
1762
1748
1758
1774
1812
1770
1738
1713
1706
1657
1617
1599
1604
1610
1578
1585
1578
1556
1524
1537
1520
1497
1504
1473
1471
1448
1425
1370
1349
1331
1308
1308
1304
1283
1286
1303
1240
1232
1259
1287
1283
1299
1310
1338
1363
1407
1479
1471
1462
1443
1411
1363
1296
1261
1211
1228
1199
1220
1191
1171
1170
1189
1188
1152
1140
1170
1246
1285
1356
1396
1410
1450
1479
1493
1556
1608
1681
1704
1754
1758
1739
1713
1721
1692
1653
1626
1624
1608
1573
1565
1562
1540
1531
1519
1516
1500
1480
1476
1476
1471
1481
1430
1445
1408
1386
1332
1314
1286
1226
1216
1202
1190
1154
1141
1180
1169
1166
1173
1197
1205
1228
1269
1275
1258
1255
1220
1198
1162
1166
1150
1054
1012
936
879
818
784
730
683
687
707
719
710
716
731
737
771
768
813
835
842
864
897
941
976
1017
1113
1185
1242
1288
1376
1411
1411
1489
1557
1621
1717
1828
1854
1796
1725
1697
1647
1613
1555
1481
1422
1332
1246
1175
1110
1061
971
942
924
913
918
922
926
929
915
928
923
895
867
855
794
723
698
658
600
536
466
397
342
303
257
209
176
157
134
113
94
83
72
67
57
52
41
31
26
21
18
15
12
9
8
8
6
5
4
3
3
3
3
3
2
2
2
1
1
1
1
1
1
1
1
1
1
0
0
0
0
0
0
0
0
0
0
0
0
0
0
0
0
0
0
0
0
0
0
