0
38540
69932
95161
115238
130721
142823
151845
157888
162209
164454
165121
165070
163932
162081
159264
155988
152163
148394
144028
139709
135171
130452
126176
121448
116916
112410
107968
103589
99449
95195
91028
87061
83125
79337
75939
72415
69002
65789
62681
59567
56402
53624
51268
48800
46267
43868
41297
38914
36496
34336
31917
29858
27856
25986
24195
22658
21618
20667
20081
19433
18899
18246
17622
17027
16409
15951
15243
14505
13844
13289
12722
12064
11383
10787
10109
9499
9090
8685
8401
8076
7671
7338
7046
6738
6412
6051
5601
5159
4792
4594
4278
4093
3932
3584
3251
2950
2755
2540
2253
2026
1799
1698
1634
1608
1682
1663
1672
1685
1700
1790
1855
1908
1939
2110
2228
2285
2345
2378
2397
2401
2399
2393
2400
2397
2408
2434
2535
2674
2725
2722
2518
2328
2187
2024
1863
1808
1764
1765
1748
1742
1761
1699
1637
1461
1249
1051
894
768
655
552
462
383
316
277
241
198
170
149
121
104
95
81
62
54
50
40
34
26
23
22
22
19
14
12
9
8
8
8
7
7
7
7
5
4
2
2
2
2
2
1
0
0
0
0
0
0
0
0
0
0
0
0
0
0
0
0
0
0
0
0
0
0
0
0
0
0
0
0
0
0
0
0
0
0
0
0
0
0
0
0
0
0
0
0
0
0
0
0
0
0
0
0
0
0
0
0
0
0
0
0
0
0
0
0
0
0
0
0
0
0
0
0
0
0
0
0
0
0
0
0
0
0
0
0
0
0
0
0
0
0
0
0
0
0
0
0
0
0
0
0
0
0
0
0
0
0
0
0
0
0
0
0
0
0
0
0
0
0
0
0
0
0
0
0
0
0
0
0
0
0
0
0
0
0
0
0
0
0
0
0
0
0
0
0
0
0
0
0
0
0
0
0
0
0
0
0
0
0
0
0
0
0
0
0
0
0
0
0
0
0
0
0
0
0
0
0
0
0
0
0
0
0
0
0
0
0
0
0
0
0
0
0
0
0
0
0
0
0
0
0
0
0
0
0
0
0
0
0
0
0
0
0
0
0
0
0
0
0
0
0
0
0
0
0
0
0
0
0
0
0
0
0
0
0
0
0
0
0
0
0
0
0
0
0
0
0
0
0
0
0
0
0
0
0
0
0
0
0
0
0
0
0
0
0
0
0
0
0
0
0
0
0
0
0
0
0
0
0
0
0
0
0
0
0
0
0
0
0
0
0
0
0
0
0
0
0
0
0
0
0
0
0
0
0
0
0
0
0
0
0
0
0
0
0
0
0
0
0
0
0
0
0
0
0
0
0
0
0
0
0
0
0
0
0
0
0
0
0
0
0
0
0
0
0
0
0
0
0
0
0
0
0
0
0
0
0
0
0
0
0
0
0
0
0
0
0
0
0
0
0
0
0
0
0
0
0
0
0
0
0
0
0
0
0
0
0
0
0
0
0
0
0
0
0
0
0
0
0
0
0
0
0
0
0
0
0
0
0
0
0
