0
54033
29949
20871
16950
14274
12913
12116
11451
11005
10865
10572
10651
10754
10816
11078
11195
11588
12031
12361
12835
13165
13645
14126
14827
15242
15933
16753
17368
18101
18465
19895
20632
21454
22012
23010
24248
25495
27116
28064
29164
30797
32501
34301
35496
37114
38506
39712
41504
43440
45698
47335
49471
51031
52797
54393
56692
58747
61614
63759
65516
67920
70482
74065
76322
79696
83425
86124
90691
93521
95807
98017
101442
104435
107041
109756
113159
116340
118726
121378
123014
124404
124929
125686
126053
126884
127649
128033
128327
129024
129524
131039
133224
134409
136193
137886
139804
141581
143167
143406
143572
143289
143170
144129
144985
146039
147032
148019
149382
149724
150951
151398
151786
151371
152077
153183
154935
156391
157621
159148
161056
162401
164309
166683
168754
171277
173367
175861
179038
181362
184762
187418
189636
190973
192617
194146
195990
197128
198714
199436
199892
199039
198078
196854
195648
194526
193532
192333
191188
190278
189383
188823
188680
188833
187962
187082
185975
184362
182421
181523
180631
179534
177708
176427
175375
175634
175807
175554
174767
174303
173841
173552
173309
173635
173923
174767
175108
175593
175985
176671
177786
179358
180798
182380
183321
184773
186213
187370
188015
188685
189931
191556
193890
196361
198744
201312
203330
204336
204750
204056
203433
201752
200341
199061
197601
197003
196429
196187
195583
194990
194463
193926
192654
192483
192917
193367
193501
193162
192108
191252
190719
189824
189979
190015
190182
191175
191812
193390
194902
196996
198735
201216
203258
205685
208340
211667
214319
216724
219053
221490
223939
226187
228403
230263
231895
233204
234555
235445
235976
236504
237253
238366
239780
240852
242094
243265
244301
245294
245908
246383
246904
247244
247700
248150
248396
248691
248843
249028
249196
249337
249433
249550
249601
249673
249729
249745
249774
249781
249802
249815
249831
249852
249866
249918
249937
249953
249964
249967
249975
249969
249973
249973
249965
249971
249981
249991
249994
249996
249999
250000
250000
250000
250000
250000
250000
250000
250000
250000
250000
250000
250000
250000
250000
250000
250000
250000
250000
250000
250000
250000
250000
250000
250000
250000
250000
250000
250000
250000
250000
250000
250000
250000
250000
250000
250000
250000
250000
250000
250000
250000
250000
250000
250000
250000
250000
250000
250000
250000
250000
250000
250000
250000
250000
250000
250000
250000
250000
250000
250000
250000
250000
250000
250000
250000
250000
250000
250000
250000
250000
250000
250000
250000
250000
250000
250000
250000
250000
250000
250000
250000
250000
250000
250000
250000
250000
250000
250000
250000
250000
250000
250000
250000
250000
250000
250000
250000
250000
250000
250000
250000
250000
250000
250000
250000
250000
250000
250000
250000
250000
250000
250000
250000
250000
250000
250000
250000
250000
250000
250000
250000
250000
250000
250000
250000
250000
250000
250000
250000
250000
250000
250000
250000
250000
250000
250000
250000
250000
250000
250000
250000
250000
250000
250000
250000
250000
250000
250000
250000
250000
250000
250000
250000
250000
250000
250000
250000
250000
250000
250000
250000
250000
250000
250000
250000
250000
250000
250000
250000
250000
250000
250000
250000
250000
250000
250000
250000
250000
250000
250000
250000
250000
250000
250000
250000
250000
250000
250000
250000
250000
250000
250000
250000
250000
250000
250000
250000
250000
250000
250000
250000
250000
250000
250000
250000
250000
250000
250000
250000
250000
250000
250000
250000
250000
250000
250000
250000
250000
250000
250000
250000
250000
250000
250000
250000
250000
250000
250000
250000
250000
250000
250000
250000
250000
250000
250000
250000
250000
250000
250000
250000
250000
250000
250000
250000
250000
250000
250000
250000
250000
250000
250000
250000
250000
250000
250000
250000
250000
250000
250000
250000
250000
250000
250000
250000
250000
250000
250000
250000
250000
250000
250000
250000
250000
250000
250000
250000
250000
250000
250000
250000
250000
250000
250000
250000
250000
250000
250000
250000
250000
250000
250000
250000
250000
250000
250000
250000
250000
250000
250000
250000
250000
