0
54397
30274
20980
16805
14551
12812
12249
11534
11370
10857
10822
10934
10815
10823
10965
11127
11666
11485
12150
12568
12618
13478
14370
14628
15078
15768
16439
17299
17748
18426
19562
20438
21483
22207
23321
24149
25328
26326
27186
28911
30119
31591
33473
35237
36288
37935
39957
42503
44912
46777
48857
50894
52956
55393
57724
60284
62554
65061
67265
69598
71724
73853
75692
78020
81376
84247
87192
91150
93767
97273
100124
103283
106166
108086
109391
110981
111402
111562
111834
111051
111504
111151
112363
112052
112270
112554
112685
113430
113207
114407
115761
116441
118283
120346
122328
123973
125126
126154
125962
126728
128023
129059
129785
130851
132952
133947
134541
136138
136105
136932
137349
137586
137844
138801
138962
140439
141318
142023
142593
143714
144430
145599
146390
147555
149271
150771
152275
153657
155232
156702
158655
160521
163134
165179
167042
168366
169425
170745
172221
173241
174353
175694
176618
177457
178633
179581
180087
179929
179545
179382
179195
178606
178274
177758
177086
175833
174514
174194
173946
173934
173604
173684
174389
174284
174835
175396
176276
177524
178465
179665
179685
180496
180920
181599
182689
184012
185063
185581
186337
187555
188615
189720
190704
191831
192032
192449
192628
193119
193457
194287
195301
196243
197397
197913
198469
198940
200315
201401
201963
202453
201923
201700
202024
202247
202061
202597
202496
203194
203826
204170
204587
204931
205481
205435
205773
205919
205934
206662
207326
207279
206862
206986
207320
207253
207010
206239
206254
206316
206531
207044
207034
206793
206743
205972
205894
206666
207028
207322
207444
207452
207645
208557
208960
208993
208996
208229
207265
207226
207640
208325
208776
209097
209522
209866
209903
210464
210228
209953
210211
209906
209730
209242
209194
209140
208779
209078
209366
209985
210418
210385
210541
210786
211082
211572
211840
212075
212088
212178
212012
212089
212126
212229
211956
212114
211936
212199
212277
212745
213093
213922
214263
214565
214189
214442
215005
215250
215318
216148
216798
217156
217303
217244
216911
216922
217097
217153
217315
217137
217443
217240
217351
216829
216025
215224
214950
214330
214081
214195
213727
212956
212364
212036
212122
212094
212178
211893
211974
211642
211677
211744
211918
211882
211811
211931
212381
212815
212465
212345
212372
212570
212766
213256
213885
214580
214952
215416
215635
216558
217465
218648
219780
220815
221740
223023
223642
223920
223647
223162
222529
222119
221402
220703
220533
220384
220117
219739
219389
219161
219323
219571
219374
219064
218843
218832
218889
218840
218856
219003
219406
219286
218875
219003
218554
218488
218108
218170
217943
217532
217234
216932
216942
216613
215952
215119
214867
215088
215618
216311
217121
217625
218265
218956
219335
219881
221201
222052
223289
224473
225472
226249
226756
227081
227182
226785
226704
226285
225865
225578
224939
223711
222638
221603
220458
219193
218238
217167
216376
215330
214865
214848
215551
215498
216390
217379
218740
220070
221289
222712
223727
224417
225310
225840
226475
226893
226961
226814
226378
225525
224789
223793
223630
223263
222793
222649
222701
222210
221543
220933
220178
219471
218963
218435
218167
217993
217395
216641
216324
215868
215584
215359
215977
217441
219430
221375
223533
225699
227520
228914
230171
231361
232270
233299
234249
234789
235348
235881
235738
235812
236080
236667
237190
237797
238570
239430
240348
241059
241771
242179
242836
243659
244471
245045
245694
246317
246872
247335
247716
248036
248292
248578
248807
248930
249108
249270
249357
249426
249493
249526
249554
249616
249650
249727
249784
249828
249844
249885
249926
249931
249939
249944
249940
249947
249972
249980
249993
249996
250000
250000
250000
250000
250000
250000
250000
250000
250000
250000
250000
250000
250000
250000
250000
250000
250000
250000
250000
250000
250000
250000
250000
250000
250000
250000
250000
250000
250000
250000
250000
250000
250000
250000
250000
250000
250000
250000
250000
250000
250000
250000
250000
250000
250000
250000
250000
250000
250000
250000
250000
250000
250000
250000
250000
250000
250000
250000
250000
250000
250000
250000
250000
250000
