0
54353
30101
20477
16175
13756
13101
12207
11243
11031
10759
10959
10811
10674
10770
11239
11265
11597
12066
12305
12518
13097
13468
14044
14679
15174
15691
16700
17494
18099
18697
19282
20125
21017
22335
23512
24528
25266
26552
27723
28950
30897
32010
32952
35013
36313
37999
39606
41726
43713
45783
48118
50563
53014
55575
58465
61372
63977
66750
69626
72927
76493
79463
82179
85225
87580
89321
92208
94522
97270
100253
102763
106632
109602
112018
113873
115767
117086
118219
119780
121170
122441
123524
124702
125714
127698
129874
131124
133223
134585
135311
136000
136438
136627
137373
137988
137669
137084
136500
136130
135978
135981
135685
135456
135701
134943
134929
133846
132733
132394
132489
131441
131830
131986
132512
133153
134274
136841
139260
141468
143193
144901
145919
146423
147067
148139
149566
151215
152437
154239
155260
157001
158583
159495
159839
160354
161028
161707
162483
163455
164969
165765
166878
168326
169103
169746
170470
170677
171075
171572
172468
173646
174705
176186
177548
177815
178833
179926
181142
183067
184897
186262
187433
188631
189372
189756
190736
191527
191913
191023
190373
189932
189589
189542
189347
189467
190235
190717
191024
191538
191925
192002
191865
192630
192732
192918
192778
192370
192222
192093
192726
193453
193616
195013
195853
196715
197990
199182
200490
202317
203835
204485
205063
205446
205078
204490
204520
203448
202617
201441
200559
199119
198055
197089
196661
196479
196022
195021
193875
193445
192845
191867
191445
191221
190819
190708
190999
191401
191539
191856
191768
192125
192615
193184
193789
194452
195559
196041
196979
198006
199134
199967
201835
203509
204689
205324
206056
207231
208000
208557
208859
208379
208174
207909
207299
206539
205276
204386
204290
204278
204788
204586
204271
204522
204267
203822
203130
202300
201694
201433
201882
202250
202383
202415
202385
202530
202415
202393
202789
202560
202808
202769
202526
202307
201932
202008
201937
201187
200720
200873
200685
201073
201573
201589
202279
203085
203619
204361
205467
206353
207573
208574
209320
209899
210458
210343
210508
210840
210746
210326
209440
208690
208625
208465
208372
208709
209181
208943
209285
209396
209505
209897
210165
210080
209523
208911
208607
208358
208419
208752
208539
208413
208289
208502
208517
208019
208041
208211
208829
209187
209615
210434
210908
211311
211384
211639
211671
211960
212427
212992
213023
213155
213523
213468
214038
214313
214630
215178
215672
216199
216808
217333
217426
217687
217753
217967
218148
218441
219012
219114
218888
218760
218723
218533
217975
217316
216825
216139
215310
214954
215073
215426
215922
216836
217716
218674
219566
219953
220081
220052
220398
220801
220667
220601
220801
221063
221257
220495
219496
218436
217517
216905
215987
215180
214764
213888
213268
211721
210601
209754
209658
209475
209427
209378
209255
209967
210465
211279
211466
211796
211973
212286
212390
212656
212979
213347
213166
213999
214229
213864
214348
214064
214498
215093
215081
215596
216324
216900
217278
218098
218812
219441
219670
220288
220812
220871
220804
220637
220833
220564
220317
219800
219631
218859
218677
218656
219006
219394
220240
220801
221062
221792
222911
223972
225386
226707
227930
229125
230323
231233
231591
231486
231491
231495
231417
231030
230730
230341
229706
229172
228664
228295
228058
227165
226512
225814
224438
222765
221370
220225
218657
217460
216495
215739
214609
213311
211606
209693
207990
207778
208044
209148
209964
210700
211351
212427
213568
215267
216930
218487
219954
221265
222778
224148
225405
225781
226383
226658
226556
226335
226454
226388
226151
226620
227239
227545
228107
229158
230132
231274
232317
233535
235091
236856
238204
239605
241054
242293
243316
244272
245121
245806
246508
247066
247417
247760
248001
248208
248464
248716
248942
249125
249260
249367
249505
249596
249670
249722
249763
249800
249830
249852
249872
249912
249905
249898
249911
249933
249951
249952
249968
249976
249974
249973
249970
249968
249966
249967
249971
249978
249987
249994
249996
249997
249998
249999
249999
249999
250000
250000
250000
250000
250000
250000
250000
250000
250000
250000
250000
250000
250000
