0
53964
29664
20862
16848
14334
13041
12115
11427
11009
10771
10825
10763
10844
10856
11227
11244
11511
11835
12631
12669
13319
13590
13913
14585
15002
15912
16487
17129
18125
18531
19333
20619
21425
22520
23316
24458
25451
26676
27669
29089
30008
31747
32668
34483
35734
37865
39519
41233
42840
44294
46694
48703
50279
52545
54874
57769
60505
62375
64836
67422
69069
70561
72899
74950
76630
79289
81336
83067
85061
86874
88637
90459
92405
94992
96783
98426
98934
100484
102655
104746
106619
108643
110420
111605
113851
114946
115916
117797
118908
120371
122722
125054
127284
128486
130523
131713
133428
134825
135981
137566
139430
140163
141481
143292
145020
146692
149570
152627
155573
159028
161299
164043
166833
168945
171264
173250
175917
178134
180512
182027
182997
183654
184132
183938
184258
186044
187942
189809
191887
194118
195583
197051
197903
198631
199609
200863
201718
202368
202292
203084
203280
203546
203064
201724
200894
200260
199841
199672
199381
199041
199428
200119
201784
203059
203484
203980
204393
205150
205518
206044
207022
208016
208388
208423
208730
208926
207986
206844
205390
204951
203681
202627
202143
202550
202667
202416
202182
201968
202272
202402
202699
202628
202616
202713
202703
202735
202682
203357
203828
204531
205381
206276
207065
207051
206188
205133
204757
205211
206565
208303
210410
212477
213788
214913
215778
215132
214732
214000
213864
213559
213261
212558
211933
210494
209292
208911
207907
206927
205797
204731
203721
202759
201855
200663
199582
198470
198631
198777
199489
200139
200696
201653
202250
202450
201690
201283
200964
200705
201205
200928
200951
200906
200769
201661
202741
204420
206124
207010
207339
207988
208904
209479
210264
211124
211693
211820
211220
210331
210141
210173
209700
209561
208575
206822
204568
202700
201631
200734
200188
200392
200194
199858
199118
197888
197143
197519
198536
199601
201510
203689
206270
208222
209913
210847
212163
213018
213955
215461
216151
216726
216838
216450
215591
215107
214159
213236
212703
211268
210323
209258
208393
207224
206603
206081
206270
205465
204407
203983
203889
203354
202801
202433
201515
200792
200359
199704
199256
198965
199934
201388
202687
203638
205207
206464
208083
210359
212318
214395
216545
218904
221034
223367
225094
226571
227778
229342
231053
232989
234828
236573
238433
240012
241285
242543
243542
244417
245289
245868
246415
247052
247540
247828
248134
248398
248546
248703
248888
249108
249340
249458
249572
249674
249741
249812
249859
249905
249935
249942
249954
249956
249969
249978
249988
249991
249996
249996
249999
249998
250000
249999
249997
249999
249999
250000
250000
249999
249999
249999
249998
249998
250000
250000
250000
250000
250000
250000
250000
249999
249998
249999
249998
249999
250000
250000
249999
250000
250000
249999
249999
249999
249999
249998
249998
249997
249999
249998
249999
249998
249998
250000
249999
249999
249999
249998
249998
249999
249998
250000
249999
249998
249999
249998
250000
250000
250000
250000
250000
249997
249997
249999
250000
249999
249999
249997
249999
249999
250000
250000
249999
249999
249998
249998
249997
249997
249998
249999
249999
249998
249998
249998
249997
249997
250000
249999
250000
249999
249999
250000
250000
249997
249999
249999
249997
249999
249999
249999
250000
250000
250000
250000
250000
250000
250000
250000
250000
250000
250000
250000
250000
250000
250000
250000
250000
250000
250000
250000
250000
250000
250000
250000
250000
250000
250000
250000
250000
250000
250000
250000
250000
250000
250000
250000
250000
250000
250000
250000
250000
250000
250000
250000
250000
250000
250000
250000
250000
250000
250000
250000
250000
250000
250000
250000
250000
250000
250000
250000
250000
250000
250000
250000
250000
250000
250000
250000
250000
250000
250000
250000
250000
250000
250000
250000
250000
250000
250000
250000
250000
250000
250000
250000
250000
250000
250000
250000
250000
250000
250000
250000
250000
250000
250000
250000
250000
250000
250000
250000
250000
250000
250000
250000
250000
250000
250000
250000
250000
250000
250000
250000
250000
250000
250000
250000
250000
250000
250000
250000
250000
250000
250000
250000
