0
53833
29832
20771
16252
14306
12904
11915
11349
11030
10534
10674
10591
11029
10951
11057
11284
11702
12210
12726
12965
13131
13615
14139
14569
15375
15997
16527
17327
17964
19187
19882
20470
21960
22700
23882
24946
25853
27905
28938
29884
31646
33207
35054
36247
37949
39360
41651
44127
45986
49140
51823
54238
57257
60575
64232
67777
70783
72946
74498
75979
77780
79383
81854
83718
85726
87695
89441
91921
94767
97726
100179
103005
106656
109756
113277
116797
120669
123297
125852
128256
131066
134148
136850
139320
142728
145324
149513
153075
157356
160792
163857
167677
169859
173685
177746
181985
186083
189698
193571
198068
202298
206008
208381
210066
210332
210612
210579
210691
210329
209688
207962
207061
206210
204736
202779
200993
199512
198680
197526
196893
196635
196674
196631
196580
196743
196551
196075
194065
192590
191632
192395
194781
197235
200011
202979
205423
206709
207719
208381
209022
208502
208683
209991
211772
214667
218323
221691
224955
227984
230823
233469
236004
238242
239864
241370
242594
243726
244607
245472
246168
246632
247039
247394
247946
248293
248445
248661
248869
249046
249186
249282
249348
249456
249572
249637
249693
249718
249713
249750
249768
249763
249789
249815
249840
249881
249911
249927
249939
249943
249956
249974
249990
249994
249996
249998
249998
249999
250000
250000
250000
250000
250000
250000
250000
250000
250000
250000
250000
250000
250000
250000
250000
250000
250000
250000
250000
250000
250000
250000
250000
250000
250000
250000
250000
250000
250000
250000
250000
250000
250000
250000
250000
250000
250000
250000
250000
250000
250000
250000
250000
250000
250000
250000
250000
250000
250000
250000
250000
250000
250000
250000
250000
250000
250000
250000
250000
250000
250000
250000
250000
250000
250000
250000
250000
250000
250000
250000
250000
250000
250000
250000
250000
250000
250000
250000
250000
250000
250000
250000
250000
250000
250000
250000
250000
250000
250000
250000
250000
250000
250000
250000
250000
250000
250000
250000
250000
250000
250000
250000
250000
250000
250000
250000
250000
250000
250000
250000
250000
250000
250000
250000
250000
250000
250000
250000
250000
250000
250000
250000
250000
250000
250000
250000
250000
250000
250000
250000
250000
250000
250000
250000
250000
250000
250000
250000
250000
250000
250000
250000
250000
250000
250000
250000
250000
250000
250000
250000
250000
250000
250000
250000
250000
250000
250000
250000
250000
250000
250000
250000
250000
250000
250000
250000
250000
250000
250000
250000
250000
250000
250000
250000
250000
250000
250000
250000
250000
250000
250000
250000
250000
250000
250000
250000
250000
250000
250000
250000
250000
250000
250000
250000
250000
250000
250000
250000
250000
250000
250000
250000
250000
250000
250000
250000
250000
250000
250000
250000
250000
250000
250000
250000
250000
250000
250000
250000
250000
250000
250000
250000
250000
250000
250000
250000
250000
250000
250000
250000
250000
250000
250000
250000
250000
250000
250000
250000
250000
250000
250000
250000
250000
250000
250000
250000
250000
250000
250000
250000
250000
250000
250000
250000
250000
250000
250000
250000
250000
250000
250000
250000
250000
250000
250000
250000
250000
250000
250000
250000
250000
250000
250000
250000
250000
250000
250000
250000
250000
250000
250000
250000
250000
250000
250000
250000
250000
250000
250000
250000
250000
250000
250000
250000
250000
250000
250000
250000
250000
250000
250000
250000
250000
250000
250000
250000
250000
250000
250000
250000
250000
250000
250000
250000
250000
250000
250000
250000
250000
250000
250000
250000
250000
250000
250000
250000
250000
250000
250000
250000
250000
250000
250000
250000
250000
250000
250000
250000
250000
250000
250000
250000
250000
250000
250000
250000
250000
250000
250000
250000
250000
250000
250000
250000
250000
250000
250000
250000
250000
250000
250000
250000
250000
250000
250000
250000
250000
250000
250000
250000
250000
250000
250000
250000
250000
250000
250000
250000
250000
250000
250000
250000
250000
250000
250000
250000
250000
250000
250000
250000
250000
250000
250000
250000
250000
250000
250000
250000
250000
250000
250000
250000
250000
