0
25
56
80
108
140
169
185
209
212
218
227
200
206
239
234
253
244
217
216
189
197
186
178
175
161
153
156
134
154
145
138
134
124
131
110
126
103
86
99
79
83
72
67
69
56
58
52
50
67
59
61
55
43
62
58
43
27
26
23
29
50
39
36
36
39
29
36
26
21
27
24
26
23
21
16
18
22
26
23
20
20
17
13
12
14
12
16
16
12
13
13
13
11
9
10
16
17
8
7
8
12
8
10
7
9
11
11
11
11
8
3
6
14
8
9
6
5
11
14
13
16
11
14
11
6
6
7
9
7
13
11
8
9
13
6
6
9
8
6
9
15
8
12
14
13
9
6
9
6
9
11
10
7
8
5
6
10
9
7
6
10
7
7
9
8
6
7
9
7
7
6
5
3
7
11
12
10
5
9
6
6
6
7
7
5
4
4
6
7
6
5
5
7
5
8
6
8
5
6
12
7
8
6
4
6
7
9
5
9
12
8
5
4
4
7
7
9
6
8
6
8
3
5
7
6
6
4
9
6
8
14
13
8
7
9
5
5
4
7
5
4
2
6
7
3
4
5
4
6
4
8
9
9
7
8
7
6
5
7
7
9
12
7
6
8
9
8
8
12
11
12
12
7
4
7
6
7
6
6
6
5
5
7
11
8
13
10
7
10
9
11
6
4
6
3
6
6
4
4
4
5
7
4
5
7
8
5
6
3
3
2
2
0
4
1
2
5
9
5
3
5
6
6
3
2
5
10
8
7
6
7
5
3
3
6
3
4
2
3
3
6
6
3
1
2
4
4
3
5
5
6
5
5
3
5
5
4
6
4
5
4
4
3
3
2
7
5
8
10
10
8
9
5
5
7
6
2
5
7
9
10
12
11
4
6
8
6
5
6
7
5
5
3
4
4
5
8
7
6
8
6
4
2
6
3
9
6
5
3
6
4
8
8
10
7
8
5
6
9
8
6
4
4
6
7
3
5
6
6
7
3
5
3
0
3
5
6
6
8
8
5
3
3
3
4
4
3
4
7
3
2
1
3
2
5
6
3
6
9
8
10
9
5
3
5
4
8
7
6
4
6
6
5
8
8
8
4
5
4
4
4
2
1
3
1
3
3
1
3
3
4
5
6
8
5
4
2
7
9
8
7
6
6
4
3
4
4
2
3
3
4
4
3
3
5
2
0
0
2
2
6
5
6
6
4
3
6
6
4
5
5
4
3
2
2
2
3
3
5
5
6
6
7
6
3
6
7
3
3
1
2
2
4
5
4
3
4
2
5
3
4
5
2
5
3
2
1
2
4
3
2
2
1
2
1
3
2
1
4
5
6
5
5
5
8
6
3
4
4
4
5
5
5
3
3
2
2
1
3
3
