0
14
45
82
114
152
184
176
217
225
229
225
233
245
251
226
246
233
207
215
206
209
207
181
184
178
169
156
158
145
146
120
127
120
122
133
114
100
92
99
95
79
65
68
68
71
57
67
63
58
56
50
47
49
47
42
40
42
40
32
34
37
34
33
38
28
36
35
35
22
24
20
19
24
22
18
17
21
16
16
15
16
14
19
17
15
11
12
21
11
8
10
5
11
13
16
10
13
13
12
8
6
6
7
8
8
10
10
11
9
9
12
9
7
7
9
6
10
8
8
9
9
7
8
9
13
15
11
13
11
8
11
9
8
8
4
6
6
6
8
8
5
5
9
6
3
3
2
4
5
7
7
10
12
9
8
7
5
3
7
10
11
12
5
10
11
6
4
4
7
6
6
5
11
12
7
6
4
5
10
5
8
10
8
7
5
6
7
9
5
5
9
4
4
4
4
4
8
6
5
10
9
5
7
5
6
3
5
7
9
10
3
2
4
2
6
4
1
7
8
8
6
5
10
6
6
8
6
7
6
8
6
6
6
6
6
9
8
4
5
3
4
4
6
7
5
2
2
4
3
4
2
3
4
2
4
4
2
5
8
4
3
5
3
7
5
2
1
3
2
3
3
2
1
3
5
6
7
4
2
4
3
4
1
3
6
3
5
5
6
3
4
5
8
5
6
3
5
5
4
6
4
6
4
1
3
4
5
5
3
3
3
1
3
6
5
3
4
5
3
2
2
3
3
3
1
3
2
7
4
3
5
7
4
5
2
3
1
3
3
3
2
2
1
1
5
5
4
7
7
3
5
3
3
3
4
4
1
1
1
1
2
5
5
4
4
3
5
3
2
2
2
2
4
3
4
4
5
3
2
5
6
6
4
3
4
5
4
3
6
2
3
3
5
3
3
2
5
4
5
5
2
5
4
5
6
6
3
4
4
4
3
3
3
3
3
1
1
3
1
6
5
4
4
7
4
3
6
5
8
7
4
5
6
5
1
3
2
6
2
0
3
3
2
1
0
3
2
4
5
7
6
3
4
3
4
3
4
4
2
7
8
6
4
2
2
2
4
4
4
4
4
2
0
1
0
1
1
5
1
2
2
2
1
2
3
3
4
4
4
3
5
4
3
4
0
2
4
6
7
4
4
5
3
4
5
4
2
2
2
1
4
4
1
4
5
4
4
5
4
5
4
3
2
3
2
0
1
3
2
2
5
4
3
3
5
2
2
6
5
2
4
4
3
3
4
1
4
3
3
6
4
3
6
2
3
2
3
7
3
1
2
2
2
5
4
4
2
2
5
8
3
4
3
6
3
1
2
4
2
4
3
1
1
2
3
3
3
2
8
5
6
8
3
2
1
3
5
6
4
2
