0
17
34
77
113
133
155
193
212
214
230
204
225
222
234
250
246
232
227
219
238
234
217
209
171
173
169
168
165
158
139
136
131
128
134
124
120
107
98
79
71
80
72
68
79
69
67
65
62
53
45
46
47
44
42
46
31
38
45
30
28
32
26
29
34
28
35
27
23
27
36
30
18
20
23
19
20
20
13
11
21
19
18
22
23
19
24
24
22
19
11
12
15
23
22
19
16
16
16
13
9
11
9
10
8
11
8
10
14
9
13
14
10
8
8
10
11
9
12
13
10
16
11
13
10
6
8
5
7
7
9
5
8
7
9
9
7
6
12
10
8
7
3
4
4
2
4
5
4
2
3
2
6
8
7
3
7
8
4
6
9
7
9
5
7
7
8
9
7
6
6
8
5
6
6
9
9
14
10
4
4
4
8
8
7
7
9
7
7
8
8
4
5
4
6
6
4
6
4
5
9
5
6
8
9
3
7
10
12
9
9
8
11
10
10
10
11
13
15
14
13
9
6
7
6
6
8
6
6
5
4
10
6
6
7
6
6
10
7
4
5
5
5
4
3
6
4
4
7
6
7
10
8
4
9
9
8
5
1
3
4
6
6
7
9
7
8
5
8
7
5
4
3
3
2
6
7
8
7
10
7
9
8
6
6
12
7
3
5
2
7
6
4
2
10
5
5
7
7
5
5
3
6
5
10
7
7
8
6
6
4
4
2
3
6
6
5
7
5
3
4
8
8
6
8
7
3
6
5
6
5
6
6
8
3
6
11
4
6
2
4
5
6
9
9
4
6
5
7
8
6
4
6
5
2
1
3
5
3
4
3
1
1
4
5
3
4
5
9
6
7
4
3
2
3
6
3
3
2
2
5
5
5
2
3
7
8
8
7
4
4
6
8
6
6
4
3
6
5
4
4
5
6
4
6
5
7
7
5
7
8
6
6
9
7
6
6
5
4
6
4
5
7
5
7
7
8
3
4
4
6
5
6
1
3
2
3
6
2
3
3
4
4
2
5
6
6
2
2
4
4
5
7
8
7
5
2
4
3
3
2
2
3
5
3
3
0
6
5
3
3
2
6
5
4
2
3
1
2
1
1
2
7
3
4
2
4
5
5
4
3
2
4
7
5
3
2
6
6
7
6
1
4
4
4
2
1
6
7
6
7
10
8
5
8
0
3
2
5
2
9
11
8
6
3
2
3
5
3
5
4
5
8
7
12
8
9
9
8
6
4
5
2
2
3
6
4
6
4
4
6
5
4
4
2
3
3
5
3
7
11
10
6
3
4
2
2
5
4
7
3
3
2
2
4
9
9
7
3
3
4
4
6
5
3
1
5
2
3
2
3
4
6
3
6
6
4
2
3
4
3
