0
15
49
89
147
173
172
189
203
223
203
226
232
246
229
215
245
250
229
241
215
204
206
194
202
192
192
179
154
150
154
157
152
139
120
97
113
114
104
87
89
75
77
77
65
77
75
64
69
66
52
61
50
55
45
37
36
34
36
29
25
29
26
29
35
33
27
16
13
20
20
20
14
15
17
14
15
12
14
16
17
18
15
17
14
13
14
15
14
19
23
15
10
12
9
7
7
7
7
13
13
7
10
14
14
14
17
25
13
14
11
11
11
16
17
18
15
8
12
7
11
8
10
11
10
10
7
8
6
11
12
12
12
12
15
8
6
9
6
8
10
5
5
8
10
8
9
12
10
11
9
7
10
7
8
8
7
10
13
11
9
5
1
5
6
8
5
11
6
9
10
12
8
8
7
6
2
3
4
4
7
9
15
8
6
6
8
8
7
7
4
4
7
8
8
9
7
9
4
1
4
3
4
8
7
6
6
6
5
9
8
7
7
7
7
4
6
7
9
8
7
5
7
7
2
7
6
7
6
7
6
11
9
8
9
6
10
6
4
7
7
9
9
8
10
8
8
9
9
6
3
10
7
3
6
2
5
6
4
5
5
10
10
7
11
5
6
7
4
6
6
5
5
5
5
5
8
6
3
2
2
3
6
5
8
7
11
7
8
7
3
6
5
8
7
5
11
6
8
9
10
11
7
4
5
7
6
4
6
11
9
9
12
9
6
3
5
5
8
7
7
7
5
6
3
5
5
8
9
7
10
12
6
7
7
7
9
8
12
6
7
6
5
8
7
8
7
8
4
1
2
5
6
5
4
8
6
6
6
4
4
7
9
8
10
7
3
4
4
2
5
8
6
9
7
4
3
3
2
2
4
3
6
4
3
5
2
1
2
3
4
6
6
8
9
7
11
10
6
4
2
4
9
5
5
4
3
4
4
11
4
3
5
7
5
6
6
5
9
7
9
6
4
3
4
6
5
2
4
8
7
6
3
5
2
1
1
2
4
4
3
3
4
3
5
4
10
7
3
5
8
5
5
6
9
5
7
7
3
2
1
4
3
8
6
6
5
4
5
7
5
4
3
6
8
4
5
4
6
7
7
7
7
5
5
7
5
6
6
7
2
3
3
8
8
6
3
2
3
4
6
5
3
7
7
8
4
4
9
7
4
7
6
4
7
4
4
7
5
5
3
3
5
5
3
4
3
7
4
7
7
8
4
6
6
4
6
4
5
3
2
1
3
4
3
1
1
1
5
5
2
4
5
6
7
2
1
2
2
3
7
6
2
3
4
4
4
3
4
3
2
3
1
3
5
8
9
6
3
2
2
4
3
4
3
4
3
4
2
4
3
5
4
6
5
6
4
2
5
3
3
