0
4131
30079
78168
143511
222652
313327
414015
522017
636521
756610
881254
1009548
1140000
1272417
1407735
1543587
1681471
1819497
1958687
2098220
2238299
2378486
2519689
2660389
2801130
2941733
3081829
3221662
3362338
3501887
3642337
3781801
3920432
4058819
4196345
4333784
4470305
4606724
4742403
4877269
5011749
5145150
5278497
5410167
5542090
5673287
5802262
5930845
6058234
6184340
6309821
6433260
6555845
6677537
6797121
6915157
7032682
7148797
7263917
7377408
7489894
7600441
7709531
7817515
7923976
8028801
8133018
8235142
8335442
8434131
8530902
8625509
8718479
8809763
8898861
8987365
9074892
9161962
9248246
9333821
9418942
9503181
9587202
9671641
9755448
9838614
9921669
10005228
10087970
10170676
10252519
10334101
10414983
10495463
10575423
10654000
10731696
10808728
10884753
10961350
11036878
11112404
11187258
11261216
11334356
11406635
11478730
11549754
11620038
11690074
11759285
11828565
11897394
11965998
12033980
12101631
12169178
12235464
12301585
12367266
12432504
12497246
12560990
12624682
12687591
12750407
12811446
12872392
12932143
12990930
13049565
13106923
13163073
13217950
13272116
13325060
13377273
13428459
13478744
13528167
13576971
13624647
13671783
13718185
13763723
13808783
13853052
13896787
13940432
13983853
14026794
14070164
14113282
14156383
14199703
14243518
14287456
14331613
14376476
14421330
14466629
14512008
14557550
14602998
14648260
14693130
14738384
14782832
14826766
14870545
14914066
14957456
15000584
15043183
15085255
15126751
15167615
15208099
15248196
15287334
15326232
15364631
15402160
15439293
15476165
15512587
15548454
15584067
15619164
15653975
15688196
15722302
15755918
15789115
15821835
15853995
15885507
15916626
15946835
15977045
16007165
16037053
16066615
16095966
16124954
16154329
16183160
16211979
16240837
16269139
16297367
16325418
16353093
16380491
16407881
16435111
16462082
16489000
16515434
16541963
16568787
16594986
16621034
16647315
16673440
16699460
16726071
16752477
16778873
16804904
16831017
16857220
16883513
16909834
16936205
16962591
16988928
17015183
17040768
17066642
17092315
17117633
17143056
17167974
17193324
17218497
17243730
17269359
17294766
17320345
17345551
17370776
17395361
17420183
17444506
17469036
17493357
17517570
17541902
17566399
17590722
17615094
17639577
17663730
17688085
17712717
17737391
17761628
17785826
17809930
17833859
17857569
17881245
17904981
17928448
17951483
17974683
17997670
18020921
18044010
18066763
18089831
18112659
18135775
18158572
18181604
18204289
18226852
18249313
18271905
18294159
18316105
18337893
18359744
18381661
18402958
18424234
18445755
18466709
18487260
18507847
18527976
18548022
18568371
18588651
18608738
18628583
18648566
18668426
18688630
18708262
18728120
18748204
18768553
18789074
18809683
18830365
18851303
18872364
18893817
18915770
18937709
18959627
18982031
19004529
19027011
19049365
19072140
19094781
19117603
19140547
19163462
19185946
19208587
19231435
19254471
19276981
19299832
19322327
19345059
19367610
19390200
19412608
19434594
19456900
19478802
19500298
19521570
19542490
19562796
19582808
19602197
19620819
19639276
19657261
19674664
19691644
19708631
19725704
19742516
19759416
19776548
19793970
19811522
19829098
19846895
19864861
19882969
19901031
19919334
19937436
19955606
19973833
19992224
20010925
20029284
20047837
20066141
20084589
20103150
20121747
20140448
20159099
20177852
20196688
20215543
20234479
20253372
20272409
20291929
20311177
20330881
20350704
20370806
20391251
20411646
20431881
20452155
20472544
20492653
20512593
20532030
20551403
20570714
20589401
20607596
20625496
20642873
20659534
20675755
20691774
20707195
20722177
20737028
20751865
20766481
20780863
20795537
20810192
20825491
20840993
20856801
20872982
20889778
20907097
20924799
20943206
20962191
20981373
21001198
21021319
21041133
21061220
21081170
21100956
21120255
21138998
21157076
21174809
21192032
21208776
21225059
21240929
21256619
21271846
21286736
21301651
21316577
21331533
21346544
21361744
21377205
21392962
21409018
21424948
21441110
21457273
21473978
21490874
21507904
21525404
21543348
21561562
21579831
21598488
21617325
21636308
21655818
21675686
21695653
21715613
21735597
21755114
21774245
21792271
21809643
21826432
21842234
21857349
21871449
21884842
21897658
21909730
21921214
21932483
21943077
21953466
21963337
21972873
21982389
21991423
22000015
22008340
22016131
22023425
22030501
22037127
22043368
22049183
22054617
22059734
22064243
22068497
22072343
22075625
22078652
22081253
22083598
22085781
22087585
22089262
22090768
22092032
22093182
22094172
22095032
22095806
22096442
22097019
22097514
22097988
22098393
22098730
22099042
22099315
22099537
22099728
22099894
22100051
22100173
22100278
22100361
22100440
22100500
22100565
22100611
22100660
22100697
22100729
22100742
22100757
22100767
22100782
22100789
22100792
22100793
22100799
22100804
22100806
22100812
22100814
22100818
22100820
22100820
22100821
22100822
22100823
22100825
22100827
22100827
22100828
22100828
22100828
22100828
22100828
22100829
22100829
22100829
22100830
22100830
22100830
22100830
22100830
22100830
22100830
22100830
22100830
22100830
22100830
22100830
22100830
22100830
22100830
22100830
22100830
22100830
22100830
22100830
22100830
22100830
22100830
22100830
22100830
22100830
22100830
22100830
22100830
22100830
22100830
22100830
