0
3985
30104
77852
143033
222269
313220
413581
521271
636167
755818
880234
1008034
1138740
1271679
1406407
1542768
1680122
1819072
1959114
2098866
2239627
2379703
2520245
2661043
2802103
2942396
3082144
3222195
3361589
3501600
3640800
3779944
3918409
4056620
4195162
4333194
4469595
4605429
4741127
4875684
5010084
5143173
5275451
5407516
5538615
5669307
5797886
5925589
6053368
6179310
6305297
6430713
6554507
6677086
6798706
6918857
7037778
7156502
7273475
7388934
7502417
7614621
7726015
7836095
7944369
8051635
8157419
8261722
8364857
8465866
8565586
8663708
8760643
8855678
8949414
9041477
9131907
9221223
9309105
9395295
9480567
9564238
9645930
9726365
9805246
9883322
9959567
10033502
10106556
10177758
10247593
10315628
10382135
10447115
10510879
10572822
10632855
10691322
10748233
10803956
10858322
10911665
10964233
11016010
11066272
11115917
11165323
11213670
11261462
11309065
11356101
11402735
11448699
11494149
11539272
11583786
11628398
11672164
11715946
11759212
11802872
11846080
11889143
11932401
11975024
12017757
12060399
12103571
12146933
12190777
12235503
12281131
12326962
12373664
12420907
12469185
12518136
12567554
12617364
12667884
12718930
12769975
12821417
12873086
12925159
12977322
13029618
13081969
13133810
13185037
13235863
13287180
13337502
13387330
13435910
13483338
13529913
13575671
13620454
13664070
13706349
13747973
13788466
13827850
13865964
13903664
13940462
13976830
14012935
14048550
14084327
14119835
14155631
14191162
14226699
14262498
14298600
14334754
14371545
14408220
14445568
14483772
14522231
14561256
14600414
14639964
14679085
14718419
14758103
14797837
14837613
14877578
14917769
14957790
14997546
15037469
15077087
15116904
15156121
15194752
15233478
15271879
15309607
15346458
15382840
15418602
15453596
15488006
15521967
15554503
15586415
15617481
15647438
15676091
15703938
15730553
15756547
15782062
15806846
15831421
15855615
15879294
15903086
15926701
15949712
15973062
15996383
16019770
16043147
16067018
16091402
16115908
16140592
16165186
16190536
16216144
16241640
16267320
16292855
16318466
16344318
16370276
16396164
16422094
16447857
16473736
16499593
16525692
16551917
16578786
16605967
16633937
16662152
16691462
16721336
16752049
16784298
16817201
16850848
16884895
16919989
16955587
16991330
17027181
17063023
17099527
17135714
17171931
17207915
17243408
17278076
17312752
17346644
17380306
17413341
17445910
17478003
17509451
17540335
17570547
17600430
17629411
17657587
17684749
17711260
17737019
17762238
17786915
17810953
17834867
17858444
17881837
17904957
17928331
17951403
17974320
17997055
18019572
18041518
18062887
18084610
18105929
18126908
18147399
18167613
18187891
18207639
18227204
18246490
18265218
18283539
18301421
18319048
18336645
18353770
18370753
18387713
18404760
18421950
18439272
18457157
18475160
18493605
18512623
18531997
18551453
18570866
18590673
18610281
18629391
18648757
18668051
18687269
18706790
18726539
18746499
18767181
18788135
18809300
18830972
18852447
18874109
18895839
18917782
18939408
18961088
18982907
19004298
19025975
19047709
19068911
19090012
19110910
19131608
19151857
19171818
19191841
19211318
19230935
19250388
19270111
19289442
19308913
19328001
19346652
19364940
19382540
19399645
19416067
19432457
19447931
19462991
19477380
19491388
19505274
19518971
19532283
19545641
19559158
19572594
19586430
19600774
19615688
19631385
19647757
19665074
19683096
19701340
19720328
19740062
19760590
19781286
19802402
19824008
19846101
19868643
19891309
19914123
19937005
19959825
19982967
20006323
20029541
20052664
20075970
20099754
20123958
20148679
20173452
20198448
20223736
20248762
20274041
20299503
20324640
20349552
20374173
20398677
20422883
20446846
20470369
20493522
20516537
20539161
20561452
20583486
20604859
20625799
20646096
20665736
20684730
20703191
20721211
20738111
20754566
20770151
20784852
20798582
20811783
20824076
20835954
20847419
20858746
20870151
20881942
20894353
20907599
20921526
20936364
20951917
20968462
20985723
21004007
21023097
21042632
21062525
21082898
21103861
21125396
21147431
21169646
21192704
21216211
21239734
21263844
21288169
21313092
21337975
21362842
21387506
21412146
21436292
21459957
21483077
21505377
21526853
21547530
21567053
21585352
21602769
21618862
21633557
21647437
21660300
21672304
21683528
21693806
21703442
21712348
21720746
21728668
21736091
21742907
21749375
21755265
21760813
21766194
21771316
21775943
21780294
21784261
21787905
21791172
21794055
21796727
21799079
21801122
21802977
21804642
21806168
21807414
21808584
21809612
21810546
21811342
21812070
21812669
21813198
21813681
21814121
21814487
21814794
21815058
21815301
21815510
21815690
21815848
21815992
21816147
21816266
21816371
21816442
21816511
21816581
21816631
21816676
21816706
21816739
21816766
21816781
21816801
21816823
21816833
21816838
21816848
21816861
21816868
21816876
21816878
21816882
21816884
21816886
21816886
21816887
21816889
21816889
21816890
21816893
21816895
21816896
21816897
21816899
21816899
21816899
21816899
21816899
21816899
21816899
21816899
21816899
21816899
21816899
21816899
21816899
21816899
21816899
21816899
21816899
21816899
21816899
21816899
21816899
21816899
21816899
21816899
21816899
21816899
21816899
21816899
21816899
21816899
21816899
21816899
21816899
21816899
21816899
21816899
21816899
21816899
21816899
