0
4091
30203
78265
143287
222312
313244
413495
521799
636238
756812
880598
1008240
1138480
1271660
1406875
1542981
1680523
1818475
1958201
2097863
2237697
2378486
2519248
2659499
2800822
2941732
3081975
3222442
3362694
3502764
3642094
3781251
3919309
4057997
4195867
4333224
4469893
4605100
4740773
4876079
5010565
5143988
5276649
5408851
5539577
5670041
5799414
5928134
6055380
6181796
6307787
6432465
6555558
6678265
6800057
6920400
7040250
7158070
7274697
7389848
7504136
7616983
7728755
7838376
7946821
8053018
8157747
8260427
8361484
8461082
8558619
8654297
8748434
8840591
8931121
9020382
9107461
9192747
9276758
9359571
9440514
9520113
9598953
9676878
9754044
9830374
9906298
9981964
10056827
10131331
10204758
10277570
10349590
10420965
10491793
10561618
10629942
10698235
10765172
10832062
10897529
10963185
11028353
11092925
11157776
11221453
11284355
11347213
11409456
11470868
11531454
11592341
11652709
11713460
11772936
11831862
11890455
11948111
12005305
12061678
12117079
12171636
12225253
12277837
12329656
12380092
12428820
12476451
12522856
12567389
12611180
12653490
12694071
12733397
12771731
12808947
12844730
12879584
12913625
12946977
12979734
13012250
13044956
13077501
13110330
13143086
13176490
13210354
13244731
13279823
13315264
13350873
13386923
13422761
13458770
13495764
13533075
13571019
13609787
13648836
13689049
13729711
13771265
13813345
13855846
13898709
13942032
13985458
14029199
14073818
14118838
14163849
14209133
14254318
14299690
14344886
14390219
14434978
14479842
14524872
14568789
14612346
14655420
14697628
14739368
14780149
14820281
14859856
14899024
14937723
14975459
15012373
15048278
15083522
15116833
15149275
15180764
15211166
15241052
15270378
15299978
15329616
15359616
15389759
15420255
15451520
15482754
15514364
15546352
15578223
15610867
15643891
15677117
15710877
15744337
15777891
15811471
15845582
15879871
15914700
15949332
15984469
16019683
16054895
16090611
16126249
16161182
16195553
16229602
16262850
16294992
16326370
16356615
16385732
16413640
16440254
16465365
16489299
16511695
16532835
16552402
16570710
16587620
16603296
16617876
16631182
16643611
16655358
16666415
16676748
16686306
16695367
16703588
16711085
16717869
16723875
16729319
16734099
16738431
16742305
16745747
16748742
16751387
16753651
16755656
16757388
16758918
16760204
16761289
16762253
16763100
16763874
16764491
16765031
16765503
16765892
16766246
16766558
16766812
16767030
16767249
16767418
16767577
16767719
16767820
16767930
16768014
16768080
16768131
16768175
16768230
16768259
16768296
16768322
16768347
16768370
16768398
16768409
16768428
16768442
16768451
16768458
16768463
16768466
16768468
16768472
16768472
16768473
16768473
16768476
16768478
16768478
16768478
16768479
16768479
16768480
16768482
16768482
16768482
16768482
16768482
16768483
16768484
16768484
16768484
16768484
16768484
16768485
16768485
16768485
16768486
16768486
16768486
16768486
16768486
16768486
16768486
16768486
16768486
16768486
16768486
16768486
16768486
16768486
16768486
16768486
16768486
16768486
16768486
16768486
16768486
16768486
16768486
16768486
16768486
16768486
16768486
16768486
16768486
16768486
16768486
16768486
16768486
16768486
16768486
16768486
16768486
16768486
16768486
16768486
16768486
16768486
16768486
16768486
16768486
16768486
16768486
16768486
16768486
16768486
16768486
16768486
16768486
16768486
16768486
16768486
16768486
16768486
16768486
16768486
16768486
16768486
16768486
16768486
16768486
16768486
16768486
16768486
16768486
16768486
16768486
16768486
16768486
16768486
16768486
16768486
16768486
16768486
16768486
16768486
16768486
16768486
16768486
16768486
16768486
16768486
16768486
16768486
16768486
16768486
16768486
16768486
16768486
16768486
16768486
16768486
16768486
16768486
16768486
16768486
16768486
16768486
16768486
16768486
16768486
16768486
16768486
16768486
16768486
16768486
16768486
16768486
16768486
16768486
16768486
16768486
16768486
16768486
16768486
16768486
16768486
16768486
16768486
16768486
16768486
16768486
16768486
16768486
16768486
16768486
16768486
16768486
16768486
16768486
16768486
16768486
16768486
16768486
16768486
16768486
16768486
16768486
16768486
16768486
16768486
16768486
16768486
16768486
16768486
16768486
16768486
16768486
16768486
16768486
16768486
16768486
16768486
16768486
16768486
16768486
16768486
16768486
16768486
16768486
16768486
16768486
16768486
16768486
16768486
16768486
16768486
16768486
16768486
16768486
16768486
16768486
16768486
16768486
16768486
16768486
16768486
16768486
16768486
16768486
16768486
16768486
16768486
16768486
16768486
16768486
16768486
16768486
16768486
16768486
16768486
16768486
16768486
16768486
16768486
16768486
16768486
16768486
16768486
16768486
16768486
16768486
16768486
16768486
16768486
16768486
16768486
16768486
16768486
16768486
16768486
16768486
16768486
16768486
16768486
16768486
16768486
16768486
16768486
16768486
16768486
16768486
16768486
16768486
16768486
16768486
16768486
16768486
16768486
16768486
16768486
16768486
16768486
16768486
16768486
16768486
16768486
16768486
16768486
16768486
16768486
16768486
16768486
16768486
16768486
16768486
16768486
16768486
16768486
16768486
16768486
16768486
16768486
16768486
16768486
16768486
16768486
16768486
16768486
16768486
16768486
16768486
16768486
16768486
16768486
16768486
