0	0
0.1	0
0.2	0
0.3	0
0.4	0
0.5	0
0.6	0
0.7	0
0.8	0
0.9	0
1	0
1.1	0
1.2	0
1.3	0
1.4	0
1.5	0
1.6	0
1.7	0
1.8	0
1.9	0
2	0
2.1	0
2.2	0
2.3	0
2.4	0
2.5	0
2.6	0
2.7	0
2.8	0
2.9	0
3	0
3.1	0
3.2	0
3.3	0
3.4	0
3.5	0
3.6	0
3.7	0
3.8	0
3.9	0
4	0
4.1	0
4.2	0
4.3	0
4.4	0
4.5	0
4.6	0
4.7	0
4.8	0
4.9	0
5	0
5.1	0
5.2	0
5.3	0
5.4	0
5.5	0
5.6	0
5.7	0
5.8	0
5.9	0
6	0
6.1	0
6.2	0
6.3	0
6.4	0
6.5	0
6.6	0
6.7	0
6.8	0
6.9	0
7	0
7.1	0
7.2	0
7.3	0
7.4	0
7.5	0
7.6	0
7.7	0
7.8	0
7.9	0
8	0
8.1	0
8.2	0
8.3	0
8.4	0
8.5	0
8.6	0
8.7	0
8.8	0
8.9	0
9	0
9.1	0
9.2	0
9.3	0
9.4	0
9.5	0
9.6	0
9.7	0
9.8	0
9.9	0
10	0
10.1	0
10.2	0
10.3	0
10.4	0
10.5	0
10.6	0
10.7	0
10.8	0
10.9	0
11	0
11.1	0
11.2	0
11.3	0
11.4	0
11.5	0
11.6	0
11.7	0
11.8	0
11.9	0
12	0
12.1	0
12.2	0
12.3	0
12.4	0
12.5	0
12.6	0
12.7	0
12.8	0
12.9	0
13	0
13.1	0
13.2	0
13.3	0
13.4	0
13.5	0
13.6	0
13.7	0
13.8	0
13.9	0
14	0
14.1	0
14.2	0
14.3	0
14.4	0.1
14.5	0.1
14.6	0.1
14.7	0.1
14.8	0.1
14.9	0.1
15	0.1
15.1	0.1
15.2	0.1
15.3	0.1
15.4	0.1
15.5	0.1
15.6	0.2
15.7	0.2
15.8	0.3
15.9	0.2
16	0.2
16.1	0.3
16.2	0.3
16.3	0.3
16.4	0.3
16.5	0.3
16.6	0.3
16.7	0.3
16.8	0.3
16.9	0.4
17	0.4
17.1	0.4
17.2	0.4
17.3	0.4
17.4	0.4
17.5	0.4
17.6	0.4
17.7	0.5
17.8	0.5
17.9	0.5
18	0.5
18.1	0.5
18.2	0.5
18.3	0.4
18.4	0.5
18.5	0.5
18.6	0.5
18.7	0.5
18.8	0.5
18.9	0.5
19	0.5
19.1	0.5
19.2	0.6
19.3	0.6
19.4	0.6
19.5	0.6
19.6	0.6
19.7	0.6
19.8	0.6
19.9	0.6
20	0.6
20.1	0.6
20.2	0.6
20.3	0.6
20.4	0.6
20.5	0.6
20.6	0.6
20.7	0.6
20.8	0.5
20.9	0.5
21	0.6
21.1	0.6
21.2	0.6
21.3	0.6
21.4	0.5
21.5	0.6
21.6	0.6
21.7	0.6
21.8	0.6
21.9	0.7
22	0.6
22.1	0.6
22.2	0.6
22.3	0.6
22.4	0.6
22.5	0.6
22.6	0.6
22.7	0.6
22.8	0.6
22.9	0.6
23	0.6
23.1	0.6
23.2	0.6
23.3	0.6
23.4	0.6
23.5	0.6
23.6	0.6
23.7	0.7
23.8	0.7
23.9	0.6
24	0.6
24.1	0.6
24.2	0.6
24.3	0.6
24.4	0.6
24.5	0.6
24.6	0.6
24.7	0.6
24.8	0.7
24.9	0.7
25	0.7
25.1	0.7
25.2	0.7
25.3	0.7
25.4	0.7
25.5	0.7
25.6	0.7
25.7	0.7
25.8	0.7
25.9	0.8
26	0.8
26.1	0.8
26.2	0.8
26.3	0.9
26.4	0.9
26.5	0.8
26.6	0.8
26.7	0.8
26.8	0.8
26.9	0.8
27	0.8
27.1	0.8
27.2	0.8
27.3	0.8
27.4	0.9
27.5	0.9
27.6	0.9
27.7	1
27.8	1
27.9	1
28	1
28.1	1
28.2	1
28.3	1
28.4	1
28.5	0.9
28.6	1
28.7	1
28.8	1
28.9	1
29	1
29.1	1
29.2	1
29.3	1
29.4	1
29.5	1
29.6	1
29.7	1
29.8	1
29.9	1
30	1
30.1	0.9
30.2	0.9
30.3	1
30.4	1.1
30.5	1.1
30.6	1.1
30.7	1.1
30.8	1.1
30.9	1.1
31	1.1
31.1	1.1
31.2	1.1
31.3	1.1
31.4	1.1
31.5	1.1
31.6	1
31.7	1
31.8	1
31.9	1
32	1
32.1	1
32.2	1
32.3	1
32.4	1
32.5	1.1
32.6	1.1
32.7	1.1
32.8	1
32.9	1
33	1
33.1	1
33.2	1
33.3	1
33.4	0.9
33.5	0.8
33.6	0.8
33.7	0.8
33.8	0.8
33.9	0.9
34	0.9
34.1	0.9
34.2	0.9
34.3	0.9
34.4	0.9
34.5	0.9
34.6	0.9
34.7	0.9
34.8	0.9
34.9	0.9
35	0.9
35.1	1
35.2	1.1
35.3	1.1
35.4	1.1
35.5	1.1
35.6	1.2
35.7	1.4
35.8	1.4
35.9	1.4
36	1.4
36.1	1.4
36.2	1.4
36.3	1.4
36.4	1.3
36.5	1.3
36.6	1.2
36.7	1.2
36.8	1.2
36.9	1.3
37	1.3
37.1	1.2
37.2	1.2
37.3	1.2
37.4	1.2
37.5	1.2
37.6	1.1
37.7	1.1
37.8	1.1
37.9	1.1
38	1.1
38.1	1.1
38.2	1.1
38.3	1.2
38.4	1.2
38.5	1.2
38.6	1.2
38.7	1.2
38.8	1.3
38.9	1.3
39	1.3
39.1	1.3
39.2	1.3
39.3	1.3
39.4	1.5
39.5	1.4
39.6	1.4
39.7	1.4
39.8	1.3
39.9	1.3
40	1.3
40.1	1.3
40.2	1.3
40.3	1.3
40.4	1.3
40.5	1.3
40.6	1.3
40.7	1.3
40.8	1.3
40.9	1.3
41	1.4
41.1	1.4
41.2	1.4
41.3	1.3
41.4	1.3
41.5	1.3
41.6	1.3
41.7	1.2
41.8	1.2
41.9	1.2
42	1.2
42.1	1.2
42.2	1.2
42.3	1.2
42.4	1.2
42.5	1.2
42.6	1.3
42.7	1.3
42.8	1.3
42.9	1.3
43	1.2
43.1	1.2
43.2	1.2
43.3	1.1
43.4	1
43.5	1
43.6	1
43.7	1.1
43.8	1.1
43.9	1.1
44	1.1
44.1	1.1
44.2	1.2
44.3	1.2
44.4	1.2
44.5	1.2
44.6	1.2
44.7	1.2
44.8	1.2
44.9	1.2
45	1.2
45.1	1.2
45.2	1.3
45.3	1.3
45.4	1.3
45.5	1.3
45.6	1.3
45.7	1.3
45.8	1.3
45.9	1.3
46	1.2
46.1	1.2
46.2	1.2
46.3	1.2
46.4	1.2
46.5	1.2
46.6	1.2
46.7	1.2
46.8	1.2
46.9	1.2
47	1.2
47.1	1.2
47.2	1.2
47.3	1.2
47.4	1.2
47.5	1.2
47.6	1.2
47.7	1.2
47.8	1.2
47.9	1.2
48	1.1
48.1	1.2
48.2	1.2
48.3	1.1
48.4	1.1
48.5	1
48.6	1
48.7	1
48.8	1.1
48.9	1.2
49	1.2
49.1	1.1
49.2	1.1
49.3	1.2
49.4	1.2
49.5	1.2
49.6	1.2
49.7	1.2
49.8	1.2
49.9	1.2
50	1.2
50.1	1.2
50.2	1.2
50.3	1.2
50.4	1.2
50.5	1.3
50.6	1.3
50.7	1.3
50.8	1.3
50.9	1.4
51	1.4
51.1	1.5
51.2	1.5
51.3	1.6
51.4	1.6
51.5	1.6
51.6	1.6
51.7	1.7
51.8	1.8
51.9	1.9
52	1.9
52.1	1.9
52.2	1.9
52.3	1.9
52.4	1.9
52.5	1.9
52.6	1.9
52.7	1.9
52.8	1.9
52.9	1.9
53	1.8
53.1	1.8
53.2	1.8
53.3	1.8
53.4	1.7
53.5	1.7
53.6	1.7
53.7	1.7
53.8	1.7
53.9	1.8
54	1.7
54.1	1.7
54.2	1.8
54.3	1.8
54.4	1.8
54.5	1.8
54.6	1.8
54.7	1.8
54.8	1.8
54.9	1.9
55	1.9
55.1	1.9
55.2	1.9
55.3	1.9
55.4	1.8
55.5	1.8
55.6	1.8
55.7	1.8
55.8	1.8
55.9	1.8
56	1.8
56.1	1.9
56.2	1.9
56.3	1.9
56.4	1.9
56.5	2
56.6	1.9
56.7	1.9
56.8	1.9
56.9	1.9
57	2
57.1	2
57.2	2
57.3	2
57.4	2.1
57.5	2.2
57.6	2.2
57.7	2.2
57.8	2.2
57.9	2.1
58	2.1
58.1	2.1
58.2	2.1
58.3	2.1
58.4	2.1
58.5	2.1
58.6	2.1
58.7	2
58.8	2
58.9	2
59	1.9
59.1	1.8
59.2	1.9
59.3	1.9
59.4	1.9
59.5	1.9
59.6	1.9
59.7	2
59.8	2
59.9	2
60	2
