0
1
27
75
138
220
322
426
519
616
696
797
908
1036
1131
1206
1303
1407
1501
1602
1696
1746
1819
1886
1937
1966
2005
2065
2123
2175
2222
2284
2330
2347
2385
2410
2433
2477
2518
2515
2531
2507
2536
2547
2533
2514
2502
2520
2533
2537
2535
2553
2547
2575
2553
2534
2527
2518
2501
2528
2514
2488
2480
2460
2470
2453
2441
2440
2422
2412
2418
2400
2386
2368
2327
2299
2289
2274
2256
2212
2194
2163
2141
2108
2080
2033
2020
2010
1973
1930
1895
1859
1839
1818
1804
1761
1737
1732
1711
1675
1649
1613
1583
1554
1542
1512
1507
1489
1465
1443
1422
1364
1325
1306
1291
1304
1301
1292
1256
1239
1213
1200
1177
1173
1163
1147
1130
1146
1139
1126
1123
1114
1124
1124
1099
1087
1100
1092
1100
1085
1081
1086
1064
1060
1038
1038
1049
1044
1047
1049
1044
1035
1012
1029
1022
1012
1019
1034
1018
1006
1006
996
999
983
972
976
971
946
938
919
910
884
887
875
869
862
857
845
847
846
842
854
850
843
837
828
834
836
836
837
852
848
835
837
835
833
820
817
831
833
829
845
842
832
813
820
815
830
814
807
797
792
773
771
771
764
758
740
727
723
713
695
685
683
663
653
654
643
630
613
609
603
602
598
607
598
598
595
584
589
590
578
580
568
566
569
570
559
561
570
570
580
592
588
586
575
592
604
607
604
627
648
641
638
654
667
679
690
697
688
689
683
673
660
675
675
667
654
648
646
642
636
629
620
613
619
617
618
619
616
613
606
593
595
589
593
584
577
564
553
559
565
558
530
518
499
486
472
468
459
463
461
450
447
442
439
433
433
427
414
405
402
399
405
401
407
394
389
393
377
368
367
358
364
366
366
366
375
376
385
382
388
401
401
401
404
397
396
401
404
412
405
412
413
411
406
408
410
409
430
428
414
412
415
405
407
416
417
410
413
401
386
374
360
354
346
342
341
341
345
348
345
345
348
349
359
363
355
368
363
363
366
365
378
385
391
393
395
398
407
420
421
421
406
399
412
421
419
427
427
440
434
443
450
455
465
480
477
482
498
497
483
496
495
490
491
492
497
499
491
491
490
488
477
463
460
443
431
415
410
398
395
393
389
391
391
392
388
385
379
377
375
374
364
365
361
361
367
363
368
371
365
362
367
376
387
389
396
389
401
402
399
390
396
392
400
394
393
397
384
390
393
393
381
382
377
370
356
347
326
320
309
301
292
283
280
272
271
259
253
244
233
225
219
216
207
199
186
177
166
159
153
148
141
136
129
129
127
125
119
117
109
104
104
99
92
86
82
79
74
69
63
59
56
56
55
52
50
50
50
48
46
44
41
38
35
34
32
32
31
31
31
29
25
24
24
21
20
19
18
15
15
15
14
12
12
11
11
9
9
9
9
8
8
8
7
7
7
7
7
7
7
7
7
6
6
5
5
5
5
4
4
4
4
4
4
4
4
3
2
2
