0
4
32
87
141
206
330
429
561
642
735
865
954
1054
1162
1251
1340
1435
1511
1601
1672
1767
1846
1925
1984
2033
2071
2124
2202
2250
2296
2330
2392
2452
2459
2500
2507
2517
2557
2588
2580
2579
2589
2585
2567
2559
2575
2605
2597
2606
2576
2585
2597
2608
2574
2579
2576
2589
2595
2587
2570
2542
2529
2526
2543
2530
2511
2501
2473
2471
2459
2458
2438
2400
2362
2330
2309
2269
2268
2259
2237
2220
2188
2159
2113
2081
2070
2057
2031
2003
1957
1950
1913
1883
1862
1818
1794
1755
1745
1724
1718
1680
1655
1649
1610
1591
1585
1572
1556
1525
1505
1482
1454
1460
1475
1441
1443
1405
1385
1378
1377
1354
1335
1318
1323
1312
1302
1291
1271
1238
1215
1200
1193
1169
1145
1114
1120
1103
1083
1067
1048
1024
999
994
961
951
931
927
912
894
866
866
864
853
856
850
847
844
828
824
839
837
835
842
849
852
863
861
855
840
844
864
875
878
870
873
877
862
867
876
875
868
882
873
899
907
891
876
865
871
866
860
866
854
836
837
831
821
824
802
792
790
776
760
757
754
738
735
721
720
725
710
695
696
684
681
700
698
709
705
693
688
705
698
690
682
678
667
673
686
686
679
683
678
664
666
652
645
635
624
603
598
577
566
567
554
545
528
519
512
495
479
468
454
442
427
414
399
388
372
358
349
337
322
307
291
279
268
254
244
234
223
212
200
188
179
170
165
164
159
155
145
137
126
121
116
112
107
102
98
91
88
83
81
79
76
75
73
67
64
59
54
51
50
47
45
44
41
36
35
33
33
31
29
28
28
27
25
24
23
22
21
20
19
19
19
19
17
16
14
13
13
13
13
12
11
10
10
10
10
10
9
9
9
9
9
9
8
7
7
6
5
5
5
5
5
4
4
4
4
4
4
4
3
2
2
2
1
1
1
1
1
1
1
1
1
1
1
1
1
1
1
1
1
1
1
0
0
0
0
0
0
0
0
0
0
0
0
0
0
0
0
0
0
0
0
0
0
0
0
0
0
0
0
0
0
0
0
0
0
0
0
0
0
0
0
0
0
0
0
0
0
0
0
0
0
0
0
0
0
0
0
0
0
0
0
0
0
0
0
0
0
0
0
0
0
0
0
0
0
0
0
0
0
0
0
0
0
0
0
0
0
0
0
0
0
0
0
0
0
0
0
0
0
0
0
0
0
0
0
0
0
0
0
0
0
0
0
0
0
0
0
0
0
0
0
0
0
0
0
0
0
0
0
0
0
0
0
0
0
0
0
0
0
0
0
0
0
0
0
0
0
0
0
0
0
0
0
0
0
0
0
0
0
0
0
0
0
0
0
0
0
0
0
0
0
0
0
0
0
0
0
0
0
0
0
0
0
0
0
0
0
0
0
0
0
0
0
0
0
0
0
0
0
0
0
0
0
0
0
0
0
0
0
0
0
0
0
0
0
0
