0
4
36
80
146
249
331
418
537
628
727
842
936
1055
1159
1251
1384
1486
1553
1597
1690
1771
1836
1892
1973
2041
2089
2109
2162
2213
2239
2279
2302
2350
2377
2428
2453
2506
2526
2529
2542
2569
2626
2654
2649
2686
2682
2705
2718
2718
2735
2688
2649
2662
2666
2676
2668
2645
2625
2603
2597
2577
2552
2518
2518
2477
2455
2445
2418
2367
2363
2343
2322
2288
2260
2245
2229
2188
2173
2151
2146
2143
2138
2129
2104
2102
2092
2076
2073
2036
2020
2013
1985
1965
1937
1909
1930
1901
1887
1855
1823
1807
1797
1751
1707
1668
1650
1615
1619
1586
1555
1530
1480
1446
1408
1382
1376
1364
1343
1326
1319
1298
1302
1280
1247
1239
1226
1214
1201
1190
1185
1182
1190
1179
1176
1165
1132
1114
1104
1079
1066
1056
1047
1062
1044
1049
1067
1057
1058
1062
1075
1078
1081
1069
1060
1058
1069
1073
1051
1042
1064
1073
1065
1053
1052
1032
1040
1031
1031
1026
1019
1024
1014
1005
1001
978
968
970
963
952
953
959
960
957
957
955
938
937
923
925
916
918
911
899
897
888
873
867
859
853
860
841
829
809
814
796
791
788
783
774
773
763
747
747
740
721
716
706
698
684
694
683
663
641
633
626
619
614
608
600
600
595
594
605
594
583
584
596
596
593
596
596
601
604
593
602
584
578
564
555
536
539
537
553
566
551
552
556
569
581
578
587
593
592
600
597
598
605
602
606
609
612
617
611
613
613
607
608
624
622
621
625
622
615
612
602
602
619
616
606
590
582
583
578
583
590
588
583
570
572
566
574
569
570
571
581
583
581
576
579
572
570
562
547
549
542
535
515
510
501
506
504
504
505
495
497
503
498
499
491
485
488
486
486
482
488
481
470
488
491
494
490
483
482
483
470
467
462
456
454
459
469
469
477
485
491
490
488
488
497
492
493
477
467
467
473
474
476
477
481
487
483
468
467
468
467
467
470
478
489
496
487
477
471
467
481
478
489
489
492
495
497
483
484
489
482
474
469
479
486
483
494
500
501
511
508
507
498
503
498
495
483
490
488
482
489
498
493
492
485
477
478
473
474
474
474
464
463
460
462
453
454
460
455
457
453
443
446
442
430
432
432
432
438
438
430
428
431
427
432
421
416
410
403
405
397
404
407
387
389
389
386
386
393
389
386
388
391
385
381
383
383
377
365
367
370
368
369
368
367
362
356
351
348
352
350
351
353
346
350
356
352
357
357
351
351
356
369
366
369
376
378
375
380
382
385
381
389
390
395
395
392
385
387
394
389
389
385
378
379
381
381
383
385
380
382
383
377
367
370
377
371
368
362
341
346
353
353
353
343
346
350
349
339
343
341
344
347
349
347
349
349
351
350
361
371
367
359
363
363
370
378
385
383
371
359
360
363
360
362
353
352
344
336
335
323
322
315
312
306
310
301
304
301
289
292
302
311
314
311
319
313
324
321
328
335
335
333
344
344
340
