0
2
27
68
124
203
302
403
476
569
682
798
909
1014
1119
1228
1348
1438
1544
1623
1708
1777
1865
1936
1999
2031
2090
2123
2155
2212
2260
2320
2358
2400
2434
2467
2496
2510
2525
2544
2593
2585
2554
2570
2554
2557
2567
2567
2562
2565
2569
2575
2597
2585
2586
2613
2601
2580
2571
2562
2567
2546
2545
2511
2524
2494
2471
2445
2423
2411
2392
2390
2366
2369
2362
2327
2297
2285
2273
2262
2234
2214
2197
2185
2158
2135
2113
2103
2099
2077
2088
2064
2049
2031
2005
1993
1941
1934
1903
1874
1880
1858
1853
1828
1787
1758
1739
1716
1689
1679
1663
1628
1621
1608
1586
1560
1540
1502
1486
1448
1428
1387
1382
1353
1319
1298
1271
1239
1216
1205
1182
1152
1136
1109
1082
1055
1022
1002
1000
971
928
921
903
895
882
864
857
844
844
829
816
806
794
781
777
779
774
781
787
772
759
735
726
730
722
715
702
692
681
670
668
681
684
692
677
669
673
672
672
674
673
661
651
652
647
653
651
652
641
631
631
611
600
586
579
576
572
576
574
570
580
563
574
562
567
567
564
562
555
546
547
543
533
531
527
522
518
518
519
508
512
518
517
521
541
535
536
535
540
538
529
530
537
544
547
546
543
547
545
552
549
559
569
560
555
560
557
562
572
571
578
576
572
562
553
545
548
549
555
562
557
557
547
530
522
524
526
517
516
526
521
533
530
545
551
560
557
564
560
579
583
583
592
596
595
589
575
574
562
554
539
537
519
512
507
501
494
493
488
490
489
486
481
476
467
482
475
472
479
484
494
474
480
470
469
461
460
460
478
488
502
511
514
522
523
531
533
536
542
531
525
520
526
519
514
499
490
478
466
463
445
434
430
416
400
393
381
373
362
351
342
330
313
306
296
277
267
255
247
236
228
216
207
197
189
178
171
165
153
148
136
130
123
112
107
102
97
94
91
88
83
79
71
64
58
56
54
52
49
48
44
44
42
38
35
28
25
24
24
21
19
18
17
15
14
14
14
14
14
12
12
11
11
11
11
11
11
10
10
10
10
8
7
7
7
7
6
5
4
4
4
4
4
3
3
1
1
1
1
1
1
1
1
1
1
1
1
1
1
1
0
0
0
0
0
0
0
0
0
0
0
0
0
0
0
0
0
0
0
0
0
0
0
0
0
0
0
0
0
0
0
0
0
0
0
0
0
0
0
0
0
0
0
0
0
0
0
0
0
0
0
0
0
0
0
0
0
0
0
0
0
0
0
0
0
0
0
0
0
0
0
0
0
0
0
0
0
0
0
0
0
0
0
0
0
0
0
0
0
0
0
0
0
0
0
0
0
0
0
0
0
0
0
0
0
0
0
0
0
0
0
0
0
0
0
0
0
0
0
0
0
0
0
0
0
0
0
0
0
0
0
0
0
0
0
0
0
0
0
0
0
0
0
0
0
0
0
0
0
0
0
