0	0
0.1	4
0.2	28.9
0.3	77.6
0.4	145.7
0.5	228.2
0.6	324.2
0.7	418.2
0.8	526.4
0.9	631.1
1	735.8
1.1	843.5
1.2	945.1
1.3	1054.8
1.4	1164
1.5	1257.7
1.6	1360.3
1.7	1456.4
1.8	1537.3
1.9	1621.5
2	1714.7
2.1	1785.4
2.2	1862.1
2.3	1935.7
2.4	1996.5
2.5	2043.8
2.6	2098.5
2.7	2150.6
2.8	2200.7
2.9	2241.8
3	2289.3
3.1	2326.1
3.2	2366
3.3	2415.6
3.4	2447.6
3.5	2475.6
3.6	2506
3.7	2525.6
3.8	2548.3
3.9	2568.3
4	2586.6
4.1	2589.2
4.2	2606.7
4.3	2616
4.4	2616.1
4.5	2625.5
4.6	2638
4.7	2646.7
4.8	2646.1
4.9	2644.1
5	2632
5.1	2627.1
5.2	2623.1
5.3	2626.7
5.4	2617.5
5.5	2612.3
5.6	2603.9
5.7	2599.7
5.8	2592.7
5.9	2577.8
6	2568.2
6.1	2547
6.2	2534.2
6.3	2515.5
6.4	2507.2
6.5	2483
6.6	2462.1
6.7	2444.3
6.8	2427.8
6.9	2404.6
7	2392.5
7.1	2373.3
7.2	2354.2
7.3	2336.7
7.4	2315.3
7.5	2289.1
7.6	2266.1
7.7	2241.8
7.8	2226.1
7.9	2200.3
8	2174.6
8.1	2154.9
8.2	2131.2
8.3	2112
8.4	2083.4
8.5	2061.4
8.6	2042.2
8.7	2029.6
8.8	2006.4
8.9	1982.3
9	1955.9
9.1	1936.3
9.2	1912.8
9.3	1893.5
9.4	1871.1
9.5	1846.2
9.6	1825.4
9.7	1798.6
9.8	1770
9.9	1742.8
10	1725.5
10.1	1701
10.2	1684.5
10.3	1659.5
10.4	1631
10.5	1602.6
10.6	1586.3
10.7	1560.1
10.8	1547.1
10.9	1527.5
11	1506.3
11.1	1478.6
11.2	1452
11.3	1431.6
11.4	1415.2
11.5	1396.9
11.6	1386.8
11.7	1368.8
11.8	1353
11.9	1333.7
12	1322.1
12.1	1307.1
12.2	1293.4
12.3	1278.3
12.4	1263.6
12.5	1252
12.6	1237.7
12.7	1226
12.8	1214.7
12.9	1202.3
13	1190.6
13.1	1177
13.2	1167.5
13.3	1154.8
13.4	1136.8
13.5	1121
13.6	1105.2
13.7	1091.4
13.8	1079.5
13.9	1067.6
14	1055.4
14.1	1043.5
14.2	1024.6
14.3	1015.6
14.4	994.5
14.5	983.8
14.6	974.2
14.7	958.7
14.8	950.2
14.9	939.2
15	924.1
15.1	916.4
15.2	904.7
15.3	893.2
15.4	884.4
15.5	876
15.6	864.5
15.7	860.2
15.8	849.4
15.9	837.2
16	832.1
16.1	820.5
16.2	814.8
16.3	806.4
16.4	800.7
16.5	795
16.6	792.9
16.7	780.5
16.8	773.2
16.9	761.5
17	755.9
17.1	755.5
17.2	752.6
17.3	745.7
17.4	737
17.5	727.7
17.6	723.2
17.7	712.3
17.8	708
17.9	702
18	697.5
18.1	691.7
18.2	688.2
18.3	684.8
18.4	684.3
18.5	683.9
18.6	676.9
18.7	671.3
18.8	664.9
18.9	658.6
19	657
19.1	651.6
19.2	648.2
19.3	644.3
19.4	638.4
19.5	635.9
19.6	628.6
19.7	626.7
19.8	626.7
19.9	618.9
20	614
20.1	607.2
20.2	601.3
20.3	594.6
20.4	589.5
20.5	585.1
20.6	581.2
20.7	581.1
20.8	573.2
20.9	572.4
21	573.2
21.1	566.8
21.2	559.4
21.3	556.6
21.4	553.9
21.5	551.5
21.6	552
21.7	545.5
21.8	546.2
21.9	542.8
22	541.4
22.1	539.2
22.2	537.7
22.3	536.4
22.4	535.3
22.5	531.5
22.6	528.9
22.7	523.6
22.8	520.6
22.9	518.3
23	514.6
23.1	512.3
23.2	510
23.3	508.4
23.4	504.9
23.5	501.5
23.6	495.9
23.7	494.9
23.8	492.3
23.9	490.6
24	487.3
24.1	482.8
24.2	482
24.3	477.3
24.4	475.2
24.5	471.4
24.6	469.7
24.7	465
24.8	459.8
24.9	458
25	452.4
25.1	453
25.2	450.1
25.3	446.8
25.4	442.9
25.5	437.9
25.6	435.2
25.7	435.8
25.8	434.3
25.9	434.4
26	435.6
26.1	438.6
26.2	434.1
26.3	428.3
26.4	428.7
26.5	429.4
26.6	427.1
26.7	427.7
26.8	424
26.9	423
27	419.8
27.1	418.4
27.2	414.5
27.3	416
27.4	414.3
27.5	412.6
27.6	407.9
27.7	404.4
27.8	404.5
27.9	403.6
28	401.6
28.1	397.5
28.2	395.6
28.3	393.1
28.4	389.5
28.5	388.4
28.6	385.6
28.7	385.7
28.8	382.7
28.9	379.9
29	375.9
29.1	373.1
29.2	367.1
29.3	365.6
29.4	366.2
29.5	365.9
29.6	364.5
29.7	361.5
29.8	355.5
29.9	355.5
30	354.7
30.1	354.4
30.2	353.7
30.3	347.4
30.4	346
30.5	345.7
30.6	342
30.7	339.9
30.8	340.6
30.9	340.6
31	339.1
31.1	337
31.2	333.6
31.3	329.5
31.4	326.5
31.5	328.1
31.6	330.5
31.7	329.2
31.8	328.5
31.9	328
32	329.1
32.1	330.8
32.2	331.8
32.3	331.1
32.4	329.9
32.5	331.5
32.6	332.6
32.7	333.7
32.8	333.2
32.9	329.3
33	329.4
33.1	329.7
33.2	329.1
33.3	331.5
33.4	327.8
33.5	327
33.6	326.2
33.7	325.1
33.8	323.7
33.9	322.7
34	322.1
34.1	321.5
34.2	320.9
34.3	317.6
34.4	313.6
34.5	309.5
34.6	306.3
34.7	302.5
34.8	300.9
34.9	298.6
35	296.4
35.1	294.3
35.2	292.2
35.3	289.5
35.4	287.8
35.5	285.1
35.6	283.1
35.7	280.2
35.8	276.5
35.9	277
36	273.9
36.1	269.5
36.2	265.5
36.3	262.7
36.4	259
36.5	255.1
36.6	252.7
36.7	252.7
36.8	248.2
36.9	246.2
37	247.4
37.1	242.8
37.2	238.4
37.3	237
37.4	235.9
37.5	235.2
37.6	234.3
37.7	234.3
37.8	234.3
37.9	235.9
38	235.4
38.1	236.1
38.2	235.5
38.3	236.6
38.4	235.3
38.5	238.4
38.6	237.3
38.7	237.8
38.8	239.4
38.9	238.3
39	237.9
39.1	238.9
39.2	235.2
39.3	235.9
39.4	235.4
39.5	234.1
39.6	233.2
39.7	235.3
39.8	235.7
39.9	236.8
40	236.5
40.1	239.2
40.2	240.5
40.3	237.8
40.4	236.5
40.5	237.6
40.6	237.6
40.7	235.2
40.8	238.6
40.9	237.8
41	237
41.1	233.3
41.2	234.2
41.3	234.9
41.4	235
41.5	237.5
41.6	240
41.7	240.2
41.8	241
41.9	241
42	240.8
42.1	240.5
42.2	241.5
42.3	242.3
42.4	242.3
42.5	243
42.6	242.7
42.7	242.9
42.8	244.3
42.9	244.9
43	244.4
43.1	246.2
43.2	247.3
43.3	242.5
43.4	240
43.5	237.6
43.6	233.7
43.7	229.7
43.8	226.8
43.9	225.6
44	223.4
44.1	222.4
44.2	220.8
44.3	221.4
44.4	219.7
44.5	215.3
44.6	213.5
44.7	211.9
44.8	209.2
44.9	207.6
45	205.5
45.1	202.2
45.2	200.2
45.3	197.7
45.4	196.2
45.5	192.9
45.6	192.6
45.7	190.9
45.8	187.2
45.9	185.1
46	183
46.1	180.8
46.2	178.2
46.3	177.8
46.4	178.2
46.5	178
46.6	177.5
46.7	178.7
46.8	176.3
46.9	177.2
47	176.7
47.1	176.7
47.2	174.5
47.3	171.6
47.4	169.5
47.5	167.6
47.6	164.7
47.7	164.4
47.8	164.4
47.9	161.5
48	160.8
48.1	158.8
48.2	156.3
48.3	153.5
48.4	149.8
48.5	147.6
48.6	145.3
48.7	142.8
48.8	139.4
48.9	136.9
49	134.9
49.1	131.7
49.2	129.7
49.3	127.7
49.4	125.4
49.5	125.3
49.6	124.2
49.7	124.8
49.8	122.6
49.9	122.5
50	121.6
50.1	121.9
50.2	120.3
50.3	120.6
50.4	120.8
50.5	119.3
50.6	117.7
50.7	115.7
50.8	113.5
50.9	113.5
51	113.8
51.1	110.5
51.2	107.8
51.3	107.6
51.4	105.8
51.5	103.8
51.6	103.3
51.7	102.5
51.8	101.2
51.9	99.6
52	97.6
52.1	95.1
52.2	94.8
52.3	95
52.4	94
52.5	91.4
52.6	90.1
52.7	88.9
52.8	86.7
52.9	85.3
53	85.2
53.1	82.4
53.2	80.7
53.3	80.2
53.4	77.5
53.5	76.5
53.6	75.6
53.7	75
53.8	74.6
53.9	73
54	73.2
54.1	72.2
54.2	70.3
54.3	67.8
54.4	66.6
54.5	65.4
54.6	64.5
54.7	63.5
54.8	63
54.9	61.7
55	61
55.1	59.6
55.2	58.8
55.3	57.2
55.4	57.2
55.5	57.6
55.6	56.3
55.7	54.7
55.8	53.4
55.9	52.9
56	52.1
56.1	51.9
56.2	51.8
56.3	51.3
56.4	49.5
56.5	48
56.6	47.5
56.7	47.3
56.8	46.3
56.9	46.2
57	44.9
57.1	44.4
57.2	42.7
57.3	41.6
57.4	41
57.5	39.4
57.6	39
57.7	38.2
57.8	37.7
57.9	36.8
58	36.8
58.1	35.6
58.2	35.6
58.3	34.7
58.4	33.1
58.5	33.1
58.6	34
58.7	34.8
58.8	35
58.9	34.4
59	35.1
59.1	34.4
59.2	35.4
59.3	35.1
59.4	35.6
59.5	36.2
59.6	36.1
59.7	35.9
59.8	36.9
59.9	36.8
60	36.4
