0
0
0
0
0
0
0
0
0
0
0
0
0
0
0
0
1
1
1
1
1
1
1
2
2
2
2
2
2
2
2
2
2
3
4
4
5
5
5
5
5
6
8
8
8
8
8
9
9
9
9
9
10
11
11
14
14
14
14
14
14
14
15
15
15
15
16
16
18
18
19
19
19
20
21
23
27
27
28
29
29
29
30
31
34
34
36
38
40
40
41
43
44
45
45
45
46
47
48
48
50
52
53
54
54
55
56
56
56
57
59
60
61
64
65
66
66
66
67
68
71
71
73
73
74
74
78
83
84
85
86
86
87
88
89
91
92
93
93
93
94
96
97
97
97
98
98
101
104
106
107
108
108
108
109
110
112
112
112
112
114
114
115
117
117
117
119
121
121
121
122
122
122
123
124
124
125
127
128
128
129
129
129
129
129
129
130
131
132
134
134
136
137
137
138
138
138
138
138
139
139
141
142
144
144
144
146
147
147
147
148
150
152
154
154
155
155
157
157
157
157
158
158
160
160
160
160
162
163
164
164
165
165
165
167
168
170
171
172
172
172
173
174
174
174
175
176
176
176
176
177
177
177
177
177
179
180
180
181
181
181
181
181
181
181
181
181
181
182
183
184
185
185
185
185
185
187
188
188
193
195
196
197
196
197
197
198
198
199
199
201
204
204
206
206
206
206
206
207
208
209
211
213
213
214
215
216
216
216
216
216
216
216
216
217
217
218
218
220
220
220
220
220
221
221
221
221
221
221
221
221
222
222
223
223
223
223
223
223
223
225
226
229
229
229
230
230
230
230
231
232
234
235
239
239
239
240
242
243
244
244
245
245
245
246
247
247
248
248
249
252
252
253
254
255
255
256
258
258
258
259
260
260
260
260
260
261
262
262
263
263
265
265
266
266
266
266
268
268
269
269
269
270
270
270
271
272
272
272
272
273
273
273
273
273
274
275
275
275
275
275
275
275
275
275
276
276
276
276
277
277
277
278
278
279
280
280
280
280
281
281
281
281
281
281
281
281
282
285
285
287
289
289
292
292
293
293
293
294
294
294
295
297
298
299
300
301
302
302
303
304
304
304
304
304
305
305
306
306
309
312
312
312
312
313
313
313
313
314
315
316
317
319
321
324
324
324
324
324
326
326
326
327
327
327
328
329
329
330
331
332
332
332
334
334
334
334
334
334
334
334
335
336
336
337
338
340
340
341
342
342
343
343
344
345
346
346
346
346
348
348
348
348
348
348
348
348
348
348
348
348
348
348
348
348
348
348
348
348
348
349
349
350
350
350
350
350
350
350
350
350
350
350
350
350
350
350
350
350
350
350
350
350
350
350
350
350
350
350
350
350
350
350
350
350
350
350
350
350
350
350
