0
0
0
0
0
0
0
0
0
0
0
0
0
0
0
0
0
0
0
0
0
1
1
1
1
1
1
1
1
1
1
3
4
4
4
4
4
4
4
4
4
5
5
5
5
6
6
7
7
8
8
8
8
8
9
9
9
9
10
10
11
11
12
12
12
14
16
16
17
19
19
21
22
25
26
28
29
31
31
32
32
33
33
35
35
35
35
37
38
39
39
39
39
41
42
43
43
43
43
43
44
46
48
51
51
52
53
53
55
56
56
57
57
58
60
60
60
64
65
66
66
66
66
68
69
71
71
73
74
74
74
75
76
77
77
78
78
78
78
78
78
79
81
81
82
83
84
84
85
85
88
89
90
90
92
92
93
94
95
95
96
96
97
98
98
98
98
100
100
100
100
101
102
102
103
103
103
104
105
107
107
108
110
112
112
112
113
114
115
116
116
117
117
119
121
122
122
124
124
125
129
130
131
131
132
135
135
136
138
138
139
139
140
142
144
145
149
150
151
151
153
153
154
154
155
155
157
157
159
159
161
161
161
161
161
161
161
161
161
164
164
166
166
166
166
166
166
166
167
167
168
169
170
170
172
172
173
174
174
174
174
177
179
180
181
181
184
184
185
185
185
185
186
186
186
186
186
186
186
186
186
186
186
186
186
188
188
188
189
190
191
192
193
193
193
195
195
195
195
195
195
195
196
197
198
199
199
199
199
201
201
202
202
202
202
202
202
203
204
205
206
206
207
207
207
207
207
207
207
207
207
207
208
208
208
209
209
211
211
212
212
215
216
217
218
218
219
219
219
221
221
223
223
223
224
224
226
226
226
226
227
227
227
227
227
228
229
229
229
229
229
231
231
231
232
232
232
232
232
233
233
234
235
235
235
235
235
235
235
235
235
236
236
236
237
239
239
239
241
241
241
242
244
245
245
246
246
247
248
248
249
249
250
250
252
253
254
255
255
255
255
256
256
256
257
257
258
258
258
258
259
259
259
259
261
262
263
263
264
265
265
265
266
267
268
268
268
269
270
270
271
271
271
272
272
272
273
275
275
276
277
278
278
279
279
279
282
283
283
284
285
285
286
288
289
290
290
291
295
295
296
299
300
301
303
303
304
304
304
304
306
306
306
307
307
307
307
308
309
309
311
312
312
312
312
312
312
312
312
312
312
312
313
313
313
313
313
313
313
313
313
313
313
313
313
313
313
313
313
313
313
313
313
313
313
313
313
313
313
313
313
313
313
313
313
313
313
313
313
313
313
313
313
313
313
313
313
313
313
313
313
313
313
313
313
313
313
313
313
313
313
313
313
313
313
313
313
313
313
313
313
313
313
313
313
313
313
313
313
313
313
313
313
313
313
313
313
313
313
313
313
