0
0
0
0
0
0
0
0
0
0
0
0
1
1
1
1
1
1
1
1
1
1
1
1
1
1
1
1
1
2
2
2
4
6
6
6
6
6
6
7
7
7
7
7
8
8
8
8
8
8
8
9
10
10
10
11
12
13
14
15
16
18
20
21
21
21
21
21
23
23
24
24
25
26
27
29
30
31
32
33
34
35
36
38
38
38
38
39
41
41
44
44
44
45
48
49
49
50
52
53
54
55
56
58
60
61
62
63
65
70
71
72
75
77
78
78
80
82
83
84
86
88
88
89
93
94
95
96
98
101
104
104
105
105
106
106
107
108
110
112
114
115
116
117
118
118
121
123
124
125
126
126
127
128
128
128
129
130
131
131
131
132
132
133
135
136
136
136
139
141
141
141
141
141
143
144
146
148
148
148
148
149
151
152
155
157
158
162
163
166
166
167
169
169
170
172
173
176
176
176
177
179
180
183
185
187
190
191
193
194
194
194
196
196
198
199
200
200
200
200
202
206
206
206
208
208
208
208
208
210
211
212
213
214
215
216
216
218
218
218
218
218
218
218
218
218
218
218
218
219
219
219
219
219
219
219
219
220
220
220
222
222
222
222
222
222
222
222
223
224
224
225
225
225
225
225
225
225
225
227
228
229
229
230
230
230
230
230
231
231
231
232
232
232
232
232
232
232
232
232
233
233
234
236
236
236
236
236
236
237
237
237
237
237
237
238
238
240
241
242
242
242
243
244
244
245
245
246
246
246
249
250
251
252
254
254
254
256
256
256
256
256
256
257
257
258
258
260
262
263
264
265
266
266
266
268
269
271
272
273
276
276
276
276
276
276
277
277
277
278
279
279
279
279
279
279
281
281
282
282
282
284
285
285
285
285
287
287
287
290
290
290
291
291
291
291
291
292
293
293
293
294
294
294
294
295
295
295
296
296
296
296
297
297
298
298
299
300
301
301
301
302
302
302
304
304
304
305
305
306
307
308
309
309
309
309
309
309
312
313
313
313
314
315
317
318
319
319
319
320
320
320
321
322
322
322
322
322
323
324
324
325
325
325
325
325
326
327
327
327
330
330
330
332
332
332
332
332
332
332
332
332
332
332
332
332
332
332
332
332
332
332
332
332
332
332
332
332
332
332
332
332
332
332
332
332
332
332
332
332
332
332
332
332
332
332
332
332
332
332
332
332
332
332
332
332
332
332
332
332
332
332
332
332
332
332
332
332
332
332
332
332
332
332
331
331
331
331
331
331
331
331
331
331
331
331
331
331
331
331
331
331
331
331
331
331
331
331
331
331
331
331
331
331
331
331
331
331
331
331
331
331
331
331
331
331
331
331
331
331
331
331
331
331
331
331
331
331
331
331
331
