0
65594
190249
287263
364926
428649
481360
523649
558519
587800
611481
630297
646594
658918
669437
677789
684371
689987
692993
696212
698271
699787
701538
701968
702879
702802
702951
702570
700886
699335
697711
695887
693358
690655
688922
686805
684856
681721
677968
674501
671109
666766
663518
659907
655948
651298
647482
642650
637173
631796
627389
621399
616943
611011
605445
598401
590925
583010
576655
570098
562784
554958
546848
539235
531056
523659
516939
510376
503092
495458
488143
479387
471670
463899
456653
449618
443023
436433
431163
425979
421044
416350
411423
407790
403098
397207
390509
382823
374971
366860
358698
350057
342216
332956
323409
313673
304135
295260
286384
277379
267951
258997
249662
240551
232795
225018
218077
211382
205611
200558
196876
194769
193307
191789
190020
188709
187423
184833
182291
179524
177143
175298
174716
173698
171687
169840
167724
165150
162161
159258
155877
151195
145624
139749
134082
128853
122840
117911
112498
106795
99954
92491
85097
77445
70344
63280
56764
50843
45269
39995
35287
30899
27098
23712
20707
18000
15697
13507
11791
10092
8563
7283
6212
5308
4545
3877
3310
2842
2482
2161
1889
1647
1453
1283
1133
1022
903
823
728
630
561
508
436
382
322
289
256
214
195
171
132
111
87
68
51
40
34
22
17
11
8
7
6
5
5
3
3
3
2
1
1
1
0
0
0
0
0
0
0
0
0
0
0
0
0
0
0
0
0
0
0
0
0
0
0
0
0
0
0
0
0
0
0
0
0
0
0
0
0
0
0
0
0
0
0
0
0
0
0
0
0
0
0
0
0
0
0
0
0
0
0
0
0
0
0
0
0
0
0
0
0
0
0
0
0
0
0
0
0
0
0
0
0
0
0
0
0
0
0
0
0
0
0
0
0
0
0
0
0
0
0
0
0
0
0
0
0
0
0
0
0
0
0
0
0
0
0
0
0
0
0
0
0
0
0
0
0
0
0
0
0
0
0
0
0
0
0
0
0
0
0
0
0
0
0
0
0
0
0
0
0
0
0
0
0
0
0
0
0
0
0
0
0
0
0
0
0
0
0
0
0
0
0
0
0
0
0
0
0
0
0
0
0
0
0
0
0
0
0
0
0
0
0
0
0
0
0
0
0
0
0
0
0
0
0
0
0
0
0
0
0
0
0
0
0
0
0
0
0
0
0
0
0
0
0
0
0
0
0
0
0
0
0
0
0
0
0
0
0
0
0
0
0
0
0
0
0
0
0
0
0
0
0
0
0
0
0
0
0
0
0
0
0
0
0
0
0
0
0
0
0
0
0
0
0
0
0
0
0
0
0
0
0
0
0
0
0
0
0
0
0
0
0
0
0
0
0
0
0
0
0
0
0
0
0
0
0
0
0
0
0
0
0
0
0
0
0
0
0
0
0
0
0
0
0
0
0
0
0
0
0
0
0
0
0
0
0
0
0
0
0
0
0
0
0
0
0
0
0
0
0
0
0
0
0
0
0
0
0
0
0
0
0
0
0
0
0
0
0
0
0
0
0
0
0
0
0
0
0
0
0
0
0
0
0
0
0
0
0
0
0
