0
66145
190587
287376
365027
428932
480365
522475
557541
586332
610682
630443
645683
659015
669058
677926
684946
690592
694395
697748
699629
700249
701480
702574
702830
702517
702105
701093
699804
698367
697147
695378
694027
691988
689641
685897
682895
680330
677841
674974
671751
668631
665112
660799
656165
652396
648034
643742
639161
634291
628972
622785
616566
610404
604554
596849
588885
581061
573594
565527
557020
548602
539894
531915
522919
516066
509072
501048
493202
484949
476359
467855
458300
449695
441393
434404
428148
421812
415847
411132
405651
400282
395788
391315
387660
382803
377219
372801
367329
362351
358423
355379
352251
349663
346974
344344
343105
343063
342734
342557
342257
342863
343176
343734
343529
344284
344999
346354
348378
349760
350400
352089
352345
352052
352296
351657
350156
346154
342079
337252
333479
329446
325381
322722
319972
316341
312808
308701
304600
300338
296967
292410
288659
285109
282089
279830
277202
274947
272580
269447
266031
262851
259215
255839
253038
250135
247762
246087
244770
242752
240658
237971
235192
232275
228838
226136
222873
219628
216287
212278
207957
203954
200118
196240
193107
190631
187691
184762
182854
182321
182397
182229
182360
182533
182497
182543
181636
180852
179605
178184
177126
176479
176078
174918
174003
173471
173188
173568
173826
173669
173062
171629
170789
168786
167171
165375
162981
160023
156944
153144
149467
146771
144327
141801
140699
140101
139560
140524
141296
142637
144498
147022
149149
151294
153115
154307
156098
158541
160897
163396
164911
167033
168693
170718
172346
173501
173834
173930
174497
174596
174646
173986
173064
172085
171259
169468
167244
166038
163854
161709
159396
156689
153338
149971
146355
143665
140743
137442
134812
132547
130574
129611
128922
128967
129124
129589
131416
132750
133638
134392
134249
134392
135326
135167
135744
136685
137831
139038
140680
141961
142327
142511
142951
142809
142758
142471
142548
142492
142238
142638
142082
142082
142020
142421
142918
143181
143395
144235
144900
145405
145803
145547
145035
144735
144093
142824
141941
140935
138587
136385
133590
131595
129463
127247
125539
124488
123718
122681
121898
121974
122258
122648
123126
123358
123116
122962
122869
123075
122888
122159
122289
121700
121015
121018
121106
122008
122670
123012
123318
123403
123901
124448
124888
124623
124944
125003
124846
124796
124011
123579
122950
121692
120609
119456
118518
117881
117368
116659
115632
114518
113861
113285
112327
111934
111202
110525
109610
108607
107329
105952
104487
102904
101709
100765
100047
99182
98495
97575
96077
95557
95410
95506
95185
95243
95916
96940
97755
98483
99872
100883
101531
101649
101437
100638
99195
97683
96468
94844
93873
93427
92246
91245
90609
90512
90085
89376
88731
88935
90026
91576
93397
95151
96856
98671
100229
102216
104382
107072
109461
111668
113834
115258
116738
117819
118660
118570
118286
117285
117072
116629
115890
114974
114480
114008
113192
112682
112040
110850
110100
110034
109277
108931
108118
107110
106401
105492
104506
103183
101837
100174
98403
96863
95363
93848
92386
91519
90801
89915
89320
89439
89442
89813
90096
91315
91929
92121
92199
91708
90517
89596
88909
87593
85514
83324
80608
77894
75062
71997
68854
65977
63727
62271
61129
60123
59318
59096
59012
58992
59704
60390
61240
62070
62809
64290
65863
67696
70202
73387
76913
79982
83487
86656
89561
92442
95537
98926
103105
107092
111446
114096
116404
116951
116939
116935
116363
115113
113405
110623
107357
104024
100776
97238
93504
89366
85788
83355
80635
78632
77318
76341
75323
74533
74108
73283
72358
70982
69618
67805
65662
63266
60704
57926
54621
50834
47026
43112
39383
35705
32093
28714
25627
22859
20171
17892
15861
14087
12487
10963
9769
8487
7391
6424
5561
4846
4149
3553
3016
2582
2211
1880
1599
1363
1157
980
853
740
646
537
485
425
353
301
265
238
215
197
182
167
157
131
106
88
74
59
50
40
29
28
22
19
14
10
10
7
6
6
5
3
1
1
1
