0
20
44
61
86
106
128
145
159
186
207
222
243
262
279
300
326
349
368
387
399
424
448
463
482
500
519
540
561
587
615
634
656
676
701
724
747
774
791
815
839
857
882
900
921
943
959
975
993
1013
1034
1064
1084
1101
1120
1137
1155
1175
1193
1211
1230
1255
1278
1298
1324
1343
1363
1382
1403
1417
1439
1465
1479
1490
1511
1529
1550
1573
1592
1611
1628
1654
1667
1684
1699
1719
1736
1758
1776
1794
1816
1831
1850
1870
1889
1910
1926
1949
1974
1991
2013
2027
2047
2071
2096
2125
2142
2163
2183
2198
2224
2240
2257
2282
2304
2321
2333
2356
2380
2401
2426
2445
2458
2482
2498
2509
2518
2543
2566
2582
2602
2624
2647
2668
2692
2714
2735
2758
2771
2791
2811
2841
2861
2892
2915
2934
2956
2975
2999
3022
3042
3061
3081
3096
3114
3133
3151
3180
3207
3229
3248
3266
3285
3306
3330
3346
3371
3387
3420
3440
3459
3488
3502
3519
3544
3564
3587
3602
3618
3643
3655
3676
3699
3723
3743
3763
3784
3809
3826
3852
3879
3902
3918
3951
3970
3994
4013
4028
4051
4067
4088
4103
4114
4133
4153
4174
4196
4218
4241
4257
4281
4300
4325
4349
4375
4398
4418
4441
4462
4473
4492
4515
4536
4563
4590
4611
4636
4664
4689
4704
4727
4751
4774
4801
4824
4848
4867
4889
4905
4920
4935
4952
4972
5004
5022
5052
5079
5098
5117
5145
5174
5209
5231
5253
5272
5290
5312
5331
5351
5366
5394
5408
5424
5445
5463
5480
5494
5514
5539
5564
5590
5612
5627
5651
5665
5687
5711
5730
5751
5766
5792
5807
5829
5854
5880
5906
5929
5949
5971
5988
6013
6036
6060
6093
6107
6125
6149
6167
6190
6218
6241
6262
6282
6302
6333
6347
6363
6388
6415
6437
6455
6478
6497
6520
6533
6555
6582
6603
6626
6643
6664
6687
6712
6733
6759
6777
6790
6813
6835
6864
6886
6910
6932
6957
6979
7008
7029
7045
7063
7079
7105
7122
7143
7161
7179
7202
7222
7242
7264
7288
7307
7324
7349
7371
7400
7422
7440
7456
7469
7489
7511
7529
7549
7585
7606
7629
7653
7674
7690
7713
7737
7761
7781
7801
7820
7839
7862
7879
7904
7924
7942
7960
7980
8014
8042
8074
8094
8111
8126
8144
8176
8201
8221
8248
8262
8289
8307
8332
8353
8373
8398
8428
8445
8460
8488
8509
8528
8545
8566
8582
8599
8621
8644
8665
8685
8708
8724
8746
8761
8784
8808
8825
8848
8862
8886
8908
8925
8952
8975
8991
9020
9045
9067
9082
9105
9133
9151
9175
9194
9216
9233
9253
9282
9296
9315
9349
9371
9398
9427
9446
9465
9484
9508
9530
9550
9575
9593
9610
9628
9654
9676
9705
9724
9756
9780
9802
9826
9855
9881
9903
9923
9944
9964
9979
9993
10022
10039
10073
10099
10122
10143
10165
10182
10209
10233
10249
10271
10300
10317
10350
10373
10393
10409
10425
10451
10472
10494
10516
10539
10564
10580
10603
10631
10651
10674
10691
10715
10741
10765
10783
10811
10833
10857
10878
10894
10917
10934
10947
10966
10988
11009
11033
11055
11076
11096
11125
11145
11165
11189
11205
11232
11256
11276
11300
11328
11356
11380
11396
11423
11446
11457
11472
11498
11522
11532
11554
11569
11591
11612
11637
11658
11685
11704
11726
11752
11766
11779
11802
11831
11852
11879
11895
11926
11952
11969
11997
12015
12042
12065
12091
12114
12135
12150
12170
12196
12216
12245
12264
12283
12305
12322
12344
12361
12385
12398
12420
12441
12458
12490
12508
12526
12543
12572
12600
12618
12635
12654
12672
12693
12723
12744
