0
23
42
60
75
100
125
151
169
191
220
242
263
278
298
323
343
374
401
423
445
471
490
511
531
551
570
590
608
625
646
670
689
710
736
762
787
810
831
847
869
893
922
952
977
1004
1028
1045
1065
1087
1100
1128
1148
1171
1196
1214
1232
1257
1279
1317
1333
1358
1382
1409
1426
1442
1460
1479
1510
1535
1556
1567
1589
1613
1633
1653
1670
1688
1707
1725
1747
1767
1791
1811
1830
1851
1875
1904
1928
1956
1976
2000
2029
2048
2076
2093
2111
2131
2158
2187
2208
2229
2253
2278
2292
2319
2356
2385
2413
2436
2452
2470
2488
2503
2524
2542
2560
2582
2610
2636
2653
2670
2690
2712
2731
2749
2764
2785
2805
2833
2854
2877
2900
2920
2947
2972
2995
3025
3044
3061
3074
3100
3115
3130
3147
3165
3185
3205
3223
3247
3265
3288
3309
3332
3363
3387
3414
3436
3451
3473
3491
3510
3536
3559
3573
3596
3615
3636
3660
3681
3708
3726
3747
3767
3784
3800
3822
3836
3856
3871
3890
3905
3925
3946
3967
3992
4015
4034
4051
4067
4091
4108
4124
4143
4164
4187
4224
4249
4271
4293
4313
4338
4362
4379
4404
4418
4438
4459
4482
4500
4514
4543
4563
4580
4603
4629
4648
4669
4689
4727
4746
4765
4788
4811
4829
4846
4875
4905
4930
4951
4968
4989
5016
5043
5066
5092
5124
5147
5165
5190
5216
5235
5254
5281
5310
5326
5347
5364
5385
5398
5419
5436
5458
5478
5502
5533
5557
5572
5592
5610
5630
5641
5667
5690
5712
5739
5765
5777
5794
5815
5838
5857
5871
5897
5917
5939
5952
5978
5998
6019
6038
6061
6081
6103
6122
6137
6152
6166
6188
6208
6231
6261
6282
6299
6321
6355
6371
6384
6403
6421
6442
6462
6483
6500
6519
6542
6561
6582
6604
6623
6643
6660
6678
6697
6712
6730
6747
6772
6791
6812
6836
6851
6873
6890
6906
6923
6946
6970
6993
7017
7038
7063
7094
7115
7138
7154
7179
7201
7218
7236
7253
7273
7297
7316
7341
7361
7385
7402
7423
7438
7450
7466
7489
7516
7537
7561
7586
7609
7638
7659
7689
7711
7727
7749
7773
7799
7819
7843
7862
7888
7912
7930
7944
7960
7983
8006
8026
8056
8079
8101
8120
8130
8152
8169
8188
8204
8221
8241
8268
8294
8320
8342
8363
8394
8414
8435
8462
8485
8508
8525
8552
8577
8608
8639
8663
8687
8716
8744
8755
8777
8798
8818
8837
8858
8883
8906
8931
8957
8980
9005
9033
9051
9070
9097
9125
9139
9155
9179
9196
9218
9241
9269
9297
9320
9335
9364
9386
9402
9422
9442
9460
9474
9491
9510
9532
9552
9568
9582
9604
9628
9643
9661
9687
9700
9717
9740
9763
9779
9795
9823
9847
9865
9883
9898
9916
9936
9956
9979
9998
10013
10034
10052
10074
10093
10108
10129
10152
10172
10202
10222
10249
10276
10295
10324
10345
10363
10375
10399
10413
10439
10460
10485
10509
10527
10543
10564
10583
10599
10617
10645
10674
10698
10722
10735
10760
10776
10799
10827
10843
10867
10879
10904
10920
10943
10964
10979
11011
11024
11040
11062
11092
11112
11136
11154
11172
11193
11213
11236
11250
11271
11291
11311
11331
11349
11365
11387
11414
11428
11446
11471
11496
11519
11531
11562
11584
11609
11626
11652
11675
11697
11721
11743
11763
11788
11804
11828
11852
11873
11903
11927
11947
11961
11989
12020
12036
12071
12088
12116
12134
12157
12181
12202
12223
12238
12260
12278
12299
12328
12350
12378
12401
12420
12444
12462
12483
12508
12535
12559
12586
12611
12625
12645
12662
12688
12710
12732
12756
12772
12800
12818
12836
