0
17
44
72
93
117
133
154
170
184
199
224
249
272
294
308
324
348
362
378
402
415
435
462
477
500
529
550
571
602
623
644
665
679
702
721
741
763
789
816
833
854
878
896
920
939
960
982
992
1013
1034
1055
1091
1113
1134
1153
1172
1191
1220
1248
1265
1280
1303
1329
1355
1380
1396
1416
1433
1459
1485
1498
1519
1541
1551
1565
1587
1614
1632
1654
1674
1697
1716
1740
1759
1783
1803
1832
1852
1873
1893
1909
1930
1948
1972
1997
2017
2045
2063
2086
2103
2126
2147
2168
2193
2208
2232
2258
2279
2304
2325
2351
2380
2409
2431
2449
2467
2480
2501
2529
2541
2569
2584
2610
2630
2656
2678
2698
2721
2744
2754
2772
2797
2821
2833
2861
2883
2900
2923
2943
2962
2981
3016
3043
3060
3079
3100
3122
3143
3156
3175
3198
3214
3240
3267
3293
3311
3329
3347
3377
3398
3418
3440
3463
3494
3515
3534
3553
3578
3601
3625
3652
3673
3686
3714
3734
3751
3777
3801
3827
3851
3872
3890
3910
3930
3948
3963
3983
4001
4030
4049
4078
4106
4135
4154
4183
4197
4218
4240
4265
4283
4310
4329
4340
4360
4387
4405
4424
4447
4471
4499
4514
4534
4559
4574
4599
4622
4641
4659
4678
4699
4718
4739
4754
4781
4802
4814
4831
4853
4885
4906
4926
4954
4967
4988
5004
5037
5063
5082
5104
5128
5149
5166
5187
5208
5230
5245
5262
5283
5297
5324
5349
5367
5386
5399
5415
5426
5452
5472
5487
5511
5535
5557
5585
5608
5632
5643
5663
5683
5710
5736
5751
5772
5798
5816
5838
5858
5884
5905
5936
5964
5986
6000
6021
6051
6066
6094
6111
6136
6162
6181
6198
6216
6239
6259
6286
6310
6328
6347
6370
6389
6416
6439
6456
6479
6501
6519
6533
6544
6566
6582
6604
6623
6640
6660
6678
6705
6726
6750
6772
6792
6813
6830
6857
6875
6896
6922
6937
6961
6985
7005
7016
7035
7058
7088
7108
7139
7155
7167
7185
7207
7221
7243
7264
7293
7317
7334
7360
7378
7393
7417
7437
7457
7481
7506
7530
7547
7570
7587
7608
7633
7651
7670
7689
7703
7726
7752
7766
7789
7808
7832
7854
7876
7892
7921
7952
7965
7993
8008
8026
8045
8064
8083
8106
8126
8149
8166
8194
8211
8234
8255
8280
8309
8333
8354
8378
8393
8415
8432
8455
8474
8502
8522
8540
8559
8581
8607
8634
8655
8675
8706
8730
8744
8773
8795
8814
8841
8864
8880
8904
8926
8944
8960
8981
9007
9025
9052
9079
9099
9117
9136
9158
9186
9208
9229
9263
9291
9313
9337
9351
9382
9404
9423
9444
9473
9494
9519
9535
9554
9572
9590
9612
9631
9646
9667
9679
9696
9714
9739
9753
9774
9791
9812
9838
9857
9876
9904
9932
9947
9968
9998
10017
10041
10060
10081
10097
10115
10140
10163
10178
10200
10223
10242
10255
10276
10304
10328
10353
10372
10392
10416
10436
10457
10475
10500
10518
10539
10556
10574
10600
10624
10646
10682
10702
10722
10746
10767
10796
10817
10835
10863
10888
10907
10928
10950
10973
10996
11017
11043
11062
11092
11115
11140
11166
11190
11204
11226
11255
11277
11298
11312
11333
11354
11371
11389
11417
11434
11457
11480
11499
11512
11531
11550
11575
11601
11614
11633
11652
11669
11684
11703
11718
11738
11755
11783
11808
11828
11851
11878
11908
11922
11943
11969
11990
12012
12032
12053
12075
12099
12123
12142
12167
12200
12227
12248
12269
12292
12309
12324
12351
12372
12400
12428
12447
12468
12491
12508
12533
12552
12572
12588
12619
12640
12660
12675
12693
12710
12732
12756
12773
12800
