0
21
41
58
85
111
126
153
174
203
222
243
277
300
328
348
374
396
414
435
467
492
515
534
552
565
582
596
627
648
667
690
710
724
745
763
781
794
813
829
849
873
905
924
946
966
984
1004
1025
1047
1072
1088
1108
1130
1155
1183
1208
1232
1260
1272
1291
1308
1341
1360
1384
1417
1433
1458
1491
1515
1531
1563
1577
1604
1620
1647
1666
1686
1707
1734
1750
1773
1794
1806
1826
1843
1876
1904
1929
1947
1969
1994
2013
2037
2058
2075
2099
2121
2139
2158
2175
2192
2214
2244
2269
2297
2314
2334
2362
2383
2403
2426
2453
2472
2494
2523
2542
2558
2586
2604
2619
2641
2669
2692
2711
2744
2767
2788
2808
2827
2853
2874
2895
2904
2925
2949
2971
2997
3014
3036
3060
3079
3101
3122
3142
3165
3181
3198
3220
3239
3256
3286
3302
3332
3352
3379
3403
3426
3453
3469
3489
3508
3533
3551
3567
3595
3611
3639
3657
3676
3696
3711
3727
3748
3762
3786
3807
3826
3849
3862
3884
3913
3934
3960
3977
4007
4021
4045
4063
4091
4114
4144
4170
4187
4207
4220
4238
4273
4287
4310
4332
4355
4379
4397
4408
4433
4458
4480
4503
4526
4548
4576
4593
4626
4638
4659
4681
4702
4727
4742
4763
4778
4802
4825
4849
4871
4889
4918
4944
4964
4978
5000
5022
5046
5071
5094
5112
5140
5172
5187
5209
5225
5250
5275
5301
5322
5343
5368
5388
5406
5423
5449
5469
5494
5519
5541
5568
5589
5602
5619
5638
5656
5674
5695
5712
5734
5759
5778
5800
5820
5840
5863
5881
5904
5928
5942
5974
5999
6025
6037
6053
6080
6102
6125
6142
6153
6179
6203
6219
6235
6254
6282
6302
6319
6336
6346
6374
6393
6419
6453
6471
6490
6523
6543
6566
6584
6612
6644
6666
6679
6703
6718
6733
6755
6776
6802
6824
6842
6863
6892
6923
6940
6966
6985
7007
7028
7046
7067
7099
7114
7132
7153
7171
7193
7217
7239
7263
7288
7310
7337
7349
7364
7377
7397
7425
7442
7467
7487
7505
7520
7549
7580
7600
7621
7638
7655
7681
7702
7723
7743
7773
7796
7810
7836
7863
7880
7903
7923
7945
7966
7987
8009
8031
8051
8075
8101
8129
8149
8165
8186
8213
8237
8255
8270
8293
8321
8345
8364
8382
8408
8432
8449
8473
8492
8515
8536
8551
8574
8592
8622
8636
8658
8682
8711
8733
8755
8771
8790
8810
8820
8839
8871
8899
8925
8955
8980
9009
9028
9057
9079
9103
9122
9149
9162
9181
9201
9220
9234
9256
9280
9312
9337
9358
9375
9395
9418
9433
9461
9480
9506
9520
9547
9563
9584
9597
9611
9634
9653
9678
9703
9712
9731
9754
9775
9803
9828
9852
9873
9894
9914
9940
9968
9991
10009
10028
10051
10071
10088
10104
10126
10149
10161
10182
10199
10226
10248
10271
10298
10321
10345
10368
10382
10398
10414
10432
10454
10472
10498
10520
10541
10557
10579
10600
10624
10645
10669
10684
10704
10719
10738
10759
10780
10798
10823
10840
10862
10889
10908
10933
10942
10966
10995
11014
11037
11056
11077
11097
11121
11145
11160
11182
11203
11223
11243
11263
11280
11299
11324
11338
11359
11391
11414
11435
11459
11491
11513
11537
11564
11584
11613
11639
11654
11682
11704
11725
11743
11769
11790
11816
11841
11863
11886
11902
11928
11943
11966
11981
12003
12022
12049
12061
12094
12127
12149
12173
12193
12213
12231
12249
12278
12292
12315
12343
12370
12398
12423
12451
12474
12499
12517
12537
12548
12569
12598
12608
12622
12644
12670
12702
12717
12737
12757
12778
12801
12817
12843
12862
12876
12899
12918
12940
