0
21
45
63
81
96
114
142
170
193
220
241
252
272
291
315
336
367
384
403
420
440
459
476
493
516
539
551
572
586
610
634
661
681
700
713
732
742
771
798
817
837
848
881
904
926
948
969
987
1007
1020
1044
1071
1092
1113
1130
1157
1178
1199
1217
1238
1253
1271
1295
1315
1335
1349
1367
1390
1412
1432
1454
1474
1490
1507
1520
1544
1564
1584
1599
1618
1648
1667
1681
1712
1732
1753
1767
1790
1816
1843
1865
1890
1914
1934
1961
1983
2004
2031
2047
2066
2091
2112
2128
2147
2164
2184
2196
2213
2243
2265
2288
2315
2346
2364
2387
2400
2429
2449
2466
2491
2507
2524
2541
2556
2571
2586
2607
2629
2650
2660
2678
2697
2712
2729
2751
2773
2801
2819
2842
2861
2875
2901
2917
2933
2951
2966
2985
3004
3023
3048
3065
3100
3122
3139
3153
3172
3194
3214
3231
3244
3269
3291
3315
3336
3357
3377
3397
3424
3443
3462
3476
3497
3518
3537
3554
3576
3597
3615
3633
3650
3677
3701
3723
3746
3764
3792
3807
3827
3849
3875
3903
3923
3944
3959
3977
3998
4020
4033
4057
4081
4104
4121
4136
4160
4179
4201
4222
4248
4268
4292
4305
4319
4341
4366
4390
4417
4440
4457
4476
4499
4519
4532
4556
4579
4601
4620
4639
4667
4692
4712
4738
4758
4775
4797
4823
4838
4857
4878
4901
4921
4943
4964
4988
5006
5022
5047
5071
5088
5105
5123
5151
5180
5200
5219
5234
5258
5274
5286
5297
5317
5328
5350
5371
5392
5421
5443
5456
5472
5492
5518
5547
5574
5597
5615
5630
5657
5684
5705
5727
5744
5762
5777
5799
5823
5842
5853
5876
5899
5922
5950
5972
5986
6006
6021
6049
6067
6082
6097
6115
6134
6156
6177
6199
6224
6242
6258
6274
6292
6304
6326
6344
6363
6381
6395
6431
6460
6480
6495
6516
6536
6556
6585
6609
6628
6642
6664
6684
6712
6730
6749
6773
6793
6812
6841
6852
6874
6892
6912
6936
6958
6982
7002
7025
7050
7067
7079
7110
7134
7158
7179
7196
7214
7236
7261
7282
7300
7326
7346
7366
7387
7405
7427
7443
7470
7490
7503
7529
7556
7580
7590
7613
7633
7656
7683
7693
7720
7749
7765
7777
7796
7821
7845
7867
7887
7907
7928
7954
7977
8002
8023
8040
8065
8085
8101
8123
8144
8161
8176
8200
8227
8248
8266
8283
8300
8322
8343
8357
8380
8407
8428
8451
8470
8490
8521
8538
8559
8578
8600
8622
8651
8675
8686
8708
8737
8757
8788
8807
8825
8849
8869
8883
8910
8938
8954
8971
8996
9012
9035
9055
9074
9093
9111
9129
9148
9168
9188
9209
9229
9256
9270
9284
9299
9324
9339
9361
9391
9409
9423
9450
9474
9500
9525
9549
9569
9594
9612
9636
9659
9686
9712
9733
9758
9777
9801
9823
9840
9861
9882
9897
9918
9942
9966
9989
10012
10030
10053
10072
10100
10115
10139
10156
10173
10190
10215
10237
10253
10276
10294
10317
10332
10355
10379
10403
10419
10438
10458
10484
10509
10538
10558
10582
10598
10629
10649
10667
10689
10716
10747
10770
10790
10814
10837
10860
10883
10903
10928
10949
10974
11003
11022
11038
11056
11075
11092
11114
11136
11155
11177
11197
11216
11241
11268
11287
11311
11332
11359
11376
11394
11416
11442
11467
11491
11514
11535
11554
11586
11599
11613
11639
11667
11686
11701
11715
11736
11755
11774
11798
11816
11838
11856
11880
11898
11926
11947
11972
11989
12019
12047
12063
12084
12100
12123
12142
12167
12193
12213
12234
12260
12278
12304
12326
12346
12360
12382
12401
12421
12435
12448
12467
12491
