0
17
35
55
72
94
117
141
160
176
197
217
239
260
287
310
340
363
380
403
421
429
447
477
487
510
527
548
564
584
598
623
649
670
691
708
725
743
761
782
803
827
848
879
906
926
942
969
994
1017
1044
1060
1080
1103
1125
1148
1170
1193
1206
1235
1259
1278
1293
1317
1328
1350
1377
1395
1424
1440
1461
1480
1503
1522
1546
1566
1587
1607
1627
1657
1678
1694
1713
1727
1753
1777
1795
1817
1831
1848
1871
1896
1911
1932
1955
1975
1998
2022
2039
2059
2082
2103
2119
2152
2179
2201
2228
2253
2274
2295
2310
2333
2351
2378
2398
2418
2436
2451
2477
2499
2511
2537
2559
2578
2594
2612
2641
2660
2677
2696
2719
2734
2761
2780
2800
2819
2840
2865
2886
2911
2934
2965
2995
3014
3039
3057
3075
3093
3113
3129
3154
3181
3196
3216
3231
3254
3274
3296
3317
3342
3368
3393
3409
3432
3454
3482
3504
3522
3548
3573
3605
3629
3641
3662
3680
3700
3716
3742
3760
3784
3806
3825
3850
3873
3883
3900
3924
3944
3964
3983
4011
4035
4046
4070
4089
4119
4134
4158
4179
4195
4210
4230
4251
4274
4295
4321
4341
4362
4385
4402
4420
4439
4462
4484
4507
4527
4547
4565
4590
4608
4630
4653
4681
4703
4722
4744
4776
4798
4816
4832
4851
4865
4891
4908
4936
4957
4975
4997
5013
5039
5064
5089
5106
5125
5145
5166
5197
5227
5245
5265
5287
5314
5341
5367
5385
5399
5419
5444
5462
5480
5502
5527
5542
5565
5587
5609
5623
5650
5673
5697
5724
5745
5767
5786
5809
5825
5840
5857
5879
5898
5920
5941
5962
5994
6009
6035
6057
6077
6097
6128
6146
6164
6191
6211
6229
6250
6277
6304
6327
6348
6372
6391
6407
6424
6444
6468
6494
6515
6536
6555
6564
6581
6602
6625
6645
6663
6679
6701
6725
6748
6771
6794
6812
6839
6852
6874
6896
6919
6940
6962
6984
7006
7032
7058
7083
7111
7126
7148
7173
7202
7217
7235
7259
7283
7306
7326
7344
7371
7391
7408
7432
7451
7465
7483
7504
7522
7541
7563
7582
7593
7609
7625
7649
7675
7705
7728
7752
7773
7797
7821
7839
7860
7883
7900
7917
7930
7955
7968
7995
8019
8044
8078
8098
8123
8143
8166
8185
8206
8225
8246
8266
8293
8314
8327
8350
8363
8377
8396
8424
8441
8465
8494
8521
8542
8560
8575
8597
8620
8641
8659
8673
8693
8711
8726
8745
8765
8793
8812
8825
8846
8863
8892
8910
8931
8951
8971
8993
9016
9044
9063
9085
9105
9123
9149
9178
9211
9237
9256
9279
9301
9323
9342
9363
9384
9411
9439
9464
9483
9502
9517
9544
9569
9585
9602
9622
9635
9666
9690
9715
9738
9756
9779
9798
9825
9846
9871
9888
9909
9929
9951
9975
9992
10012
10037
10061
10082
10099
10122
10139
10160
10188
10214
10231
10249
10275
10307
10339
10352
10381
10405
10422
10444
10465
10491
10518
10535
10552
10586
10606
10624
10641
10657
10678
10705
10727
10750
10770
10794
10817
10836
10850
10872
10900
10915
10940
10967
10989
11016
11038
11062
11094
11117
11137
11161
11184
11201
11221
11251
11274
11294
11308
11337
11361
11381
11406
11424
11451
11466
11484
11512
11526
11541
11568
11583
11605
11622
11641
11672
11689
11711
11732
11755
11774
11795
11827
11845
11862
11876
11897
11922
11951
11967
11992
12023
12052
12073
12087
12103
12127
12148
12172
12198
12218
12237
12255
12271
12302
12317
12339
12358
12384
12402
12414
12439
12458
12482
12509
12519
12542
12555
12578
12599
12622
12648
12672
12686
12703
12727
12745
12774
12794
