0
23
42
69
91
102
121
147
163
177
195
219
244
265
290
314
336
361
381
396
417
437
452
470
490
524
543
568
586
604
627
640
664
675
701
722
741
764
790
812
831
846
864
892
910
936
959
983
997
1014
1033
1055
1074
1092
1113
1137
1154
1167
1189
1213
1246
1267
1287
1305
1327
1349
1371
1399
1419
1444
1471
1492
1516
1542
1559
1583
1607
1628
1644
1669
1691
1717
1734
1750
1766
1782
1803
1823
1840
1855
1881
1909
1931
1951
1971
1991
2015
2041
2058
2075
2100
2118
2139
2159
2179
2200
2233
2254
2283
2303
2320
2340
2361
2387
2406
2433
2449
2473
2493
2518
2538
2555
2571
2593
2610
2629
2664
2682
2706
2723
2750
2772
2795
2817
2831
2847
2870
2900
2922
2946
2965
2986
3012
3029
3064
3083
3100
3128
3153
3177
3200
3218
3248
3268
3290
3320
3343
3358
3369
3391
3413
3432
3451
3471
3492
3518
3541
3565
3585
3618
3638
3659
3681
3703
3722
3741
3758
3788
3808
3825
3848
3874
3896
3912
3937
3960
3977
3999
4020
4047
4068
4092
4118
4144
4171
4183
4200
4221
4250
4269
4289
4305
4331
4347
4369
4387
4405
4425
4449
4469
4490
4510
4534
4562
4574
4600
4621
4641
4657
4685
4708
4732
4749
4764
4779
4796
4814
4836
4864
4882
4902
4919
4942
4962
4982
4998
5023
5043
5064
5089
5117
5141
5161
5187
5207
5226
5252
5275
5299
5322
5345
5375
5397
5416
5439
5465
5495
5526
5547
5563
5582
5608
5628
5646
5681
5712
5726
5749
5777
5794
5819
5835
5853
5881
5902
5930
5952
5972
5988
6003
6026
6048
6080
6111
6135
6155
6179
6198
6224
6247
6264
6286
6305
6329
6349
6367
6390
6408
6432
6452
6465
6484
6506
6527
6545
6562
6591
6621
6644
6665
6686
6707
6724
6741
6762
6778
6800
6818
6839
6851
6869
6898
6915
6936
6967
6992
7009
7024
7041
7060
7079
7098
7123
7145
7170
7190
7205
7223
7244
7259
7278
7295
7321
7346
7363
7389
7405
7427
7451
7476
7498
7517
7534
7563
7582
7605
7625
7644
7667
7688
7705
7730
7750
7770
7795
7829
7856
7875
7892
7906
7929
7950
7974
7996
8016
8038
8061
8084
8103
8123
8148
8167
8189
8218
8237
8261
8286
8295
8317
8336
8353
8369
8391
8407
8436
8460
8486
8502
8526
8544
8565
8596
8616
8633
8651
8670
8697
8714
8740
8765
8785
8801
8813
8827
8847
8865
8885
8902
8925
8950
8973
8991
9014
9028
9054
9074
9089
9103
9127
9149
9166
9185
9207
9237
9261
9284
9296
9312
9336
9351
9368
9385
9411
9436
9464
9491
9513
9536
9556
9572
9594
9612
9640
9661
9683
9698
9724
9745
9766
9785
9805
9836
9853
9867
9883
9895
9926
9948
9975
10000
10018
10043
10071
10091
10108
10127
10148
10178
10204
10232
10251
10279
10298
10324
10342
10367
10389
10416
10443
10473
10491
10512
10539
10561
10585
10602
10615
10638
10660
10686
10711
10731
10763
10785
10809
10827
10853
10873
10894
10917
10940
10962
10985
11009
11030
11051
11075
11096
11116
11139
11159
11181
11197
11211
11226
11251
11270
11295
11318
11339
11364
11395
11416
11445
11467
11496
11525
11549
11574
11599
11622
11637
11663
11686
11709
11723
11740
11761
11783
11805
11834
11859
11878
11900
11918
11940
11961
11987
12018
12034
12049
12069
12085
12113
12133
12156
12173
12198
12221
12249
12276
12290
12303
12332
12351
12362
12387
12403
12423
12450
12470
12486
12511
12538
12560
12575
12591
12610
12636
12658
12684
12711
12736
12760
12780
12798
12815
12833
12860
12874
12897
