0
4
35
115
226
355
466
591
686
741
804
876
972
1016
1061
1131
1204
1279
1342
1380
1432
1480
1526
1527
1546
1579
1593
1611
1590
1591
1585
1584
1593
1604
1583
1550
1527
1547
1488
1478
1460
1446
1449
1480
1475
1466
1440
1430
1396
1378
1346
1302
1288
1261
1262
1249
1226
1222
1193
1130
1114
1107
1090
1073
1058
1063
1027
1029
1017
1009
990
997
994
989
978
970
947
910
906
893
872
839
825
802
791
771
747
753
750
728
730
721
737
754
780
791
802
826
849
869
873
907
921
937
928
938
933
919
939
942
919
921
921
938
926
935
911
903
903
917
937
932
948
963
972
968
957
954
940
926
918
903
895
886
890
868
868
877
880
867
866
853
838
818
789
784
771
759
756
748
755
732
752
738
721
745
753
766
763
762
745
753
747
734
742
722
712
711
668
654
644
640
632
611
586
585
568
572
566
559
555
553
556
552
563
542
547
554
553
551
557
565
566
560
594
619
632
649
678
687
708
738
763
784
830
876
871
884
888
897
913
901
904
910
929
920
934
937
938
949
929
936
912
874
873
866
845
825
809
799
788
780
780
765
760
759
765
779
773
775
759
762
755
766
768
771
768
788
779
784
776
769
761
762
749
737
732
730
716
719
707
702
691
679
659
666
648
644
650
637
669
669
659
641
655
651
646
624
624
619
610
606
597
576
586
591
599
599
603
615
587
583
581
585
575
566
577
584
601
604
623
640
658
657
654
661
669
688
711
722
755
761
754
757
791
808
830
853
874
895
879
882
867
887
899
895
920
941
954
950
978
988
986
975
956
967
975
953
964
942
931
896
863
831
799
791
785
779
742
738
714
702
677
652
637
619
609
593
603
599
610
618
613
619
617
641
662
657
692
723
744
764
796
820
854
871
909
919
945
957
962
973
973
980
945
948
937
916
881
837
806
774
755
723
690
680
662
646
628
609
597
587
563
556
552
536
541
542
522
507
504
494
498
506
530
562
577
602
616
666
696
759
804
839
874
920
958
988
1000
1018
1035
1032
1019
1009
1007
993
976
971
921
918
901
879
856
854
857
848
828
820
816
794
778
755
735
713
693
656
630
586
549
509
470
433
402
366
332
306
292
277
260
241
221
199
185
168
153
144
132
124
113
101
95
90
80
72
65
61
56
51
48
46
43
40
39
34
31
30
27
24
23
23
21
19
16
16
15
15
13
11
9
6
6
6
5
5
5
5
3
2
2
2
1
1
1
1
1
1
1
1
1
1
1
1
1
1
1
1
1
1
1
1
1
1
1
1
1
1
1
1
1
0
0
0
0
0
0
0
0
0
0
0
0
0
0
0
0
0
0
0
0
0
0
0
0
0
0
0
0
0
0
0
0
0
0
0
0
0
0
0
0
0
0
0
0
0
0
0
0
0
0
0
0
