0
13
43
123
238
354
451
552
643
720
818
899
977
1057
1123
1169
1230
1266
1312
1332
1372
1410
1437
1465
1493
1530
1532
1560
1590
1612
1621
1642
1620
1615
1600
1583
1575
1564
1594
1598
1574
1575
1530
1514
1518
1497
1480
1458
1456
1436
1421
1383
1370
1347
1326
1297
1261
1248
1220
1194
1176
1159
1136
1115
1104
1074
1073
1053
1026
1001
975
958
944
924
900
889
878
871
864
877
869
849
823
830
832
829
827
836
838
816
839
858
860
861
870
870
858
843
842
830
842
841
838
842
832
822
791
775
800
805
825
832
828
839
828
850
880
867
858
839
850
818
802
799
799
784
780
764
745
718
698
685
668
649
647
639
621
610
567
563
555
551
564
579
599
607
609
607
613
617
615
623
638
643
648
661
660
685
714
733
744
763
774
822
857
884
907
921
932
963
978
996
1005
1028
1018
1016
1033
1029
1035
1039
1028
1003
1013
989
972
958
961
958
945
924
922
900
881
870
866
867
869
844
834
838
822
830
822
811
818
817
821
813
840
854
856
840
848
852
869
880
873
875
880
892
904
914
931
946
940
944
928
942
918
910
889
892
869
858
845
833
786
769
741
707
659
626
594
576
556
521
494
473
441
429
407
396
370
353
332
316
299
268
246
227
217
203
186
172
157
148
132
124
112
102
95
85
77
68
65
64
60
55
54
50
47
44
43
40
34
33
30
29
27
23
21
22
21
19
18
17
14
13
12
10
9
8
8
6
5
4
4
4
4
4
3
2
2
2
2
2
2
2
2
2
2
2
1
0
0
0
0
0
0
0
0
0
0
0
0
0
0
0
0
0
0
0
0
0
0
0
0
0
0
0
0
0
0
0
0
0
0
0
0
0
0
0
0
0
0
0
0
0
0
0
0
0
0
0
0
0
0
0
0
0
0
0
0
0
0
0
0
0
0
0
0
0
0
0
0
0
0
0
0
0
0
0
0
0
0
0
0
0
0
0
0
0
0
0
0
0
0
0
0
0
0
0
0
0
0
0
0
0
0
0
0
0
0
0
0
0
0
0
0
0
0
0
0
0
0
0
0
0
0
0
0
0
0
0
0
0
0
0
0
0
0
0
0
0
0
0
0
0
0
0
0
0
0
0
0
0
0
0
0
0
0
0
0
0
0
0
0
0
0
0
0
0
0
0
0
0
0
0
0
0
0
0
0
0
0
0
0
0
0
0
0
0
0
0
0
0
0
0
0
0
0
0
0
0
0
0
0
0
0
0
0
0
0
0
0
0
0
0
0
0
0
0
0
0
0
0
0
0
0
0
0
0
0
0
0
0
0
0
0
0
0
0
0
0
0
0
0
0
0
0
0
0
0
0
0
0
0
0
0
0
0
0
0
0
0
0
0
0
0
0
0
0
0
0
0
0
0
0
0
0
0
