0
10
48
131
240
346
470
581
690
768
853
936
1006
1084
1122
1197
1297
1345
1373
1400
1469
1518
1539
1582
1606
1622
1629
1603
1609
1617
1633
1625
1637
1615
1614
1576
1559
1553
1530
1527
1536
1503
1473
1461
1434
1418
1405
1397
1368
1342
1320
1282
1260
1228
1210
1172
1146
1132
1130
1102
1083
1065
1070
1075
1045
1045
1029
1032
1025
1037
1030
1024
995
998
999
991
1001
991
983
984
988
961
950
941
948
949
921
904
885
893
881
850
855
849
846
816
823
815
807
811
795
792
766
782
772
757
741
747
766
756
741
748
746
733
736
724
706
706
693
705
710
720
701
696
696
708
673
665
652
648
654
672
664
654
646
656
649
643
631
611
607
592
573
571
553
552
544
547
560
559
568
578
601
608
629
626
633
655
645
661
674
680
698
695
707
710
742
742
746
766
767
787
805
827
847
869
876
868
869
898
905
892
913
931
942
936
924
913
914
915
912
927
913
894
894
898
906
894
888
865
860
855
886
899
914
910
936
927
950
935
960
979
1005
1015
1046
1055
1074
1088
1081
1106
1098
1099
1115
1106
1108
1107
1086
1064
1070
1053
1027
996
976
973
957
939
912
916
899
880
860
844
824
827
826
819
835
821
805
804
808
801
803
793
785
780
765
748
727
732
731
740
746
727
719
729
732
728
701
679
680
672
685
686
709
715
720
724
716
725
718
705
687
694
698
707
709
707
720
739
748
768
771
786
793
814
838
865
888
906
934
948
965
982
1005
1052
1067
1093
1100
1105
1099
1121
1107
1116
1111
1115
1101
1101
1133
1124
1131
1137
1124
1108
1097
1094
1087
1075
1050
1031
995
987
972
935
914
902
869
861
823
786
760
736
714
698
676
657
645
638
608
588
560
533
517
506
496
477
459
433
437
421
421
425
420
424
443
438
440
436
445
461
463
509
508
531
565
593
618
669
698
730
766
817
842
866
914
934
944
977
993
1014
1017
1031
1032
1035
1033
1020
1032
1022
1018
1030
1009
1001
994
1002
987
1000
994
989
985
985
978
976
967
964
953
979
984
986
985
973
966
955
946
933
902
892
874
857
823
789
765
735
693
666
634
606
578
554
522
498
466
444
421
393
359
337
320
292
268
249
225
210
188
176
162
146
131
118
112
104
99
91
81
77
76
74
72
61
55
49
46
43
42
39
37
34
31
27
23
23
20
18
16
13
11
8
6
5
5
5
5
5
4
4
4
4
2
2
2
2
2
2
2
2
1
0
0
0
0
0
0
0
0
0
0
0
0
0
0
0
0
0
0
0
0
0
0
0
0
0
0
0
0
0
0
0
0
0
0
0
0
0
0
0
0
0
0
0
0
0
0
0
0
0
0
0
0
0
0
0
0
0
0
0
0
0
0
0
0
0
0
0
0
0
0
0
0
0
0
0
0
0
0
0
0
0
0
0
0
0
0
0
0
0
0
0
0
0
0
0
0
