0
8
49
145
246
356
460
563
676
769
831
922
1018
1096
1158
1224
1275
1352
1398
1441
1476
1529
1553
1581
1568
1560
1608
1606
1636
1635
1653
1650
1645
1605
1606
1575
1552
1542
1544
1536
1545
1535
1527
1496
1491
1460
1462
1432
1394
1383
1343
1323
1304
1286
1253
1234
1215
1225
1240
1198
1170
1152
1115
1078
1062
1036
1012
984
981
962
957
947
965
969
978
956
969
960
956
943
928
945
934
910
909
896
906
903
902
918
920
920
908
903
904
895
889
881
882
893
875
852
825
804
791
797
782
766
757
730
710
700
685
684
674
677
660
659
636
644
649
660
662
673
693
691
711
711
731
750
743
757
777
775
777
794
793
808
817
826
844
866
888
909
903
909
914
907
912
907
904
920
903
908
902
906
924
929
921
920
934
944
964
957
957
970
964
964
955
943
927
909
897
891
910
912
901
917
920
900
896
915
910
922
929
920
927
927
898
913
929
939
943
941
916
937
931
941
945
937
934
932
934
912
887
870
876
869
835
824
816
807
789
776
766
736
720
695
674
663
658
665
666
646
649
662
651
640
632
636
633
639
655
663
671
679
707
715
725
754
762
807
810
835
831
842
836
851
869
871
902
904
917
931
929
942
955
963
954
945
957
967
970
991
993
989
984
979
996
961
980
977
971
965
964
940
922
929
932
925
929
947
939
934
918
931
922
912
894
877
871
853
836
835
843
857
857
824
812
830
843
844
851
860
856
845
828
817
826
827
820
806
792
813
788
773
748
753
750
748
755
742
753
761
770
771
772
786
806
814
833
828
846
833
853
843
855
846
855
856
878
875
873
869
876
883
898
903
933
950
954
960
972
965
954
934
939
938
922
933
935
946
935
935
935
939
934
944
932
930
915
918
912
915
921
921
913
916
929
922
912
913
932
918
929
927
916
906
921
934
919
910
934
952
947
948
936
944
951
945
959
956
952
942
956
936
916
923
913
909
910
914
909
910
910
929
933
935
918
918
932
930
933
923
919
928
940
954
970
974
973
954
965
940
948
933
928
936
938
941
915
904
876
869
852
843
842
813
795
801
813
815
840
846
829
845
857
855
847
860
847
834
822
851
833
842
850
865
841
825
843
824
834
843
834
843
833
831
821
811
826
831
834
842
845
854
838
826
825
852
856
878
869
863
875
876
881
870
879
878
866
879
886
890
893
907
900
901
881
905
883
883
874
870
867
871
867
857
860
877
878
864
877
882
902
895
895
875
875
862
870
877
885
903
899
895
913
938
944
959
955
949
931
948
970
970
960
969
967
960
958
991
985
1009
1001
1001
1010
1032
1031
1013
1016
1029
998
976
969
925
904
910
886
873
847
845
818
813
803
800
773
778
766
786
803
831
858
890
935
970
1007
1058
1108
1157
1171
1166
1183
1197
1174
1143
1122
1103
1082
1043
1032
