0
9
43
124
220
330
419
521
623
695
793
888
967
1018
1077
1139
1220
1283
1311
1356
1376
1404
1416
1443
1467
1474
1488
1474
1475
1503
1521
1513
1525
1514
1517
1514
1488
1484
1471
1474
1464
1460
1466
1436
1433
1437
1428
1391
1368
1343
1323
1299
1273
1257
1231
1206
1162
1120
1099
1110
1110
1100
1086
1081
1061
1065
1064
1072
1050
1052
1030
1017
1000
1002
978
970
981
987
965
958
954
921
933
921
911
927
923
925
934
925
929
918
913
886
904
887
880
864
850
844
834
828
839
829
807
809
818
806
783
777
764
743
732
738
718
709
691
670
656
648
651
619
610
612
623
620
628
615
617
618
602
582
566
571
566
556
543
545
535
526
513
504
496
496
504
518
507
518
521
513
519
518
532
523
536
520
515
500
507
507
518
522
531
511
510
506
493
504
505
511
506
514
518
526
526
543
560
574
579
597
599
605
623
633
641
662
670
676
674
691
703
730
725
739
762
756
769
761
786
761
767
753
747
745
729
727
721
701
719
705
698
686
682
695
701
703
717
700
714
748
766
758
774
767
786
822
841
874
898
926
930
938
929
946
954
960
950
942
949
961
969
992
992
989
984
967
963
966
960
961
948
926
923
911
901
915
906
891
892
885
889
870
853
879
888
882
872
887
905
914
920
945
965
987
982
992
1005
1020
1038
1037
1030
1034
1030
1012
979
959
936
928
901
874
867
861
846
827
825
797
816
830
854
854
871
878
917
924
954
930
940
968
980
988
989
978
995
1009
1033
1047
1046
1063
1087
1107
1127
1136
1132
1127
1131
1113
1094
1072
1057
1023
983
931
893
871
821
785
775
742
696
666
614
566
530
500
478
460
431
409
375
341
312
298
272
248
229
216
212
190
177
162
147
139
129
119
107
98
87
79
77
66
62
56
51
49
48
45
39
37
34
33
28
26
23
22
18
17
17
16
15
13
13
12
12
9
9
8
7
5
5
4
4
4
4
3
3
3
3
3
3
3
3
3
2
2
2
2
0
0
0
0
0
0
0
0
0
0
0
0
0
0
0
0
0
0
0
0
0
0
0
0
0
0
0
0
0
0
0
0
0
0
0
0
0
0
0
0
0
0
0
0
0
0
0
0
0
0
0
0
0
0
0
0
0
0
0
0
0
0
0
0
0
0
0
0
0
0
0
0
0
0
0
0
0
0
0
0
0
0
0
0
0
0
0
0
0
0
0
0
0
0
0
0
0
0
0
0
0
0
0
0
0
0
0
0
0
0
0
0
0
0
0
0
0
0
0
0
0
0
0
0
0
0
0
0
0
0
0
0
0
0
0
0
0
0
0
0
0
0
0
0
0
0
0
0
0
0
0
0
0
0
0
0
0
0
0
0
0
0
0
0
0
0
0
0
0
0
0
0
0
0
0
0
0
0
0
0
0
0
0
0
0
