0
5
36
117
199
329
440
545
636
732
829
910
996
1084
1149
1225
1272
1328
1409
1450
1477
1499
1516
1562
1576
1609
1624
1636
1638
1631
1634
1631
1617
1620
1624
1606
1580
1576
1558
1538
1506
1483
1448
1442
1389
1384
1373
1379
1405
1382
1369
1319
1291
1261
1220
1163
1150
1147
1128
1116
1120
1117
1124
1106
1116
1084
1055
1035
1000
1007
987
960
952
945
913
895
899
896
866
861
841
828
818
807
808
800
762
726
709
702
697
679
666
656
638
606
589
577
557
542
516
488
477
467
437
423
425
415
404
394
389
375
387
406
410
412
444
455
461
467
481
500
513
510
520
518
524
522
531
552
555
572
578
563
573
577
577
574
564
545
540
537
533
541
530
525
519
488
477
450
441
410
380
357
325
304
293
277
260
249
237
218
202
188
180
164
149
139
131
120
111
106
88
81
70
66
63
56
56
52
47
47
46
43
44
40
38
36
31
30
29
25
25
24
22
19
17
12
11
11
10
9
9
7
6
5
3
2
2
2
1
1
1
1
1
1
1
1
0
0
0
0
0
0
0
0
0
0
0
0
0
0
0
0
0
0
0
0
0
0
0
0
0
0
0
0
0
0
0
0
0
0
0
0
0
0
0
0
0
0
0
0
0
0
0
0
0
0
0
0
0
0
0
0
0
0
0
0
0
0
0
0
0
0
0
0
0
0
0
0
0
0
0
0
0
0
0
0
0
0
0
0
0
0
0
0
0
0
0
0
0
0
0
0
0
0
0
0
0
0
0
0
0
0
0
0
0
0
0
0
0
0
0
0
0
0
0
0
0
0
0
0
0
0
0
0
0
0
0
0
0
0
0
0
0
0
0
0
0
0
0
0
0
0
0
0
0
0
0
0
0
0
0
0
0
0
0
0
0
0
0
0
0
0
0
0
0
0
0
0
0
0
0
0
0
0
0
0
0
0
0
0
0
0
0
0
0
0
0
0
0
0
0
0
0
0
0
0
0
0
0
0
0
0
0
0
0
0
0
0
0
0
0
0
0
0
0
0
0
0
0
0
0
0
0
0
0
0
0
0
0
0
0
0
0
0
0
0
0
0
0
0
0
0
0
0
0
0
0
0
0
0
0
0
0
0
0
0
0
0
0
0
0
0
0
0
0
0
0
0
0
0
0
0
0
0
0
0
0
0
0
0
0
0
0
0
0
0
0
0
0
0
0
0
0
0
0
0
0
0
0
0
0
0
0
0
0
0
0
0
0
0
0
0
0
0
0
0
0
0
0
0
0
0
0
0
0
0
0
0
0
0
0
0
0
0
0
0
0
0
0
0
0
0
0
0
0
0
0
0
0
0
0
0
0
0
0
0
0
0
0
0
0
0
0
0
0
0
0
0
0
0
0
0
0
0
0
0
0
0
0
