0
78
175
208
192
168
140
122
121
119
113
123
120
126
130
135
129
132
126
129
128
118
130
133
130
133
147
169
159
170
169
184
207
208
215
224
242
254
253
280
304
309
314
297
319
330
327
350
387
408
406
434
442
453
482
510
548
571
602
632
640
666
708
756
794
835
875
927
955
995
1037
1084
1128
1170
1226
1273
1323
1359
1397
1402
1426
1482
1517
1563
1600
1645
1678
1719
1751
1804
1824
1836
1861
1899
1895
1929
1988
2036
2073
2119
2147
2172
2201
2239
2287
2347
2393
2431
2452
2476
2518
2534
2573
2607
2655
2659
2672
2709
2751
2786
2819
2862
2911
2958
2993
3036
3074
3140
3188
3242
3313
3364
3429
3473
3535
3609
3688
3767
3851
3908
3966
4037
4082
4144
4199
4259
4335
4385
4435
4479
4524
4587
4645
4685
4724
4768
4807
4836
4850
4877
4907
4932
4940
4947
4954
4935
4947
4937
4970
4982
5007
5015
5021
5016
5036
5073
5091
5117
5125
5144
5182
5227
5241
5264
5282
5288
5320
5342
5380
5429
5458
5482
5551
5593
5633
5665
5719
5766
5812
5850
5908
5939
5987
6032
6073
6108
6136
6174
6199
6226
6271
6297
6293
6306
6305
6312
6334
6346
6379
6388
6401
6383
6396
6405
6427
6460
6488
6513
6547
6581
6625
6656
6693
6765
6814
6861
6926
6976
7021
7106
7173
7252
7340
7425
7514
7595
7696
7770
7854
7937
8017
8114
8201
8280
8384
8481
8593
8701
8815
8910
9009
9112
9202
9292
9401
9492
9594
9697
9809
9910
10011
10127
10230
10319
10416
10518
10628
10718
10826
10940
11059
11169
11290
11388
11493
11592
11696
11795
11889
11983
12097
12207
12313
12402
12505
12614
12739
12835
12936
13062
13150
13262
13349
13439
13540
13639
13748
13849
13947
14044
14143
14262
14356
14453
14567
14673
14768
14880
14970
15087
15201
15317
15424
15533
15643
15749
15866
15979
16100
16193
16305
16424
16518
16605
16701
16807
16924
17031
17135
17235
17334
17437
17530
17639
17734
17840
17938
18043
18134
18239
18339
18439
18535
18626
18724
18839
18963
19046
19143
19232
19355
19461
19567
19674
19766
19880
19982
20080
20187
20279
20387
20482
20572
20676
20769
20898
21013
21126
21238
21352
21450
21536
21651
21771
21866
21976
22081
22187
22291
22398
22490
22584
22688
22780
22881
22982
23085
23184
23286
23379
23472
23597
23707
23807
23907
24007
24096
24189
24285
24387
24488
24596
24709
24822
24918
25026
25132
25232
25331
25424
25529
25637
25741
25829
25922
26012
26122
26224
26310
26409
26502
26605
26695
26796
26924
27032
27150
27251
27358
27461
27570
27664
27757
27865
27965
28076
28191
28282
28402
28492
28590
28692
28793
28897
29017
29104
29217
29304
29399
29523
29625
29731
29846
29962
30072
30177
30286
30398
30495
30585
30685
30773
30877
30972
31066
31181
31281
31378
31482
31568
31663
31775
31889
31976
32090
32182
32276
32378
32471
32584
32677
32759
32862
32987
33089
33194
33298
33403
33500
33597
33697
33792
33890
33981
34099
34211
34328
34438
34552
34651
34753
34851
34956
35071
35143
35251
35346
35424
35531
35630
35749
35839
35926
36019
36120
36216
36305
36388
36488
36581
36678
36771
36884
36991
37095
37202
37314
37413
37528
37624
37706
37799
37902
38004
38116
38220
38322
38419
38518
38624
38713
38814
38914
39028
39122
39234
39330
39438
39514
39607
39701
39810
39909
40008
40110
40202
40312
40426
40525
40632
40744
40849
40956
41068
41158
41260
41355
41452
41547
41637
41733
41835
41933
42012
42090
42190
42281
42378
42472
42574
42675
42779
42868
42972
43063
43162
43246
43337
43441
43543
43646
