0
93
169
207
201
217
167
147
141
127
112
90
93
91
88
90
107
119
112
124
105
134
148
135
140
152
160
190
178
188
182
177
200
227
231
241
270
278
295
290
285
292
291
303
318
340
348
383
382
408
417
453
491
507
524
561
570
619
651
670
721
757
790
804
823
865
885
911
951
994
1040
1080
1125
1151
1189
1227
1242
1276
1307
1347
1361
1405
1423
1446
1472
1488
1482
1515
1521
1553
1553
1568
1599
1619
1655
1692
1731
1746
1793
1829
1856
1867
1917
1964
2003
2020
2070
2099
2167
2202
2217
2255
2284
2311
2341
2381
2406
2415
2447
2485
2489
2551
2570
2600
2633
2635
2660
2693
2716
2768
2815
2856
2924
2980
3020
3069
3128
3171
3209
3249
3283
3349
3390
3439
3503
3566
3607
3691
3760
3818
3847
3866
3924
3964
4017
4053
4064
4084
4121
4137
4194
4220
4223
4232
4259
4280
4327
4343
4361
4374
4417
4465
4498
4515
4557
4606
4622
4678
4716
4761
4791
4848
4867
4913
4943
4971
5002
5048
5091
5113
5128
5159
5192
5230
5285
5346
5401
5463
5533
5571
5604
5651
5691
5731
5770
5830
5874
5935
5999
6027
6086
6114
6149
6185
6216
6251
6299
6365
6424
6489
6526
6558
6586
6631
6680
6715
6726
6772
6817
6875
6901
6954
6986
7037
7093
7149
7179
7223
7266
7290
7346
7386
7430
7462
7505
7579
7606
7633
7677
7727
7747
7796
7842
7867
7911
7951
7972
8002
8048
8082
8130
8166
8213
8249
8309
8338
8366
8379
8412
8455
8517
8581
8616
8660
8693
8701
8735
8762
8812
8851
8882
8931
8955
8990
9024
9058
9086
9123
9165
9212
9234
9297
9319
9366
9418
9463
9498
9563
9594
9626
9652
9686
9720
9764
9804
9826
9874
9913
9955
10006
10049
10087
10133
10180
10217
10238
10270
10272
10294
10291
10314
10329
10322
10337
10348
10368
10410
10414
10446
10449
10500
10507
10518
10528
10551
10561
10590
10623
10635
10625
10643
10667
10699
10704
10745
10794
10828
10840
10888
10919
10943
10998
11023
11071
11112
11151
11179
11239
11261
11321
11365
11405
11439
11465
11505
11563
11570
11620
11646
11692
11711
11752
11776
11812
11868
11910
11940
11969
11996
12036
12048
12071
12095
12100
12129
12165
12216
12247
12267
12285
12307
12338
12356
12372
12396
12389
12397
12403
12435
12468
12506
12561
12588
12606
12653
12702
12737
12774
12802
12840
12879
12940
12999
13058
13082
13138
13189
13229
13275
13340
13405
13470
13489
13520
13543
13542
13565
13579
13541
13533
13559
13563
13581
13617
13638
13663
13721
13750
13798
13832
13859
13909
13916
13942
13964
14040
14102
14157
14192
14210
14245
14282
14302
14314
14347
14344
14375
14395
14415
14440
14442
14457
14464
14459
14473
14470
14466
14464
14491
14467
14463
14461
14486
14503
14540
14578
14604
14665
14712
14758
14805
14868
14942
15003
15070
15132
15203
15286
15341
15419
15482
15557
15619
15683
15743
15829
15928
16017
16099
16191
16287
16376
16472
16570
16654
16754
16866
16945
17041
17136
17223
17319
17431
17531
17645
17739
17883
17971
18069
18189
18290
18408
18511
18609
18704
18794
18901
19004
19091
19183
19282
19405
19511
19626
19730
19838
19939
20051
20150
20250
20350
20460
20555
20654
20758
20851
20964
21069
21177
21277
21368
21467
21585
21686
21790
21908
22016
22111
22239
22356
22477
22576
22672
22777
22880
22976
23077
23192
23303
23410
23506
23606
23720
23828
23935
24032
24132
24236
24345
24456
24558
24647
24758
24855
24960
25063
25173
25276
25362
25472
25575
25669
25769
25865
25956
26071
26185
26284
26384
26480
26589
