0
94
176
192
191
170
159
141
150
132
125
128
128
119
132
121
144
131
136
124
134
119
141
137
147
148
182
181
177
163
163
187
213
209
210
215
225
227
252
268
283
302
302
314
373
361
418
432
446
472
475
500
528
563
597
652
699
739
762
786
816
851
853
879
876
909
939
975
1012
1047
1084
1115
1171
1204
1246
1288
1305
1354
1413
1459
1506
1548
1578
1612
1645
1703
1779
1837
1915
1965
2027
2105
2171
2244
2326
2410
2470
2547
2615
2707
2788
2876
2972
3064
3159
3238
3300
3391
3472
3572
3648
3707
3766
3836
3902
3961
4006
4063
4114
4195
4272
4326
4375
4412
4463
4510
4559
4624
4658
4702
4778
4833
4888
4925
4957
5013
5086
5134
5198
5265
5331
5370
5435
5484
5550
5611
5668
5752
5823
5905
6011
6109
6209
6295
6410
6515
6607
6694
6781
6871
6985
7092
7194
7298
7397
7496
7610
7713
7828
7912
8015
8136
8251
8360
8455
8571
8686
8791
8896
9011
9111
9226
9329
9428
9524
9626
9728
9832
9946
10062
10161
10247
10370
10494
10615
10723
10840
10942
11049
11155
11257
11354
11460
11579
11702
11812
11918
12033
12148
12244
12348
12440
12547
12654
12755
12847
12966
13069
13169
13259
13362
13481
13578
13690
13785
13896
14004
14117
14220
14322
14419
14525
14622
14710
14811
14911
15012
15114
15224
15345
15445
15546
15650
15752
15859
15970
16062
16174
16269
16394
16492
16599
16700
16793
16900
17007
17117
17210
17310
17407
17509
17612
17701
17798
17918
18013
18123
18227
18326
18431
18547
18647
18760
18871
18984
19099
19187
19286
19404
19499
19613
19723
19831
19922
20023
20142
20229
20338
20440
20537
20633
20728
20829
20920
21025
21145
21245
21349
21443
21551
21666
21765
21889
21994
22121
22224
22333
22428
22534
22637
22751
22851
22968
23079
23157
23264
23357
23454
23556
23655
23743
23858
23960
24060
24162
24281
24386
24471
24583
24679
24768
24865
24962
25059
25151
25254
25360
25476
25574
25698
25803
25912
26011
26113
26214
26297
26397
26505
26593
26686
26786
26898
26995
27116
27218
27306
27396
27493
27584
27684
27775
27882
27967
28051
28160
28271
28389
28496
28599
28683
28787
28871
28975
29067
29167
29274
29399
29487
29585
29702
29799
29901
29996
30106
30221
30311
30399
30489
30578
30673
30785
30902
30994
31100
31206
31311
31412
31532
31615
31724
31832
31939
32054
32155
32254
32357
32462
32572
32652
32769
32880
32986
33093
33196
33303
33415
33511
33619
33719
33815
33917
34022
34133
34251
34347
34438
34539
34654
34732
34835
34941
35023
35125
35207
35306
35415
35517
35615
35712
35844
35971
36075
36183
36301
36408
36517
36635
36727
36836
36938
37045
37163
37282
37385
37490
37591
37698
37788
37901
38008
38117
38225
38311
38417
38520
38631
38719
38808
38903
39006
39102
39205
39316
39405
39525
39621
39726
39810
39918
40030
40132
40226
40332
40437
40528
40640
40748
40857
40949
41043
41146
41237
41329
41429
41541
41614
41727
41826
41912
42028
42131
42217
42337
42428
42543
42620
42703
42806
42908
43007
43110
43195
43308
43402
43519
43611
43692
43797
43893
43970
44059
44159
44264
44365
44462
44547
44661
44769
44862
44949
45029
45127
45221
45323
45428
45541
45657
45761
45866
45974
46064
46173
46268
46364
46460
46559
46646
46748
46838
46941
47040
47142
47248
47327
47417
47497
47584
47671
47752
47848
47951
48064
48161
48268
48366
48461
48554
48657
48740
48836
48953
49042
49138
49225
49326
49424
49515
49613
49706
49808
49907
50013
50107
50193
50293
50390
50469
50581
50702
50810
50911
51018
51121
51216
51310
51399
51486
51599
51708
51823
51907
