1000
1128
1273
1452
1613
1788
1911
2019
2111
2129
2143
2110
2092
2006
1937
1823
1727
1617
1529
1430
1284
1150
1015
943
828
723
654
583
522
475
420
365
333
285
245
217
202
164
154
132
123
108
95
84
81
72
73
70
64
48
42
40
37
33
36
38
38
35
35
38
34
40
38
39
43
45
41
39
40
36
33
37
37
40
43
44
41
42
43
40
39
35
33
31
31
29
31
30
24
28
25
23
25
24
24
23
23
20
19
18
16
15
16
21
22
20
22
21
19
20
21
20
18
21
24
18
18
19
15
14
12
9
9
8
11
7
6
9
7
12
10
11
9
8
7
7
5
6
7
7
6
6
7
8
7
8
10
11
13
15
13
13
13
15
15
17
16
15
13
10
12
13
13
13
13
13
15
15
14
15
19
17
16
16
17
18
18
19
21
19
19
19
16
14
15
13
16
17
16
15
15
14
14
15
15
15
16
16
17
17
18
18
23
23
29
29
30
35
35
37
37
37
39
38
39
36
33
29
25
21
19
17
15
15
16
16
20
21
19
18
18
18
16
16
13
13
14
16
15
15
14
14
14
15
16
18
17
16
13
13
12
11
10
9
10
11
13
13
16
15
16
15
17
15
14
12
14
17
14
13
12
13
14
13
11
14
13
11
12
10
10
10
12
14
13
14
16
16
18
17
20
23
27
24
26
28
26
29
33
32
29
29
26
28
27
31
32
31
29
27
26
25
24
26
26
25
26
23
25
26
29
25
22
20
19
18
16
13
12
11
9
9
8
8
9
6
4
5
5
6
7
6
6
3
3
3
3
3
3
3
4
5
5
4
4
4
4
4
3
5
5
5
6
6
5
5
5
5
8
9
12
12
14
18
20
19
18
15
16
16
19
20
17
17
15
15
12
12
12
12
13
13
11
11
12
11
10
8
9
8
9
12
13
13
13
12
10
11
11
9
9
10
11
10
10
10
11
8
6
6
6
4
4
4
2
2
2
1
1
1
1
1
1
1
1
0
0
0
0
0
0
0
0
0
0
0
0
0
0
0
0
0
0
0
0
0
0
0
0
0
0
0
0
0
0
0
0
0
0
0
0
0
0
0
0
0
0
0
0
0
0
0
0
0
0
0
0
0
0
0
0
0
0
0
0
0
0
0
0
0
0
0
0
0
0
0
0
0
0
0
0
0
0
0
0
0
0
0
0
0
0
0
0
0
0
0
0
0
0
0
0
0
0
0
0
0
0
0
0
0
0
0
0
0
0
0
0
0
0
0
0
0
0
0
0
0
0
0
0
0
0
0
0
0
0
0
0
0
0
0
0
0
0
0
0
0
0
0
0
0
0
0
0
0
0
0
0
0
0
0
0
0
0
0
0
0
0
0
0
0
0
