1000
1109
1260
1410
1569
1734
1849
1960
2031
2104
2141
2157
2164
2092
2015
1933
1814
1753
1633
1534
1446
1325
1248
1148
1039
947
855
788
709
656
580
528
488
436
399
371
350
329
290
259
247
212
189
156
141
131
113
97
93
84
71
63
54
53
45
44
42
37
33
33
30
27
27
26
28
29
28
27
23
20
20
18
18
20
22
21
22
24
21
22
20
22
23
19
16
14
19
18
18
21
20
21
21
20
23
25
28
30
27
28
30
31
31
32
35
38
40
43
46
46
48
42
43
41
40
30
26
29
28
28
27
29
30
31
30
28
29
25
25
24
24
25
28
29
35
30
27
25
26
26
29
27
26
27
30
29
31
31
30
27
25
27
27
24
25
21
21
18
18
17
19
18
19
17
22
19
18
21
23
26
23
23
25
22
23
21
23
20
21
24
23
23
22
25
27
28
28
28
25
23
21
21
19
17
18
16
18
12
11
12
16
16
17
19
21
22
21
23
28
29
33
31
32
30
29
32
40
42
37
41
43
43
41
37
37
39
39
38
36
38
39
39
38
36
32
29
29
27
28
24
25
19
20
19
21
22
21
21
22
23
25
25
29
31
35
38
34
29
29
27
28
34
32
35
37
38
34
38
37
33
33
37
36
37
32
35
37
38
39
38
39
42
41
39
44
48
52
49
51
50
45
47
37
36
35
36
30
26
27
27
29
26
29
26
29
31
28
33
37
35
39
34
33
31
33
32
33
34
36
35
34
38
41
44
44
41
42
38
39
41
38
40
42
42
41
40
42
37
34
35
35
32
37
37
36
38
35
33
29
28
30
31
30
30
25
23
23
21
19
19
22
22
20
20
21
21
19
17
25
22
26
22
24
27
25
30
27
26
26
24
23
18
17
16
15
15
15
16
16
17
19
18
19
19
16
20
24
27
25
26
27
29
33
32
34
34
34
39
35
35
32
31
31
29
29
28
32
28
26
25
22
25
22
22
24
23
21
22
25
23
25
23
19
19
22
19
17
17
15
16
15
15
13
15
17
17
18
18
19
19
17
21
24
20
15
14
13
13
14
13
11
7
6
5
7
5
5
5
6
7
7
9
9
8
8
8
9
11
9
9
9
11
12
13
13
16
20
17
18
20
21
18
20
22
27
27
28
26
21
20
18
18
17
15
14
12
11
9
9
7
7
4
5
7
7
8
10
9
10
8
9
9
9
5
5
6
4
3
3
3
2
0
0
0
0
0
0
0
0
0
0
0
0
0
0
0
0
0
0
0
0
0
0
0
0
0
0
0
0
0
0
0
0
0
0
0
0
0
0
0
0
0
0
0
0
0
0
0
0
0
0
0
0
0
0
0
0
0
0
0
0
0
0
0
0
0
0
0
0
0
0
