1000
1138
1306
1485
1625
1792
1914
2032
2148
2216
2275
2257
2263
2210
2147
2085
1935
1855
1768
1606
1519
1395
1265
1172
1074
962
885
779
721
656
593
542
499
451
406
371
328
311
289
261
235
230
218
191
174
152
135
127
117
116
108
90
87
82
63
60
57
55
55
56
58
58
59
51
57
51
56
59
56
53
48
48
47
49
48
57
54
51
46
41
42
42
45
47
46
48
51
45
45
44
43
39
39
41
41
42
38
41
36
39
34
37
37
32
30
26
23
19
18
17
18
16
16
15
13
14
12
10
10
13
14
15
14
16
15
14
10
9
10
9
8
8
10
9
9
9
9
10
11
9
9
10
12
13
14
11
11
12
13
13
11
9
8
8
9
9
9
8
9
9
6
7
10
9
8
9
10
13
13
13
12
14
11
13
11
14
10
11
12
12
14
12
11
10
12
13
10
10
9
9
10
9
9
11
13
13
12
10
9
5
4
4
5
5
8
10
9
9
7
9
10
9
10
10
11
11
13
13
14
15
16
15
15
18
17
15
14
14
12
12
13
14
13
15
15
17
16
16
15
15
15
14
12
9
7
6
8
10
12
10
9
9
9
9
9
11
14
12
11
11
12
12
17
20
20
19
17
15
14
13
16
19
21
22
17
13
13
14
10
8
6
7
6
7
10
9
8
8
8
9
10
9
11
12
13
11
12
15
14
14
14
15
17
15
15
17
21
15
16
17
18
19
18
21
20
21
19
19
12
12
12
12
12
11
8
6
6
6
4
3
4
3
3
2
2
2
2
1
0
0
0
0
0
0
0
0
0
0
0
0
0
0
0
0
0
0
0
0
0
0
0
0
0
0
0
0
0
0
0
0
0
0
0
0
0
0
0
0
0
0
0
0
0
0
0
0
0
0
0
0
0
0
0
0
0
0
0
0
0
0
0
0
0
0
0
0
0
0
0
0
0
0
0
0
0
0
0
0
0
0
0
0
0
0
0
0
0
0
0
0
0
0
0
0
0
0
0
0
0
0
0
0
0
0
0
0
0
0
0
0
0
0
0
0
0
0
0
0
0
0
0
0
0
0
0
0
0
0
0
0
0
0
0
0
0
0
0
0
0
0
0
0
0
0
0
0
0
0
0
0
0
0
0
0
0
0
0
0
0
0
0
0
0
0
0
0
0
0
0
0
0
0
0
0
0
0
0
0
0
0
0
0
0
0
0
0
0
0
0
0
0
0
0
0
0
0
0
0
0
0
0
0
0
0
0
0
0
0
0
0
0
0
0
0
0
0
0
0
0
0
0
0
0
0
0
0
0
0
0
0
0
0
0
0
0
0
0
0
0
0
0
0
0
0
0
0
0
0
0
0
0
0
0
0
0
0
0
0
0
0
0
