1.477417276343745201e+00 1.065508639649758310e-01 1.393394163091260518e+00
1.563049087291153993e+00 1.043362999532177482e-01 1.439553823712466318e+00
1.501659212909845165e+00 1.029053073223123727e-01 1.376744537449560823e+00
1.557383085425222413e+00 9.960007737729976995e-02 1.381723352461266430e+00
1.458787310954796856e+00 1.035622012273660908e-01 1.364658384259839208e+00
1.502439944766807534e+00 1.057228512476554305e-01 1.403204872130254799e+00
1.418623198387321205e+00 1.067996446684592038e-01 1.362341926779174539e+00
1.431342198905974916e+00 1.095984927372371381e-01 1.388500729790513866e+00
1.517710237292024145e+00 1.061629860794900404e-01 1.418944165500707566e+00
1.349144987548140273e+00 1.089543305646970273e-01 1.359440077611088205e+00
1.531887649709748889e+00 1.005409622382291840e-01 1.375337379457690856e+00
1.444780446101926907e+00 1.048135366584302675e-01 1.363411158687558800e+00
1.459697448784680107e+00 1.077158278308170958e-01 1.391581099102624064e+00
1.464220644668799531e+00 1.041076877351331670e-01 1.366692328005762569e+00
1.387974873129489639e+00 1.086899374840004651e-01 1.359769348848466120e+00
1.608101179081466103e+00 1.020327800653131195e-01 1.455527554085820352e+00
1.425651410252524398e+00 1.082744218863973817e-01 1.375232859711708056e+00
1.570194011143942525e+00 9.920916896661603757e-02 1.386120321947935663e+00
1.420811226642759717e+00 1.079919430455472257e-01 1.370453276822623856e+00
1.482436876335844866e+00 1.032367320303572700e-01 1.369418420565962080e+00
1.508586482044641741e+00 1.019578611028886250e-01 1.373440323598138946e+00
1.377477706131339907e+00 1.102646261999759431e-01 1.363644931340098676e+00
1.475689749066955159e+00 1.108900055269454732e-01 1.438873919572376758e+00
1.469869779460957426e+00 1.031265015878978369e-01 1.365685637710817080e+00
1.602772378178979329e+00 9.710827838996675954e-02 1.387019025825571017e+00
1.525195888569332858e+00 1.081676005809837360e-01 1.460631907230088622e+00
1.479170945351844901e+00 1.084518648131741342e-01 1.410803584739777961e+00
1.433790459517290117e+00 1.045470264851936781e-01 1.363578056218072376e+00
1.455209931876172869e+00 1.114075206042434291e-01 1.421146990250675701e+00
1.387412520529104576e+00 1.068402344640612400e-01 1.361694070076677088e+00
1.497268031440065039e+00 1.091001271397928213e-01 1.436340294532058914e+00
1.600641407727118715e+00 1.021916637256529842e-01 1.448944610075617145e+00
1.623182290829252805e+00 9.628934225510990541e-02 1.392204690436495973e+00
1.342935350210107792e+00 1.104372349085056410e-01 1.354051189612480277e+00
1.380370599865018644e+00 1.117444129242708833e-01 1.374578057450978497e+00
1.427388278492243368e+00 1.059284665535687037e-01 1.361961323807066693e+00
1.540226296308070397e+00 1.033609361028328816e-01 1.408059589994220095e+00
1.544560382265923737e+00 1.027014212304798169e-01 1.404475108896571012e+00
1.397254724871284548e+00 1.062824819700303181e-01 1.362523654806480078e+00
1.565594636581676635e+00 1.025875202767083938e-01 1.419952210574427776e+00
1.549466791981356728e+00 1.008244026723597031e-01 1.388202081903357143e+00
1.410263625057927017e+00 1.072023723831885544e-01 1.361194671720704186e+00
1.584838628038394370e+00 1.006730717477421766e-01 1.413879147228009003e+00
1.514943433006779472e+00 1.013835960021896992e-01 1.372850937415539763e+00
1.511206878537735276e+00 1.070671851203597036e-01 1.423190299597121733e+00
1.631653867535959757e+00 9.674172301861139189e-02 1.403988531962713671e+00
1.579735016572042960e+00 9.998736926999102215e-02 1.401662619611831806e+00
1.462488376159334358e+00 1.098387760279651154e-01 1.410697054221697000e+00
1.482840151486043645e+00 1.079080903567087302e-01 1.408662195274798190e+00
1.441158542262983122e+00 1.063342488126571977e-01 1.369483911506038876e+00
1.435460883336857840e+00 1.072876611339364378e-01 1.373350153841345511e+00
1.489673663173040508e+00 1.101671837274963289e-01 1.445894710526103299e+00
1.402421274575390786e+00 1.076066998155429111e-01 1.360252917986191967e+00
1.486629207066399116e+00 1.060100009586824599e-01 1.394843230054388039e+00
1.541280883253596912e+00 1.010796962871551574e-01 1.385151382142335574e+00
1.554015945240485586e+00 1.058201877087210918e-01 1.454262301903592736e+00
1.465138958156084970e+00 1.091981039393642161e-01 1.407047921291768589e+00
1.448746109917844027e+00 1.105918271062659025e-01 1.406988939104309999e+00
1.578436389380555083e+00 1.003036003582899599e-01 1.404317036291851561e+00
1.561364143061470644e+00 1.052745608170889829e-01 1.453913922773585998e+00
1.453592665779495974e+00 1.055281813011457598e-01 1.370279978125692244e+00
1.598770429904276202e+00 1.000469011719398588e-01 1.418080850364006107e+00
1.439000832790348072e+00 1.043876360306522505e-01 1.363451725044552365e+00
1.353267750751349752e+00 1.108462484031050854e-01 1.356927840071799007e+00
1.522487773066409700e+00 1.047227580381535905e-01 1.408341462384549603e+00
1.443833649069101055e+00 1.107571520399685677e-01 1.404835008012845332e+00
1.547094617872884159e+00 1.039308545284108320e-01 1.419468957409213417e+00
1.613294215885832994e+00 9.834002227374662175e-02 1.409076431721532074e+00
1.542854967240839370e+00 1.053195232131669268e-01 1.431994286136036409e+00
1.588844551834975638e+00 1.018047501755396100e-01 1.431021979059572624e+00
1.493571839014524727e+00 1.023220943668823740e-01 1.369298893947473506e+00
1.619399848917543183e+00 1.001171797598522095e-01 1.437777341544408394e+00
1.473133403848442269e+00 1.032598668535672087e-01 1.366445179284842881e+00
1.475771326466065458e+00 1.062618769070794306e-01 1.389802077383704537e+00
1.412750694683681640e+00 1.065508639649758310e-01 1.360139175653201304e+00
1.436976649012332130e+00 1.073134400381204473e-01 1.374410656757275362e+00
1.483298385061098568e+00 1.026780095082607952e-01 1.367499030887889599e+00
1.488402345494956869e+00 1.033436579099648867e-01 1.372841736345707053e+00
1.374658266205180723e+00 1.110563687787098075e-01 1.367182396645869602e+00
1.415463895854216725e+00 1.097052101818512954e-01 1.379984368644022519e+00
1.452550350050318517e+00 1.114244964011326250e-01 1.418605676102740132e+00
1.358817001895685772e+00 1.115139768607055631e-01 1.362407554156798373e+00
1.394190609302278450e+00 1.095940435812401831e-01 1.367544344271570234e+00
1.391673782208081356e+00 1.078969213802424970e-01 1.358378361168722792e+00
1.449911077546461424e+00 1.101279329023651388e-01 1.404014300939433468e+00
1.483267911226656022e+00 1.029064976816646687e-01 1.368207796465509052e+00
1.411940884189212930e+00 1.096708263746139222e-01 1.377722675081551662e+00
1.472974030320679306e+00 1.097661256971376176e-01 1.418824551683679935e+00
1.521749972012584218e+00 1.062178516931546607e-01 1.422999909757997283e+00
1.385361895219360706e+00 1.099882676415603888e-01 1.365695842382159464e+00
1.437856291063174474e+00 1.095468805439600984e-01 1.392037929011717523e+00
1.481019706542204606e+00 1.101320116517155862e-01 1.432600945971713280e+00
1.377608026251246676e+00 1.091980309303587637e-01 1.358398862583201527e+00
1.569897363407392055e+00 1.017739061697297276e-01 1.414320186802040524e+00
1.500521112681737046e+00 1.090350288128646428e-01 1.439585737293215040e+00
1.471237915493638138e+00 1.090990345086278873e-01 1.410669821633997234e+00
1.554681091690501393e+00 9.941272122979807890e-02 1.378809514311492457e+00
1.497289500742874369e+00 1.024767941123769788e-01 1.371475585729370339e+00
1.514186953783995371e+00 1.045685266438455691e-01 1.400777005778994333e+00
1.407662561963209935e+00 1.067098725095594614e-01 1.359560871875201915e+00
1.468933146539357137e+00 1.074740761174731857e-01 1.395572202988578869e+00
1.394941791011839349e+00 1.067973296132023048e-01 1.359750581715114759e+00
1.405213141111340880e+00 1.062098290169126991e-01 1.360665130927708244e+00
1.407579934577500635e+00 1.118736081130595056e-01 1.390140309266535201e+00
1.475689749066955159e+00 1.099186036388578314e-01 1.423328306100917207e+00
1.459844638534902650e+00 1.066672026817027524e-01 1.383001295195974256e+00
1.426799910642651659e+00 1.058756834223794491e-01 1.361702577273431913e+00
1.480860172921336870e+00 1.102419675663198484e-01 1.434250735641327212e+00
1.387375064317057483e+00 1.084596616105654027e-01 1.358750856597948697e+00
1.498235074157067581e+00 1.073830728020758879e-01 1.415487674926374506e+00
1.476831961904915280e+00 1.067570997130914551e-01 1.394772972331530525e+00
1.337575261510102420e+00 1.098909606699984137e-01 1.356508742311599569e+00
1.526228791170220367e+00 1.057331008058732397e-01 1.421523616885365104e+00
1.414775465236121299e+00 1.100140985176848163e-01 1.381800154367142985e+00
1.515064385920139589e+00 1.037610004380344064e-01 1.393542422868294661e+00
1.621192505105742754e+00 9.665949400820708637e-02 1.394807827311367765e+00
1.363193648544427816e+00 1.089936188524765481e-01 1.355931006731609489e+00
1.413542892572962284e+00 1.089319555520974619e-01 1.373258670143362892e+00
1.449327248801538071e+00 1.053356180383840102e-01 1.367026903027338758e+00
1.409755432240400896e+00 1.070592602674923788e-01 1.360567316053603815e+00
1.549133923413838820e+00 1.009248172567208529e-01 1.388999212878988532e+00
1.346473672635218222e+00 1.106307573553729079e-01 1.354593252655936775e+00
1.614028738373485039e+00 1.028850600786829494e-01 1.486312239829080450e+00
1.616486331111442132e+00 1.027852829805225299e-01 1.488366277346335753e+00
1.563078447842204399e+00 1.040121020412740627e-01 1.434948032943992757e+00
1.610962793141922367e+00 9.880424764541409499e-02 1.412994062544195462e+00
1.378193857906617081e+00 1.077872373483868274e-01 1.358199355596935609e+00
1.381661321886891391e+00 1.095836133397389001e-01 1.361633426893859911e+00
1.462237947928481940e+00 1.061588409638489494e-01 1.380219452912499145e+00
1.343241469271912569e+00 1.099956071642240046e-01 1.354799581714935641e+00
1.362812502896931122e+00 1.078202387606606721e-01 1.364413394944757663e+00
1.471474042699863594e+00 1.083934078129652895e-01 1.404770738166295718e+00
1.432175270058275496e+00 1.072132151544834128e-01 1.370978687499250670e+00
1.401616607760075128e+00 1.072912226252895063e-01 1.359241393006906939e+00
1.374898991812231630e+00 1.077264366847372062e-01 1.359340256322977503e+00
1.562012191163895780e+00 1.002608965542036712e-01 1.391241812017007140e+00
1.413535335881975774e+00 1.110273011474616212e-01 1.388034127467949519e+00
1.407989262995745339e+00 1.116273359038673640e-01 1.388804540232261076e+00
1.505577452532885108e+00 1.073719864986333455e-01 1.421566750198431928e+00
1.397088368730935670e+00 1.065761745132292188e-01 1.360454798681606015e+00
1.432389298853584458e+00 1.056623128363343989e-01 1.362509092327594207e+00
1.370360443371178905e+00 1.080828536745635782e-01 1.358370800118167576e+00
1.373420536705644013e+00 1.075866661295159787e-01 1.361016737403961896e+00
1.462488376159334358e+00 1.114041374625127923e-01 1.429664328289580455e+00
1.464778759307535649e+00 1.063769165640732345e-01 1.383668227541891005e+00
1.450312273325780499e+00 1.073741390531723211e-01 1.382894587480240522e+00
1.473067266375659212e+00 1.095095435656262273e-01 1.416121505351185750e+00
1.509889414032832278e+00 1.037118959990352279e-01 1.389427560848142562e+00
1.494507150674080798e+00 1.095083586373579027e-01 1.439899965433415030e+00
1.361058270740317155e+00 1.085837049946642985e-01 1.357861765714452718e+00
1.519413441378897778e+00 1.062444370411902705e-01 1.421253074450694154e+00
1.517774569546349817e+00 1.084623501821503078e-01 1.454526937099590356e+00
1.366030566012896630e+00 1.080321619814877121e-01 1.360238737391095576e+00
1.369555225340837623e+00 1.118011243176271347e-01 1.369341767655292585e+00
1.370559795599024966e+00 1.093323977191080626e-01 1.356906752241441749e+00
1.415274046042027001e+00 1.118313113643136653e-01 1.394299444203719318e+00
1.375672229628064125e+00 1.097267341151056813e-01 1.359964020646731830e+00
1.472359017275328474e+00 1.091981039393642161e-01 1.412453391430648519e+00
1.448746109917844027e+00 1.040900101896938268e-01 1.363694547346219199e+00
1.484934858783956813e+00 1.101428369084379855e-01 1.438109888972372463e+00
1.400706421876099839e+00 1.086992264854426127e-01 1.365015239189784069e+00
1.453592665779495974e+00 1.041658985419669226e-01 1.364076378088291852e+00
1.475644818342774167e+00 1.080126280324368859e-01 1.404477176245857439e+00
1.387090591206372903e+00 1.084977732753946156e-01 1.358792229397061790e+00
1.398805329988039192e+00 1.108462484031050854e-01 1.378586091119623269e+00
1.444257627032347946e+00 1.078755696735946568e-01 1.383200712092997220e+00
1.370519082073055284e+00 1.106955421346208224e-01 1.362988072474004664e+00
1.497908426526160408e+00 1.081993074371409985e-01 1.424075069385096315e+00
1.410626702358376061e+00 1.072880472218058490e-01 1.361650332670682584e+00
1.558638945539517096e+00 1.049279752296347901e-01 1.443764759699458722e+00
1.486651445676882677e+00 1.072594866061779839e-01 1.405726273637945889e+00
1.478331176169201733e+00 1.059199816694272878e-01 1.388492728788097930e+00
1.338276189886926426e+00 1.103067774376137455e-01 1.354374294023882763e+00
1.393853063268120307e+00 1.108103805731472380e-01 1.375628478034567781e+00
1.475702123445031155e+00 1.112501385964149020e-01 1.446614946889510644e+00
1.483298385061098568e+00 1.034385085074044502e-01 1.370970397557204956e+00
1.513923288132826173e+00 1.028099624227510056e-01 1.383520591196779392e+00
1.504526795085117330e+00 1.085473961790266312e-01 1.436387085874195613e+00
1.495799134255649365e+00 1.056536388905954249e-01 1.397926561452788263e+00
1.390572601753872650e+00 1.083131669721826007e-01 1.359180325555369162e+00
1.429131023061117611e+00 1.073487229221433553e-01 1.370317890260772442e+00
1.485472970423247885e+00 1.104832172163036919e-01 1.445904235047794195e+00
1.358817001895685772e+00 1.107396709088086656e-01 1.358386061040414150e+00
1.407524191102165867e+00 1.091150255259703272e-01 1.371266027611872662e+00
1.356717261217053272e+00 1.103893742382900389e-01 1.356352320785082721e+00
1.461965078514920968e+00 1.093655516462323229e-01 1.406198958455556092e+00
1.418623198387321205e+00 1.098049332624568691e-01 1.382524081164376639e+00
1.402936423910400299e+00 1.095642419625370567e-01 1.371944373580532117e+00
1.431342198905974916e+00 1.055663684284166293e-01 1.362050608414291375e+00
1.454806940199952603e+00 1.053219685828968855e-01 1.369487907625446921e+00
1.364727917977713645e+00 1.091980309303587637e-01 1.355792762834099552e+00
1.426309167289421032e+00 1.079597428709468676e-01 1.373242766502143830e+00
1.385396877516054781e+00 1.080382908743740406e-01 1.357570090674107277e+00
1.359987707170480675e+00 1.107041564812696055e-01 1.358654420918094852e+00
1.402376901015785160e+00 1.064038131134594917e-01 1.360260901277805745e+00
1.374599349111827351e+00 1.092418596053628954e-01 1.357676290742221958e+00
1.485723358467511357e+00 1.078034638020181485e-01 1.409840154211079000e+00
1.497289500742874369e+00 1.051899897520334609e-01 1.394712920140983581e+00
1.405152123527001029e+00 1.086899374840004651e-01 1.367112529011454525e+00
1.351089787578652945e+00 1.111194018762137331e-01 1.357303957534324867e+00
1.481670699564147098e+00 1.111300459275007674e-01 1.454706877298271861e+00
1.352957912567930965e+00 1.117577795378049271e-01 1.361178606906537691e+00
1.425322783152511930e+00 1.110895582568857259e-01 1.395318201311658513e+00
1.578587498038659609e+00 1.004996070057030122e-01 1.406725378239438218e+00
1.479820484818937354e+00 1.090339583678315294e-01 1.416969006928339159e+00
1.456722249431965599e+00 1.079919430455472257e-01 1.391902396161848188e+00
1.405213141111340880e+00 1.096011973892418445e-01 1.373451742640562578e+00
1.362925990981477264e+00 1.099309280010873358e-01 1.356627973820189625e+00
1.395237995831807520e+00 1.072008816350627364e-01 1.358538484446679018e+00
1.420258962740436059e+00 1.064918969974711777e-01 1.361710026489087122e+00
1.434588687243785632e+00 1.066672026817027524e-01 1.368419619423099087e+00
1.439985469993180001e+00 1.088055196432629046e-01 1.387828357611009311e+00
1.628864934195129122e+00 9.637812574126922160e-02 1.397287732775811087e+00
1.503120431364280751e+00 1.090183162333077244e-01 1.443004337857314301e+00
1.341974979938461487e+00 1.103886448758616551e-01 1.354052878840057428e+00
1.408976201848997301e+00 1.071738135689205146e-01 1.360708692024495292e+00
1.563174729744332137e+00 1.035172110841742210e-01 1.428675822537758044e+00
1.357165776229917409e+00 1.085568943359781213e-01 1.359436350469773735e+00
1.626279997464056271e+00 1.014419774138640290e-01 1.469532640472682061e+00
1.517287382848401700e+00 1.075200486794346544e-01 1.435543086656183798e+00
1.449288290046810923e+00 1.070635973242785866e-01 1.379733204336923258e+00
1.432781516976473268e+00 1.097437509090270352e-01 1.390405157977871564e+00
1.413542892572962284e+00 1.086110796383147337e-01 1.370948011661225152e+00
1.365301483443200459e+00 1.079491022956170915e-01 1.361380324998558100e+00
1.497268031440065039e+00 1.091143436805723788e-01 1.436584739372468000e+00
1.483190655022864846e+00 1.106307573553729079e-01 1.445366300047637775e+00
1.469180802447495049e+00 1.092100525403856548e-01 1.410113892319906137e+00
1.532137625597392860e+00 1.039592396760003895e-01 1.408018122335320310e+00
1.459218108248665269e+00 1.084906066725686014e-01 1.397415456688665403e+00
1.365884077489224913e+00 1.088450359456168970e-01 1.356133288107800094e+00
1.337659397844916720e+00 1.112845045451608117e-01 1.354105425057868350e+00
1.434598730391756671e+00 1.077244968888740051e-01 1.376207929830292498e+00
1.397238281238356583e+00 1.114452658015476633e-01 1.381697694283059663e+00
1.435246130741820503e+00 1.045013547622533900e-01 1.363529680531607724e+00
1.462237947928481940e+00 1.100264882621644902e-01 1.412257146458281598e+00
1.447174418875085466e+00 1.046592456140720134e-01 1.363616998923903978e+00
1.542450339873061127e+00 1.060272636273053154e-01 1.442102087809035149e+00
1.494912275707270366e+00 1.031545861754265270e-01 1.374909778130689153e+00
1.362812502896931122e+00 1.086379735719985862e-01 1.357140650091981371e+00
1.446113619460917210e+00 1.046661701168593167e-01 1.363418818082886785e+00
1.427038052694121761e+00 1.090409839760301536e-01 1.381840367180092066e+00
1.395256997936326959e+00 1.092673738206272893e-01 1.365956764618521557e+00
1.374898991812231630e+00 1.080631414844263061e-01 1.357576050181069194e+00
1.393265804954507026e+00 1.079446583181055269e-01 1.358818789716172759e+00
1.390395704597222171e+00 1.091988588278601791e-01 1.363269429122693444e+00
1.413535335881975774e+00 1.104575324520454677e-01 1.384190408234400760e+00
1.410807436502356182e+00 1.117604311843601317e-01 1.391249357212422932e+00
1.344516451645923816e+00 1.112699365153937553e-01 1.355781365321527820e+00
1.355328290142644221e+00 1.085489341569042948e-01 1.360358560463876820e+00
1.341273909634565165e+00 1.106782076606732529e-01 1.353916814764940524e+00
1.422748925947239229e+00 1.104278493470934736e-01 1.389290246018687114e+00
1.370360443371178905e+00 1.084202909155977668e-01 1.356888209768073894e+00
1.391703777608166881e+00 1.109716449453511389e-01 1.375549661981659622e+00
1.388479256007506324e+00 1.084683817975939796e-01 1.359094072711295009e+00
1.413369752579759497e+00 1.098387760279651154e-01 1.379745178036280162e+00
1.450312273325780499e+00 1.072578098728408508e-01 1.381945844101357901e+00
1.367082903301213292e+00 1.084575073964134800e-01 1.357174931227467019e+00
1.422507175569834859e+00 1.086520774377267851e-01 1.376268480031167085e+00
1.437891375753574730e+00 1.114769930363391365e-01 1.406511918745685596e+00
1.361058270740317155e+00 1.091468166331519551e-01 1.355709023547399861e+00
1.381628756103918887e+00 1.099983513923833978e-01 1.363979591642856315e+00
1.515297293354601171e+00 1.011932820372082042e-01 1.372043298643655485e+00
1.378851617768943827e+00 1.089392660304536048e-01 1.357905460860107327e+00
1.400919589935110787e+00 1.070060279421626015e-01 1.358943082339703068e+00
1.381446923784474201e+00 1.105397971634007048e-01 1.367277266134148572e+00
1.377036004873185560e+00 1.073059738882267689e-01 1.362020338260491403e+00
1.448254595966494529e+00 1.059277607714351477e-01 1.370316606087724765e+00
1.388190271890952232e+00 1.093124729463177819e-01 1.362942390820102601e+00
1.353219365550671238e+00 1.092223332893103166e-01 1.356276064267859294e+00
1.547868890569545908e+00 1.058943218511048251e-01 1.446837726663955603e+00
1.366049394975123565e+00 1.079145321406110164e-01 1.361352934727274366e+00
1.355243039676424788e+00 1.091981039393642161e-01 1.356037107438929690e+00
1.541376671072808957e+00 1.029153502844955825e-01 1.404300211448990865e+00
1.337380934307579317e+00 1.101428369084379855e-01 1.355135438340216325e+00
1.352326142827543709e+00 1.111141390133647128e-01 1.357713185508250486e+00
1.397209911458596077e+00 1.116851383133136560e-01 1.383223196124790721e+00
1.360381897102586723e+00 1.109283973396873180e-01 1.359897125578305443e+00
1.563575457062415408e+00 1.061854831404751426e-01 1.482011924843985362e+00
1.608353209145046092e+00 9.977793478590801790e-02 1.423058759754906033e+00
1.483692831136544266e+00 1.040061102116429242e-01 1.375269799228572065e+00
1.475644818342774167e+00 1.033263085850960328e-01 1.367356450509153110e+00
1.354352891211838106e+00 1.110532257301797693e-01 1.358173215774993281e+00
1.366149806220250618e+00 1.108064133885025698e-01 1.361672034052414215e+00
1.351197569076393767e+00 1.105753888859062201e-01 1.355464338099926502e+00
1.444257627032347946e+00 1.069011393617792793e-01 1.375422304411041852e+00
1.344596271404298493e+00 1.102920983479415695e-01 1.354205360789225265e+00
1.407047087164281063e+00 1.101540517324538365e-01 1.378398550685336676e+00
1.601739049653933877e+00 1.037226406439059057e-01 1.486681281380799913e+00
1.345017520169274228e+00 1.113845688203737722e-01 1.356353865589989605e+00
1.503334425829612853e+00 1.078836962518571752e-01 1.425494463318371263e+00
1.478331176169201733e+00 1.072766475165869704e-01 1.400160342972409211e+00
1.337641829612236766e+00 1.096387466232371100e-01 1.358469062572118080e+00
1.525377538029986768e+00 1.065508639649758310e-01 1.430532016962120956e+00
1.612685542823749651e+00 1.024362706266147560e-01 1.471170103076320013e+00
1.495948268933034342e+00 1.073134400381204473e-01 1.413022240517478600e+00
1.485877189979454949e+00 1.033436579099648867e-01 1.371586254798283999e+00
1.350824185887962159e+00 1.091751009795195043e-01 1.357101320753424822e+00
1.513252378478190607e+00 1.017208574262714466e-01 1.374124581218992613e+00
1.339891513452332816e+00 1.103837454305541810e-01 1.354078037231037923e+00
1.394145550844815062e+00 1.100016393104203544e-01 1.370259231158838409e+00
1.452550350050318517e+00 1.113171428753742254e-01 1.417322283947236361e+00
1.409039540624626330e+00 1.113225378684990913e-01 1.387430922059580407e+00
1.488988357253149264e+00 1.026204641472545087e-01 1.368965220711763076e+00
1.361416667216139853e+00 1.113834281373195095e-01 1.362835123810122173e+00
1.418623198387321205e+00 1.106782586808147117e-01 1.388608771516839591e+00
1.531338960412350625e+00 1.025300290814232240e-01 1.392836499050379651e+00
1.386254752293242243e+00 1.083196372202345076e-01 1.358097950588316616e+00
1.413325455282288035e+00 1.115096537554489953e-01 1.391071172318478100e+00
1.394183603160962903e+00 1.092917143455791468e-01 1.365589626596837025e+00
1.437856291063174474e+00 1.066354962789807792e-01 1.369872361582871401e+00
1.481019706542204606e+00 1.105897925004645649e-01 1.441007502379845651e+00
1.531887649709748889e+00 1.037901170044402688e-01 1.406124854254781065e+00
1.396206879804995360e+00 1.113049690892475296e-01 1.380218744008635978e+00
1.389993474477698499e+00 1.065568931686547011e-01 1.363214053595533937e+00
1.385396877516054781e+00 1.100278225634045010e-01 1.365962912639612226e+00
1.610115776897718787e+00 9.908555119810842637e-02 1.415834608196171018e+00
1.480336903301151086e+00 1.109849081688480121e-01 1.448573072788042371e+00
1.369737654709961339e+00 1.107253262487173928e-01 1.362806299053007431e+00
1.420084108391086453e+00 1.054407923992029678e-01 1.361691339640933585e+00
1.339096284992787877e+00 1.116788467594552470e-01 1.355599855828443889e+00
1.506134936612092634e+00 1.057820192571342216e-01 1.406390555392961872e+00
1.357751609273930127e+00 1.100740937690631582e-01 1.355756316479545420e+00
1.387974873129489639e+00 1.093611671362142157e-01 1.363124865854103085e+00
1.511506174831660942e+00 1.049512529609724076e-01 1.402499899445022180e+00
1.385646652410923441e+00 1.111300459275007674e-01 1.373354666449530193e+00
1.490378773484178021e+00 1.066186881041721740e-01 1.402755456016739455e+00
1.425322783152511930e+00 1.097956569468162419e-01 1.386361479569966360e+00
1.405764723682686901e+00 1.110578295212964195e-01 1.383864118918488151e+00
1.444013374941586880e+00 1.055788135765548669e-01 1.366117861039866543e+00
1.570194011143942525e+00 9.980503983876734542e-02 1.392291192431029279e+00
1.382812844611832848e+00 1.078595724903352315e-01 1.357546758637869777e+00
1.339605154575395751e+00 1.102266041751606973e-01 1.354477680966148512e+00
1.354334002460141351e+00 1.114983539330978157e-01 1.360367281831673658e+00
1.427857024357479743e+00 1.097259309420840767e-01 1.387353173935672146e+00
1.442642906528661007e+00 1.085369639948514792e-01 1.387397622568588007e+00
1.439985469993180001e+00 1.117157592130556265e-01 1.410318535453804145e+00
1.476423023725806916e+00 1.114552670162582415e-01 1.452987123536409353e+00
1.430752047580197583e+00 1.099400551221049877e-01 1.390594885807863834e+00
1.473213335872734397e+00 1.043868592546356583e-01 1.372396773026105077e+00
1.598619277460560983e+00 1.022141229697835912e-01 1.446922144173879543e+00
1.359765361765876923e+00 1.102539387978209023e-01 1.356772001166384856e+00
1.486110414779962641e+00 1.041790388821949714e-01 1.378122811289978156e+00
1.349749858007778247e+00 1.099358912640580471e-01 1.354649199720453057e+00
1.371651292377892295e+00 1.079619602367740128e-01 1.358758276594094649e+00
1.386701197053419099e+00 1.067720339122028989e-01 1.362650012143316935e+00
1.370579957097101120e+00 1.105648154130862287e-01 1.362264754186606641e+00
1.351716370705134507e+00 1.112041889355020186e-01 1.357892546627927466e+00
1.387437811314073066e+00 1.097437509090270352e-01 1.365168978057082594e+00
1.361309663904809897e+00 1.094486843669630338e-01 1.355516859055639234e+00
1.438114648591978018e+00 1.068402344640612400e-01 1.371482845994678401e+00
1.497268031440065039e+00 1.096744894105887574e-01 1.447564935907577510e+00
1.477862626341764241e+00 1.096595558121761377e-01 1.422266991885067444e+00
1.381973093108693318e+00 1.084040732439672527e-01 1.357418998544968947e+00
1.460171128250574490e+00 1.062966750699330110e-01 1.380094196105786208e+00
1.540226296308070397e+00 1.035108365839526728e-01 1.409609356387901080e+00
1.356121636225897875e+00 1.100282731013070975e-01 1.355346119147603723e+00
1.337659397844916720e+00 1.112558672028510498e-01 1.354048939656688155e+00
1.419748521137794040e+00 1.067952303567269723e-01 1.362714517151137894e+00
1.374172038987543143e+00 1.111681608943686922e-01 1.367650298089142291e+00
1.452880313773774468e+00 1.039952141884577241e-01 1.363951907336637293e+00
1.472944676159789967e+00 1.099956071642240046e-01 1.421505916659891788e+00
1.516429173221819804e+00 1.022422315321545039e-01 1.379949757681199651e+00
1.343641387325969827e+00 1.101570490397601326e-01 1.354371024713690641e+00
1.478927020927756075e+00 1.057679003152395963e-01 1.387540238395656322e+00
1.517426280703818131e+00 1.052673856133906904e-01 1.409835974598230068e+00
1.374898991812231630e+00 1.093186507966234094e-01 1.358011150120907118e+00
1.540997567649133648e+00 1.009971107543395502e-01 1.384168864162976353e+00
1.386414995288278496e+00 1.109922949029550215e-01 1.372846871681264291e+00
1.368385258009666927e+00 1.078700031296199319e-01 1.360666680385852922e+00
1.437809455213070242e+00 1.099063049966980954e-01 1.394603867804529385e+00
1.354823826200500791e+00 1.092835393699039120e-01 1.355786516042235990e+00
1.412032610677442790e+00 1.101339637871852767e-01 1.381080202012779479e+00
1.355328290142644221e+00 1.094663616431211933e-01 1.355281416239358938e+00
1.422748925947239229e+00 1.063457243594446433e-01 1.361946170477532414e+00
1.432389298853584458e+00 1.106857848043662773e-01 1.396819879811988407e+00
1.486528108224629108e+00 1.035074670058343665e-01 1.373038116091466199e+00
1.377291290360213027e+00 1.095196602956682586e-01 1.359604654194712658e+00
1.342832279297645037e+00 1.112826976373029464e-01 1.355343589340836097e+00
1.391432531239969128e+00 1.093009938639687567e-01 1.364342744052372325e+00
1.530004029540461774e+00 1.063342488126571977e-01 1.432427258387547031e+00
1.517811521135799424e+00 1.015634617383281840e-01 1.375306870431931783e+00
1.399563094777174443e+00 1.085630412098938652e-01 1.363685589161873102e+00
1.482347108633574218e+00 1.083508075013226990e-01 1.412293806742557667e+00
1.349389357658095090e+00 1.092764624332768497e-01 1.356885378169371936e+00
1.400919589935110787e+00 1.094049861315669475e-01 1.369755357015767006e+00
1.361877299506537353e+00 1.095608408887515511e-01 1.355660515372093755e+00
1.365424182705988310e+00 1.086049848901756015e-01 1.356836668817068769e+00
1.379367916340125122e+00 1.088583996954228666e-01 1.357809269461921486e+00
1.474174904212850024e+00 1.093124729463177819e-01 1.415041609852760729e+00
1.479703887314484989e+00 1.083762519296338905e-01 1.410519866188269855e+00
1.531603156741078386e+00 1.016733838205979568e-01 1.384436013162287260e+00
1.490756654248229118e+00 1.101428369084379855e-01 1.447156258143500240e+00
1.496487858696206708e+00 1.101453043718420288e-01 1.457634751236568160e+00
1.342278034880223903e+00 1.109737941664145772e-01 1.354414596065674159e+00
1.376014649740785245e+00 1.075810500383490714e-01 1.360020148656697181e+00
1.602057449863488303e+00 9.820120363442906564e-02 1.398192876928949335e+00
1.358410008694783899e+00 1.095053361583842033e-01 1.355286845615766733e+00
1.446802481871506840e+00 1.040214964874366099e-01 1.363957401510734302e+00
1.548258627574242041e+00 1.068446712611596794e-01 1.469448327480594951e+00
1.448678180512205982e+00 1.056143668532177060e-01 1.368418248383710845e+00
1.540377392753081276e+00 1.046124195639679122e-01 1.421291122041430599e+00
1.355671967232372710e+00 1.110532257301797693e-01 1.358664752405058351e+00
1.371808162591725999e+00 1.105365607608103512e-01 1.362651466637627262e+00
1.345648838406348302e+00 1.106881393799988428e-01 1.354539060309255749e+00
1.474002055713345971e+00 1.041184644631561601e-01 1.370924538704763718e+00
1.447062673399500010e+00 1.038461228762734001e-01 1.364667588688285305e+00
1.444257627032347946e+00 1.077551891607755885e-01 1.382240313105283613e+00
1.440033389251204277e+00 1.116610471596236054e-01 1.409834332871925611e+00
1.621097120915025114e+00 1.020168725448468289e-01 1.475057450964195160e+00
1.431375483029343920e+00 1.046740480564082726e-01 1.363391402570139688e+00
1.367164518061547485e+00 1.101479974515021942e-01 1.358758246707873818e+00
1.362499395214408660e+00 1.093563193799061140e-01 1.355610439581878657e+00
1.459816585653341381e+00 1.061333586097701898e-01 1.378514750368744046e+00
1.394874435046256522e+00 1.073215156564755329e-01 1.358415335773153654e+00
1.458213949042056479e+00 1.056596033008834340e-01 1.373750187184696214e+00
1.398562330896069295e+00 1.087377700026538052e-01 1.364255605460234833e+00
1.549225101962560691e+00 1.002496246150815090e-01 1.382482799037273669e+00
1.433672259841735075e+00 1.113961343444701824e-01 1.402847470713277200e+00
1.478115260951213150e+00 1.098007335659860334e-01 1.424328562283594168e+00
1.488809582527654829e+00 1.067520449125745480e-01 1.402830820941568746e+00
1.358475867342134213e+00 1.104867872863305039e-01 1.357214711934158657e+00
1.368398325858378728e+00 1.111218945795584973e-01 1.364536134197106954e+00
1.387778265146789813e+00 1.078787502092623668e-01 1.357771533944482911e+00
1.389547303793404076e+00 1.101279329023651388e-01 1.368706527758154490e+00
1.378953771361589586e+00 1.089077559865875566e-01 1.357841282053729337e+00
1.361416667216139853e+00 1.114263524662390398e-01 1.363084261756126292e+00
1.431342198905974916e+00 1.061891346694820992e-01 1.364187955775283623e+00
1.570396802780870571e+00 1.023017394033608335e-01 1.420728276870621531e+00
1.397842752685981349e+00 1.074548287179696859e-01 1.358811003803636286e+00
1.413325455282288035e+00 1.099815090903439874e-01 1.380738767457996286e+00
1.347885317444322162e+00 1.092917143455791468e-01 1.357235305329061559e+00
1.376952259568469561e+00 1.083909527331593098e-01 1.356840233035877752e+00
1.360200462127249210e+00 1.118892170603608543e-01 1.365264774251260915e+00
1.348983285205066940e+00 1.086485752818753953e-01 1.362922420600279017e+00
1.395374079855417726e+00 1.077561177557818106e-01 1.358861854755317511e+00
1.407650739609984436e+00 1.115432783168329722e-01 1.388076912221810399e+00
1.362633097300304463e+00 1.092423247847115336e-01 1.355637586076098078e+00
1.430191312695787031e+00 1.106499537746749723e-01 1.395226864167312897e+00
1.424956494999340961e+00 1.051823445069877405e-01 1.362080531336086864e+00
1.473654372698362192e+00 1.038995342676491407e-01 1.369385176613530763e+00
1.474951256082545292e+00 1.067098725095594614e-01 1.393125358428097149e+00
1.385646652410923441e+00 1.076033843060566902e-01 1.357981061041082071e+00
1.352957912567930965e+00 1.111382645144650821e-01 1.358047846958376326e+00
1.344842369754193578e+00 1.099981443800865794e-01 1.354650884775213004e+00
1.345755437048871794e+00 1.116869305005007279e-01 1.357896299682634034e+00
1.387807573175117382e+00 1.097574972642058611e-01 1.365432835507696341e+00
1.601870530240350199e+00 1.009309945877202158e-01 1.431910058542525732e+00
1.405213141111340880e+00 1.102745830972368668e-01 1.378214376968518895e+00
1.490053012715494951e+00 1.041179019208116896e-01 1.380033650112675314e+00
1.452995937077572020e+00 1.072008816350627364e-01 1.383144958488514487e+00
1.530206829190738915e+00 1.069462754671479665e-01 1.442211958680247763e+00
1.344987159158272494e+00 1.113043206193550100e-01 1.356044343118087081e+00
1.403693730085181057e+00 1.100826356425533004e-01 1.376018177308927726e+00
1.346683380931751994e+00 1.104862076932639908e-01 1.354435751151613410e+00
1.368238292317146110e+00 1.101446930911929856e-01 1.359133772309842003e+00
1.573928817802806357e+00 1.041472648628957443e-01 1.449601914803186009e+00
1.410610571797501267e+00 1.116099685344857095e-01 1.390171731303585290e+00
1.341395526983749198e+00 1.109540440147050444e-01 1.354212334695909625e+00
1.408976201848997301e+00 1.105290967088241039e-01 1.382097257681455638e+00
1.468231037353942003e+00 1.045231066554840049e-01 1.370787574700120137e+00
1.397402460329777441e+00 1.079028216867496254e-01 1.359786977653802742e+00
1.515913552383535423e+00 1.056098371652760548e-01 1.411996207952420868e+00
1.368914267312961286e+00 1.093939480306559131e-01 1.356678385980164103e+00
1.600716572295084683e+00 1.037520001751502247e-01 1.485407130459655667e+00
1.372881492903566869e+00 1.099358644309659239e-01 1.359900007134272171e+00
1.439894172082165635e+00 1.079619602367740128e-01 1.381226611184194208e+00
1.357292845228595723e+00 1.113960078226798045e-01 1.361076343704989533e+00
1.400470644844710177e+00 1.105648154130862287e-01 1.377585599917781067e+00
1.351716370705134507e+00 1.094066168469941536e-01 1.355757249012686572e+00
1.374667770575763281e+00 1.099900730973564500e-01 1.360881042870660806e+00
1.337350685547069373e+00 1.097846937263864953e-01 1.357358954482607238e+00
1.385883174888062230e+00 1.116967308451077417e-01 1.377193312649611423e+00
1.555501540690995999e+00 1.060225613965597724e-01 1.461308160669775091e+00
1.538530142024592040e+00 1.021916637256529842e-01 1.394570238087883496e+00
1.352200674142622017e+00 1.111658686510257343e-01 1.357896633284472188e+00
1.337174753024492846e+00 1.104806514458075151e-01 1.354006248653843336e+00
1.361718073662219197e+00 1.105202039465960628e-01 1.358453720607009085e+00
1.363497988824637019e+00 1.101931088131712783e-01 1.357694899844518632e+00
1.350729918793555084e+00 1.116186557052222528e-01 1.359503565922050017e+00
1.381973093108693318e+00 1.095292096722953468e-01 1.361474500703569346e+00
1.388841248333736011e+00 1.080934483751273684e-01 1.358178528841881949e+00
1.344142731338523689e+00 1.104547673919191592e-01 1.354131044463222189e+00
1.402883146158022010e+00 1.115502780526440169e-01 1.385472567294147028e+00
1.397254724871284548e+00 1.116095848278085972e-01 1.382765422891386820e+00
1.374172038987543143e+00 1.105265505164880618e-01 1.363671718083980799e+00
1.576207049021589146e+00 9.967931337074054099e-02 1.395383588614748982e+00
1.338722841668014585e+00 1.111808093241651862e-01 1.354113621091400654e+00
1.436483145432848385e+00 1.072023723831885544e-01 1.373281622280369874e+00
1.395352843585672131e+00 1.070115701438358186e-01 1.358906656519893064e+00
1.432176645953127769e+00 1.113688816215097632e-01 1.401629338189837259e+00
1.382398101877930330e+00 1.099494972316151370e-01 1.364044296295665148e+00
1.365990371573783779e+00 1.082988960765537967e-01 1.358243589719499766e+00
1.612783292870436203e+00 9.722333465613809678e-02 1.394988607650360590e+00
1.401616607760075128e+00 1.100225686389634250e-01 1.374444958628225688e+00
1.374898991812231630e+00 1.111715245296234916e-01 1.368037921032825288e+00
1.348771778991356030e+00 1.095893836725309045e-01 1.355494445262675818e+00
1.375784594219125134e+00 1.097792041231409332e-01 1.360261307587124602e+00
1.413535335881975774e+00 1.107790031692944543e-01 1.386377594908013711e+00
1.344805856545554068e+00 1.096633415572284970e-01 1.355888355771782683e+00
1.352555994627437475e+00 1.096427107691472225e-01 1.355039596073645658e+00
1.404883469787415295e+00 1.091021593499865716e-01 1.369761945430294947e+00
1.345646687465520186e+00 1.104664215331480071e-01 1.354285772460895654e+00
1.338709668097079586e+00 1.111857007113553619e-01 1.354120316332886986e+00
1.356577442478938300e+00 1.093571178781841957e-01 1.355449584597879564e+00
1.466566932863294870e+00 1.068118267208671146e-01 1.388515689149585119e+00
1.372106223773106759e+00 1.083692535468787771e-01 1.356890514858225760e+00
1.339569854342125943e+00 1.101573010852646695e-01 1.354709058735146687e+00
1.371646464290175116e+00 1.087071761120131652e-01 1.356388676324483455e+00
1.398034803586406971e+00 1.071339157907254258e-01 1.358700528783013617e+00
1.367571428678098000e+00 1.098387760279651154e-01 1.357645606102536373e+00
1.367037817009375988e+00 1.091076090622589423e-01 1.355992343228923591e+00
1.441158542262983122e+00 1.113976716904730435e-01 1.408299511431388540e+00
1.435364374109271424e+00 1.062317986384137269e-01 1.366063817354196352e+00
1.468835792898733006e+00 1.076066998155429111e-01 1.396594155755794375e+00
1.411133981702086926e+00 1.098659598904167672e-01 1.378665629017730820e+00
1.410902526733520013e+00 1.112793858907593636e-01 1.388198857471165448e+00
1.366284609748033452e+00 1.110840760731895555e-01 1.363320871797607081e+00
1.390317576363007790e+00 1.111472865259978543e-01 1.375974702666497906e+00
1.348328391549736605e+00 1.104079623183705922e-01 1.354590077675019488e+00
1.378805934080242546e+00 1.114511111801318038e-01 1.371857432624610462e+00
1.414851135198682774e+00 1.069793634072336158e-01 1.361810316203832638e+00
1.381475776823154700e+00 1.092223332893103166e-01 1.359784304255115428e+00
1.397696273576109371e+00 1.061461218672669904e-01 1.363615098151883309e+00
1.550134900490613310e+00 1.060172703465069449e-01 1.452503915444065319e+00
1.355316676536793441e+00 1.097267341151056813e-01 1.355024845982146564e+00
1.393605263612010425e+00 1.108372178913129558e-01 1.375675391141230275e+00
1.375477003770667839e+00 1.085307159724670650e-01 1.356698622918202979e+00
1.340679790786698078e+00 1.117297913808784765e-01 1.356294905498837799e+00
1.359351211030917161e+00 1.087683213747069055e-01 1.357231944344079011e+00
1.349332626446811290e+00 1.108047403548109155e-01 1.355631654799915875e+00
1.445216257594560405e+00 1.084524978506139076e-01 1.388326449641749116e+00
1.417498384825527813e+00 1.109283973396873180e-01 1.389642223841783375e+00
1.356197714842692914e+00 1.094124149444603705e-01 1.355355417449924271e+00
1.365664218761191595e+00 1.103457787321582423e-01 1.359107529567216144e+00
1.454808745008022930e+00 1.084977732753946156e-01 1.394660214343546922e+00
1.367394151349553999e+00 1.083578489533188471e-01 1.357573880460004156e+00
1.360306015673755642e+00 1.092176514344827404e-01 1.355606006393252461e+00
1.351197569076393767e+00 1.113245755585427627e-01 1.358250638373964758e+00
1.381762111364663870e+00 1.104889562889815602e-01 1.367107939346676071e+00
1.502955372546148416e+00 1.043205332735416963e-01 1.390469039426952103e+00
1.340441369570785080e+00 1.104877661313485027e-01 1.353927283157245309e+00
1.425277300047317119e+00 1.108538435574484005e-01 1.393683034961958445e+00
1.411121676139605929e+00 1.094345245550832763e-01 1.375550381172054859e+00
1.353648448951308980e+00 1.093563193799061140e-01 1.355682217355326458e+00
1.403680284145564894e+00 1.062991144451349013e-01 1.360518332015051790e+00
1.441202939668817962e+00 1.072594866061779839e-01 1.376450419707277550e+00
1.337419215190072119e+00 1.117203636389501598e-01 1.355245984327829722e+00
1.439665012538073663e+00 1.044321405323593022e-01 1.363214689633801546e+00
1.458213949042056479e+00 1.100851197175047869e-01 1.409643869854672493e+00
1.387295008577646982e+00 1.096976922917041603e-01 1.364815939296304403e+00
1.509792035688120038e+00 1.059317530481272279e-01 1.410467018230171066e+00
1.461758402460155537e+00 1.036157608168069566e-01 1.364849339529554673e+00
1.419855327710891180e+00 1.100016393104203544e-01 1.384639506993107450e+00
1.490201821138156912e+00 1.089077559865875566e-01 1.425264399826297934e+00
1.346669596977693839e+00 1.093234631620932373e-01 1.357414947889941992e+00
1.385896499578182173e+00 1.099882676415603888e-01 1.365957120862988594e+00
1.537398984956740211e+00 1.037626559976989188e-01 1.410027352230174724e+00
1.399609323172944730e+00 1.086007917674299827e-01 1.363924138792389940e+00
1.384509060699184779e+00 1.087502326264407210e-01 1.358892786091655980e+00
1.374667969625956943e+00 1.101692904112907406e-01 1.361841723602309706e+00
1.383245296306850447e+00 1.103059903442156486e-01 1.366673458539181762e+00
1.426309167289421032e+00 1.109795067074889341e-01 1.395158804705368460e+00
1.382203963863065432e+00 1.088107146112772539e-01 1.358423982132410224e+00
1.353828111304254955e+00 1.091226415920921455e-01 1.356633969576582111e+00
1.347774603137351423e+00 1.108168052494262062e-01 1.355270069625830409e+00
1.384939442944910226e+00 1.085942835727739669e-01 1.358500427163161994e+00
1.368807637212192452e+00 1.110367112763422093e-01 1.364215732275218196e+00
1.364535751128515217e+00 1.078545453611047950e-01 1.362856569591716083e+00
1.424066506998911796e+00 1.089233849519868902e-01 1.379212063010067268e+00
1.375197984341008484e+00 1.104091170569512781e-01 1.363449713959328680e+00
1.390108905930775629e+00 1.066994241594326626e-01 1.361812323193861030e+00
1.428246232549639450e+00 1.109591994202466930e-01 1.396192536902470804e+00
1.352640598892811408e+00 1.098296652167730647e-01 1.354830435581150683e+00
1.370159752169089584e+00 1.091226155314900803e-01 1.356424157936866548e+00
1.392126276514944472e+00 1.095156000841115695e-01 1.366006156056513543e+00
1.382812844611832848e+00 1.103589074163092987e-01 1.366797410381756617e+00
1.381019040624558825e+00 1.103114370451618864e-01 1.365611928035362688e+00
1.464104742750932164e+00 1.102266041751606973e-01 1.415849682008656352e+00
1.439077921011424177e+00 1.105188609500467461e-01 1.399821954007727909e+00
1.415311045087632946e+00 1.073172557066144478e-01 1.363538805809679122e+00
1.486744201852333580e+00 1.062982820646311416e-01 1.397462728121259712e+00
1.344987159158272494e+00 1.102772941934500733e-01 1.354230422932066746e+00
1.368181007793613402e+00 1.100826356425533004e-01 1.358833100445635100e+00
1.365241183034775929e+00 1.100500095511113136e-01 1.357702994487514969e+00
1.354960295053042163e+00 1.105063169490719532e-01 1.356236493959943168e+00
1.368060760442168622e+00 1.115120824808699534e-01 1.366775314042888434e+00
1.351609625060649744e+00 1.100535293842613699e-01 1.354735204274550853e+00
1.483669284228215757e+00 1.071738135689205146e-01 1.402918601911507634e+00
1.349423874389895417e+00 1.113291030587255370e-01 1.357621439465231949e+00
1.379319568828526466e+00 1.087694145091964298e-01 1.357572183196806392e+00
1.349974529617262053e+00 1.096638671046587798e-01 1.355124851774194950e+00
1.343552221135091873e+00 1.100813851565772411e-01 1.354535896221188640e+00
1.412508213799470669e+00 1.103156011720215351e-01 1.382623049467888388e+00
1.357165776229917409e+00 1.081784733746077309e-01 1.363522741431215435e+00
1.349749858007778247e+00 1.089925876579503350e-01 1.358827562581695236e+00
1.571004772092194246e+00 1.013449886558445423e-01 1.410353041032691657e+00
1.514038251397211932e+00 1.047496257290896626e-01 1.402405947628847516e+00
1.417384247900858929e+00 1.070242588374011733e-01 1.362894635542448496e+00
1.354434106643376490e+00 1.111173343896394439e-01 1.358498728631384100e+00
1.453381208090704257e+00 1.041636263418135450e-01 1.364040829227121110e+00
1.411734003130555193e+00 1.065674066570738571e-01 1.359998583685279927e+00
1.474542584877867046e+00 1.096703396951370368e-01 1.419194078455057850e+00
1.340134114791397213e+00 1.098093755663917537e-01 1.356255032373305580e+00
1.357744379157141079e+00 1.106307573553729079e-01 1.357542996341189134e+00
1.340525792994352816e+00 1.104806514458075151e-01 1.353935820279900559e+00
1.415933724773136948e+00 1.114104399840734061e-01 1.391925220877809677e+00
1.428330215067471043e+00 1.075292961670100272e-01 1.371187347365567577e+00
1.568032868130144086e+00 1.009978448443457771e-01 1.404034779041041237e+00
1.472493250027560263e+00 1.084040732439672527e-01 1.405565549805627423e+00
1.457970385819334025e+00 1.118400659899756594e-01 1.431028152509666196e+00
1.346159838579199075e+00 1.114105310554546202e-01 1.356832749103770164e+00
1.465618629901992431e+00 1.062824819700303181e-01 1.383396545530912736e+00
1.347562716792900295e+00 1.091385299233198075e-01 1.358506079791672594e+00
1.483525576251397693e+00 1.066224467019285249e-01 1.398100009413763001e+00
1.347827025911767063e+00 1.088717457630364177e-01 1.360964019383120505e+00
1.343157518484066726e+00 1.114848801285387159e-01 1.356144096159007884e+00
1.337483123518177219e+00 1.101570490397601326e-01 1.355050441396558947e+00
1.337223170254779436e+00 1.106961812709529591e-01 1.353666073466271769e+00
1.375876766667122109e+00 1.077927335619198734e-01 1.358656137858133217e+00
1.416389148311861357e+00 1.065979779004616185e-01 1.360986602207537643e+00
1.454199693940094074e+00 1.097274453872766481e-01 1.403761682277540723e+00
1.420607583000230267e+00 1.078700031296199319e-01 1.369484048638467399e+00
1.427214395573219274e+00 1.104575324520454677e-01 1.392115072972139433e+00
1.374681929075869391e+00 1.085283166253723369e-01 1.356645281676821524e+00
1.431005742794648983e+00 1.093552102903419115e-01 1.386526818054906185e+00
1.382801171139120155e+00 1.095584717294870725e-01 1.361978379511078030e+00
1.371646464290175116e+00 1.085565075774547611e-01 1.356530054007896169e+00
1.478117715179990466e+00 1.071339157907254258e-01 1.398818618565858207e+00
1.343631883563217277e+00 1.103125378285411406e-01 1.354159185819801214e+00
1.362044040826757563e+00 1.099950016260602681e-01 1.356584632925765810e+00
1.341812856705536516e+00 1.105021879105605315e-01 1.353964850940382547e+00
1.352250100359259743e+00 1.099099045346074582e-01 1.354778034207891224e+00
1.370867097199699014e+00 1.080470809997942372e-01 1.358450128243438915e+00
1.476610153314097174e+00 1.055683243817380906e-01 1.384257457142692216e+00
1.396178831835957812e+00 1.094333961994087140e-01 1.367492370489018505e+00
1.489149196097725669e+00 1.040059482943227198e-01 1.378501248311372107e+00
1.413732752960060068e+00 1.078001364860806666e-01 1.365600044676907432e+00
1.358367957798460646e+00 1.101530923051359800e-01 1.356093219278118989e+00
1.448254595966494529e+00 1.066970550893736602e-01 1.376154343037449213e+00
1.363326361512473994e+00 1.115335547554674872e-01 1.364611985203699973e+00
1.337218747424128384e+00 1.113788456730069737e-01 1.354215602886489567e+00
1.439989317980229666e+00 1.101427849665775061e-01 1.397654343300078095e+00
1.348902544625107280e+00 1.101652571362317090e-01 1.354507258845575990e+00
1.625552691112774006e+00 1.015009962136535354e-01 1.469757078806691819e+00
1.369463455813546338e+00 1.098485551051493481e-01 1.358286183956992188e+00
1.343106406945597575e+00 1.103137085932631573e-01 1.354148040053325897e+00
1.462558784096315900e+00 1.103119181586308395e-01 1.415391544669596602e+00
1.452338037508936752e+00 1.110532257301797693e-01 1.414199404674346461e+00
1.557822277977904069e+00 1.031699738586016324e-01 1.420000151791553256e+00
1.339826426978179885e+00 1.109876902822670430e-01 1.353995281286461960e+00
1.341728887549059834e+00 1.098466302818922186e-01 1.355647552443844717e+00
1.416800066694071214e+00 1.065203961231774299e-01 1.360890459629092497e+00
1.416862575201505159e+00 1.102257863827905970e-01 1.384488078980531833e+00
1.379205275334453917e+00 1.102412360422608262e-01 1.364310181798776611e+00
1.371139240360595757e+00 1.109488360773158155e-01 1.364790015356301289e+00
1.357189023101995407e+00 1.108708163488403287e-01 1.358384784632294728e+00
1.473133403848442269e+00 1.095285572271019192e-01 1.416377710134187229e+00
1.376818815041129129e+00 1.101010547341176732e-01 1.362398897395920017e+00
1.337223170254779436e+00 1.106961812709529591e-01 1.353666073466271769e+00
1.337223180254779376e+00 1.106961812709529591e-01 1.353666074487799298e+00
1.337223170254779436e+00 1.106961912709529539e-01 1.353666077579002591e+00
1.337222986540014480e+00 1.106585409130382974e-01 1.353704489880350526e+00
1.337222996540014419e+00 1.106585409130382974e-01 1.353704489244019760e+00
1.337222986540014480e+00 1.106585509130382922e-01 1.353704478221305685e+00
1.337223155503886485e+00 1.106931590376132174e-01 1.353668863693391122e+00
1.337223165503886424e+00 1.106931590376132174e-01 1.353668863858099147e+00
1.337223155503886485e+00 1.106931690376132121e-01 1.353668854387612530e+00
1.337223169039317927e+00 1.106959322413911123e-01 1.353666313973801660e+00
1.337223179039317866e+00 1.106959322413911123e-01 1.353666301303405817e+00
1.337223169039317927e+00 1.106959422413911071e-01 1.353666304839823864e+00
1.337223170159787422e+00 1.106961618085357396e-01 1.353666102657704595e+00
1.337223180159787361e+00 1.106961618085357396e-01 1.353666092191650128e+00
1.337223170159787422e+00 1.106961718085357343e-01 1.353666095267693770e+00
1.337223170250325888e+00 1.106961803585025522e-01 1.353666087982144717e+00
1.337223180250325827e+00 1.106961803585025522e-01 1.353666086521415401e+00
1.337223170250325888e+00 1.106961903585025470e-01 1.353666076249120165e+00
1.337223170254759896e+00 1.106961812669705197e-01 1.353666087158183817e+00
1.337223180254759836e+00 1.106961812669705197e-01 1.353666087372419558e+00
1.337223170254759896e+00 1.106961912669705145e-01 1.353666077582272420e+00
1.337223170254779436e+00 1.106961812709528759e-01 1.353666087067239898e+00
1.337223180254779376e+00 1.106961812709528759e-01 1.353666073563435379e+00
1.337223170254779436e+00 1.106961912709528706e-01 1.353666076300861887e+00
1.337223170254779436e+00 1.106961812709529591e-01 1.353666073466271769e+00
1.337223180254779376e+00 1.106961812709529591e-01 1.353666074487799298e+00
1.337223170254779436e+00 1.106961912709529539e-01 1.353666077579002591e+00
1.337223170254779436e+00 1.106961812709529175e-01 1.353666087150497521e+00
1.337223180254779376e+00 1.106961812709529175e-01 1.353666074484451087e+00
1.337223170254779436e+00 1.106961912709529122e-01 1.353666077558329350e+00
1.337223170254779436e+00 1.106961812709529591e-01 1.353666073466271769e+00
1.337223180254779376e+00 1.106961812709529591e-01 1.353666074487799298e+00
1.337223170254779436e+00 1.106961912709529539e-01 1.353666077579002591e+00
1.337223170254779436e+00 1.106961812709529452e-01 1.353666086652723255e+00
1.337223180254779376e+00 1.106961812709529452e-01 1.353666074485239568e+00
1.337223170254779436e+00 1.106961912709529400e-01 1.353666065169553123e+00
1.337223170254779436e+00 1.106961812709529591e-01 1.353666073466271769e+00
1.337223180254779376e+00 1.106961812709529591e-01 1.353666074487799298e+00
1.337223170254779436e+00 1.106961912709529539e-01 1.353666077579002591e+00
1.337223170254779436e+00 1.106961812709529452e-01 1.353666086652723255e+00
1.337223180254779376e+00 1.106961812709529452e-01 1.353666074485239568e+00
1.337223170254779436e+00 1.106961912709529400e-01 1.353666065169553123e+00
1.337223170254779436e+00 1.106961812709529591e-01 1.353666073466271769e+00
1.337223180254779376e+00 1.106961812709529591e-01 1.353666074487799298e+00
1.337223170254779436e+00 1.106961912709529539e-01 1.353666077579002591e+00
