4
36
71
124
206
291
382
490
629
732
856
994
1117
1247
1374
1508
1632
1778
1924
2071
2214
2341
2477
2609
2746
2891
3043
3201
3353
3487
3625
3754
3887
4018
4153
4279
4400
4526
4645
4775
4913
5021
5138
5264
5377
5488
5611
5735
5851
5970
6095
6212
6337
6454
6579
6678
6778
6895
7002
7095
7228
7348
7458
7585
7681
7787
7870
7981
8074
8170
8267
8377
8466
8574
8667
8765
8848
8941
9016
9106
9186
9272
9345
9418
9482
9550
9619
9686
9747
9813
9869
9933
9999
10057
10122
10185
10220
10278
10318
10370
10403
10446
10474
10517
10568
10585
10627
10672
10696
10714
10716
10747
10755
10748
10750
10763
10769
10769
10769
10765
10770
10794
10815
10825
10822
10832
10820
10816
10819
10805
10806
10801
10789
10781
10764
10739
10713
10689
10672
10650
10628
10618
10596
10558
10531
10509
10483
10434
10404
10372
10347
10317
10278
10240
10216
10179
10137
10104
10073
10043
10002
9967
9934
9893
9854
9818
9788
9761
9725
9695
9667
9632
9600
9553
9523
9491
9452
9414
9379
9333
9290
9254
9229
9190
9163
9124
9098
9063
9031
9000
8959
8911
8858
8825
8791
8758
8729
8702
8661
8621
8585
8548
8506
8477
8444
8404
8370
8341
8308
8275
8248
8218
8170
8138
8106
8076
8055
8030
7999
7967
7942
7916
7880
7854
7826
7793
7757
7727
7693
7667
7638
7607
7581
7551
7517
7478
7459
7429
7406
7383
7348
7313
7285
7267
7239
7206
7182
7140
7110
7086
7064
7043
7015
6979
6947
6914
6886
6856
6832
6812
6785
6757
6733
6707
6674
6649
6629
6604
6582
6559
6526
6504
6489
6468
6447
6422
6391
6368
6347
6319
6303
6271
6246
6214
6179
6150
6133
6114
6087
6069
6047
6021
5992
5969
5954
5933
5907
5883
5862
5849
5824
5792
5770
5744
5721
5698
5681
5653
5628
5603
5587
5559
5544
5524
5503
5480
5461
5437
5415
5395
5367
5345
5330
5307
5280
5265
5240
5218
5201
5181
5155
5137
5117
5097
5070
5055
5038
5013
4997
4976
4961
4946
4926
4913
4897
4875
4859
4836
4817
4797
4777
4765
4748
4727
4709
4686
4670
4650
4625
4603
4586
4565
4544
4531
4513
4494
4470
4453
4436
4422
4402
4389
4372
4352
4337
4321
4307
4291
4269
4249
4235
4225
4213
4195
4177
4162
4143
4128
4112
4090
4068
4052
4036
4017
4001
3978
3958
3940
3930
3912
