1
33
70
147
209
298
410
531
673
786
907
1042
1153
1263
1404
1519
1643
1779
1910
2048
2193
2332
2456
2594
2746
2882
3013
3141
3272
3409
3533
3659
3792
3917
4040
4171
4311
4429
4546
4677
4802
4935
5079
5211
5327
5429
5547
5653
5783
5898
6020
6121
6245
6348
6451
6559
6664
6773
6892
7029
7148
7254
7385
7489
7622
7750
7852
7970
8079
8179
8261
8363
8457
8580
8674
8765
8844
8916
8988
9064
9142
9226
9323
9392
9476
9541
9598
9656
9745
9832
9905
9970
10039
10090
10171
10242
10296
10347
10413
10458
10533
10584
10614
10650
10682
10717
10755
10798
10812
10836
10871
10894
10923
10956
10975
10997
11013
11014
11008
10990
10995
11014
11016
11026
11038
11035
11034
11036
11027
11023
11021
11016
10996
10977
10972
10950
10926
10917
10909
10883
10874
10838
10818
10777
10739
10711
10684
10654
10622
10603
10572
10551
10527
10514
10485
10455
10423
10390
10357
10320
10288
10263
10235
10197
10161
10126
10098
10069
10036
10003
9963
9924
9887
9849
9814
9788
9756
9726
9696
9663
9629
9589
9549
9516
9482
9445
9412
9375
9340
9299
9256
9224
9189
9153
9117
9083
9044
9020
8982
8958
8928
8902
8854
8822
8782
8749
8720
8678
8643
8609
8568
8524
8492
8465
8437
8407
8376
8346
8322
8282
8253
8220
8184
8153
8125
8089
8049
8015
7987
7961
7933
7907
7883
7854
7825
7801
7768
7744
7715
7689
7661
7629
7597
7564
7532
7502
7471
7442
7408
7373
7343
7313
7293
7266
7242
7211
7178
7158
7135
7105
7081
7064
7032
7010
6981
6951
6933
6906
6890
6866
6840
6823
6805
6768
6739
6715
6680
6648
6622
6604
6583
6553
6521
6494
6457
6430
6402
6376
6351
6320
6283
6258
6233
6203
6185
6158
6143
6121
6103
6079
6051
6028
6008
5991
5969
5945
5926
5907
5882
5869
5835
5811
5795
5770
5742
5724
5706
5683
5653
5624
5603
5581
5560
5543
5521
5499
5480
5458
5430
5409
5387
5360
5330
5304
5287
5267
5242
5219
5195
5166
5143
5121
5098
5081
5062
5042
5018
4995
4979
4963
4943
4924
4906
4888
4872
4856
4839
4823
4811
4788
4767
4747
4732
4713
4689
4675
4649
4628
4616
4596
4577
4563
4540
4515
4499
4478
4458
4436
4416
4405
4390
4372
4356
4337
4316
4297
4283
4279
4261
4244
4227
4218
4200
4188
4167
4148
4133
4121
4102
4088
