38696
74391
106974
136617
162976
186856
208151
227197
244411
259034
271899
283033
292171
300041
306469
311424
315714
318466
320256
321181
321528
320846
319179
316967
314142
310971
306696
302177
297016
291447
285625
279699
273590
266731
259214
251566
244051
236852
229383
221707
213849
205892
197778
189843
181812
173686
165912
158630
151403
144358
137134
130193
123352
116845
110704
104924
99424
94263
89369
84614
80094
76000
71947
68139
64591
61194
58041
54971
52093
49463
46821
44361
42096
39921
37804
35797
33900
32111
30451
28809
27293
25843
24530
23168
21934
20791
19687
18633
17658
16744
15849
14951
14200
13482
12777
12100
11456
10883
10325
9801
9278
8812
8370
7939
7505
7110
6747
6415
6071
5766
5478
5191
4909
4638
4424
4184
3942
3714
3522
3344
3173
3008
2865
2714
2580
2443
2317
2183
2079
1983
1891
1790
1702
1617
1533
1452
1384
1301
1233
1167
1104
1037
984
941
886
831
787
746
713
674
647
611
581
549
507
486
464
441
410
386
367
343
323
303
293
277
271
256
245
241
228
208
197
186
176
163
152
144
134
128
120
108
101
95
92
89
84
78
74
68
66
65
61
59
56
53
51
47
44
43
42
39
37
36
31
27
26
26
24
23
21
20
18
17
15
14
13
13
13
13
12
12
12
11
11
10
10
10
10
9
8
8
8
8
8
8
8
8
8
8
8
8
8
7
5
4
4
4
4
4
2
2
2
2
2
2
2
2
2
2
2
2
2
2
2
1
1
1
0
0
0
0
0
0
0
0
0
0
0
0
0
0
0
0
0
0
0
0
0
0
0
0
0
0
0
0
0
0
0
0
0
0
0
0
0
0
0
0
0
0
0
0
0
0
0
0
0
0
0
0
0
0
0
0
0
0
0
0
0
0
0
0
0
0
0
0
0
0
0
0
0
0
0
0
0
0
0
0
0
0
0
0
0
0
0
0
0
0
0
0
0
0
0
0
0
0
0
0
0
0
0
0
0
0
0
0
0
0
0
0
0
0
0
0
0
0
0
0
0
0
0
0
0
0
0
0
0
0
0
0
