54587
29648
19944
15996
13172
11400
10253
9398
8985
8267
7891
7612
7541
7134
7069
6875
6825
6787
6915
6737
6876
6811
6887
6801
6981
7141
6876
7268
7235
7521
7829
7655
7762
8038
8243
8466
8421
8757
9132
9491
9722
10183
10459
10704
11248
11566
12060
12765
13210
13822
14323
14984
15873
16422
17428
18166
19223
20361
21181
22187
23335
24314
25475
26809
28049
29552
30997
32323
33945
35440
37254
38969
40855
42367
44451
46188
48755
50466
52617
55076
57276
59559
62211
64084
66966
69249
72266
75138
78019
81002
83751
86296
89931
92392
95659
98442
101555
105269
107977
111247
114426
118063
121600
124442
127364
130364
133704
137307
140381
144122
147150
150841
153928
156642
159614
162451
165347
167976
170919
173631
176500
179200
182074
184692
187145
189075
191352
193902
196293
198650
200902
202935
204807
206735
208781
210451
211841
213449
215134
216601
218126
219641
220919
222327
223806
224936
226049
227286
228385
229250
230253
231046
232075
232947
233763
234561
235218
235921
236881
237648
238343
238901
239330
239762
240236
240668
241036
241486
241872
242337
242648
243123
243468
243780
244001
244339
244603
244921
245255
245436
245625
245804
246072
246237
246350
246591
246644
246880
247057
247170
247345
247512
247599
247744
247863
248033
248219
248325
248410
248491
248543
248616
248671
248714
248772
248833
248932
249008
249083
249161
249202
249276
249329
249365
249393
249415
249463
249472
249488
249511
249524
249535
249538
249537
249613
249638
249637
249690
249713
249712
249724
249710
249720
249739
249773
249810
249828
249864
249871
249892
249926
249932
249946
249939
249953
249960
249970
249967
249973
249971
249968
249972
249985
249991
249996
249998
249998
250000
250000
250000
250000
250000
250000
250000
250000
250000
250000
250000
250000
250000
250000
250000
250000
250000
250000
250000
250000
250000
250000
250000
250000
250000
250000
250000
250000
250000
250000
250000
250000
250000
250000
250000
250000
250000
250000
250000
250000
250000
250000
250000
250000
250000
250000
250000
250000
250000
250000
250000
250000
250000
250000
250000
250000
250000
250000
250000
250000
250000
250000
250000
250000
250000
250000
250000
250000
250000
250000
250000
250000
250000
250000
250000
250000
250000
250000
250000
250000
250000
250000
250000
250000
250000
250000
250000
250000
250000
250000
250000
250000
250000
250000
250000
250000
250000
250000
250000
250000
250000
250000
250000
250000
250000
250000
250000
250000
250000
250000
250000
250000
250000
250000
250000
250000
250000
250000
250000
250000
250000
250000
250000
250000
250000
250000
250000
250000
250000
250000
250000
250000
250000
250000
250000
250000
250000
250000
250000
250000
250000
250000
250000
