54095
29529
20312
15808
13157
11430
10356
9440
8784
8499
7909
7652
7393
7169
7088
7018
7024
6837
6652
6835
6908
6858
6843
6721
6976
6874
7014
7406
7478
7388
7729
7732
8066
8167
8416
8576
8972
9220
9724
10142
10143
10633
11062
11692
12272
12738
13509
14107
14586
15379
15858
16697
17821
18296
19553
20310
21321
22434
23487
24698
26151
27364
28508
29926
31377
32950
34468
36269
38125
39630
41251
43276
45313
47177
49187
51227
53529
55960
57881
60454
63258
65622
67580
70720
73561
76225
78901
81675
84554
87795
90597
93703
97108
100191
103380
106834
109692
112893
115851
119316
122383
125882
129198
132794
136413
138984
142055
145080
148360
152473
155880
158820
162265
165246
167746
170558
173100
175664
178376
180905
183424
185711
188140
190800
193352
195998
198376
200496
202699
204533
206419
207963
209986
211571
213709
215350
216684
217969
219493
220464
222208
223471
224856
226095
227180
228276
229321
230113
230988
231800
232575
233824
234606
235427
236001
236699
237309
237961
238939
239400
240077
240570
241078
241449
241912
242323
242725
243146
243443
243774
244159
244420
244745
244980
245367
245593
245863
246083
246354
246574
246796
247068
247257
247421
247587
247726
247857
247957
248167
248224
248324
248356
248472
248568
248626
248684
248774
248897
248983
249107
249166
249190
249279
249270
249335
249321
249373
249429
249452
249443
249456
249463
249514
249565
249596
249615
249615
249621
249659
249696
249733
249750
249768
249758
249776
249768
249750
249766
249790
249813
249836
249837
249834
249852
249857
249862
249862
249885
249893
249896
249891
249874
249873
249891
249902
249905
249907
249883
249891
249886
249895
249890
249881
249895
249883
249889
249908
249911
249892
249897
249896
249884
249909
249887
249883
249905
249907
249929
249927
249926
249935
249941
249946
249936
249935
249937
249941
249941
249942
249950
249949
249942
249943
249938
249950
249950
249938
249938
249946
249949
249935
249927
249940
249937
249929
249938
249949
249952
249949
249945
249954
249961
249971
249982
249994
249998
250000
250000
250000
250000
250000
250000
250000
250000
250000
250000
250000
250000
250000
250000
250000
250000
250000
250000
250000
250000
250000
250000
250000
250000
250000
250000
250000
250000
250000
250000
250000
250000
250000
250000
250000
250000
250000
250000
250000
250000
250000
250000
250000
250000
250000
250000
250000
250000
250000
250000
250000
250000
250000
250000
250000
250000
250000
250000
250000
250000
250000
250000
250000
250000
250000
250000
250000
250000
250000
250000
250000
250000
250000
250000
250000
250000
250000
250000
250000
250000
250000
250000
250000
250000
250000
250000
250000
250000
250000
250000
250000
250000
250000
250000
