65404
189951
287190
365345
429221
482066
525514
561874
591651
615785
636585
653670
667189
678182
687028
694342
699847
705109
708628
712659
715685
718308
720047
721756
723226
724096
723573
725191
725931
725980
725992
726771
725797
726069
725987
725121
723911
723948
723109
722797
722948
721799
721265
719323
717108
714684
713439
712586
711266
709927
708521
707383
705590
702886
700669
698326
695897
692640
689899
687476
684130
680800
676781
672777
669732
665776
661870
657677
653008
647726
643194
638586
633527
628527
622791
617419
611804
605464
599370
593169
586445
580223
572752
565605
558416
550631
542893
534620
526546
518165
509963
501400
492933
484479
475390
465737
456921
447711
438276
428796
418606
408541
399157
389066
379693
369952
360496
350755
341526
331629
321425
311666
302118
293088
283358
274137
265234
255753
246956
238106
229780
222187
214419
206790
199209
192626
185553
179021
171708
165218
158888
153372
146929
140854
134548
128945
123492
118204
112899
107552
102552
98051
93651
89568
85233
81385
77698
73684
70031
66502
63227
60313
57318
54290
51578
49104
46859
44321
42199
40025
37883
35960
34355
32873
31535
30208
28918
27658
26419
25420
24143
23163
22168
21094
20091
19024
18177
17240
16347
15513
14578
13688
12955
12244
11592
11021
10329
9666
9136
8642
8163
7666
7136
6686
6349
5980
5670
5306
4981
4647
4335
4074
3871
3617
3396
3218
2973
2783
2615
2411
2259
2094
1931
1800
1654
1496
1379
1274
1226
1142
1070
1016
972
932
912
901
840
802
755
710
678
606
515
451
397
346
307
284
260
248
228
233
220
205
204
197
201
192
194
179
173
162
150
133
119
112
113
96
84
88
89
94
81
89
91
90
80
68
61
47
37
30
22
19
15
12
10
5
3
3
3
3
3
2
1
1
1
1
1
0
0
0
0
0
0
0
0
0
0
0
0
0
0
0
0
0
0
0
0
0
0
0
0
0
0
0
0
0
0
0
0
0
0
0
0
0
0
0
0
0
0
0
0
0
0
0
0
0
0
0
0
0
0
0
0
0
0
0
0
0
0
0
0
0
0
0
0
0
0
0
0
0
0
0
0
0
0
0
0
0
0
0
0
0
0
0
0
0
0
0
0
0
0
0
0
0
0
0
0
0
0
0
0
0
0
0
0
0
0
0
