0
0
0
0
1
1
3
3
3
4
4
4
5
5
6
7
7
8
8
8
7
8
11
13
13
16
20
23
26
27
26
24
25
25
29
30
33
32
32
35
37
36
38
40
38
40
43
43
44
42
42
43
43
44
42
42
45
45
43
40
39
40
40
39
39
40
42
42
42
41
40
42
42
42
42
39
39
39
38
38
38
37
37
36
36
33
33
32
32
32
32
30
31
31
31
30
30
29
29
29
28
27
26
25
25
24
24
24
25
25
24
23
23
22
22
21
20
20
20
21
21
21
21
20
19
19
20
20
19
17
16
15
15
14
14
14
14
14
14
14
13
13
13
12
11
11
11
11
11
11
11
10
9
9
9
9
9
9
9
9
9
9
9
9
9
9
9
9
9
9
9
9
9
9
9
9
9
9
9
9
9
9
8
7
7
7
7
7
7
7
7
7
7
7
7
7
5
5
5
5
5
5
5
4
4
3
3
3
3
3
3
3
3
3
3
3
3
3
3
3
2
2
2
2
2
2
2
2
2
2
2
2
2
2
2
2
2
2
2
2
2
2
2
2
2
2
2
2
2
2
2
2
2
2
2
2
2
2
2
2
2
1
1
1
1
1
0
0
0
0
0
0
0
0
0
0
0
0
0
0
0
0
0
0
0
0
0
0
0
0
0
0
0
0
0
0
0
0
0
0
0
0
0
0
0
0
0
0
0
0
0
0
0
0
0
0
0
0
0
0
0
0
0
0
0
0
0
0
0
0
0
0
0
0
0
0
0
0
0
0
0
0
0
0
0
0
0
0
0
0
0
0
0
0
0
0
0
0
0
0
0
0
0
0
0
0
0
0
0
0
0
0
0
0
0
0
0
0
0
0
0
0
0
0
0
0
0
0
0
0
0
0
0
0
0
0
0
0
0
0
