0
0
0
1
1
1
1
1
3
3
4
4
4
6
8
8
8
8
11
15
16
15
16
19
21
23
23
24
25
27
27
26
27
27
30
36
36
38
40
43
44
45
47
51
53
55
55
54
55
55
54
53
54
55
56
53
53
54
60
58
57
55
54
55
54
57
53
54
57
55
52
53
52
51
51
50
49
49
49
47
46
45
43
42
41
39
38
38
38
36
36
36
36
35
33
32
32
32
33
32
31
32
30
30
29
28
26
25
25
25
25
25
25
24
24
23
23
23
23
23
23
23
22
22
22
21
21
20
19
19
19
20
20
19
18
18
18
18
18
17
17
17
16
16
15
15
15
15
14
14
13
13
13
12
12
12
12
12
12
12
11
11
11
10
9
9
8
8
8
8
8
7
7
6
6
5
5
5
5
5
5
5
5
5
5
5
5
4
4
4
4
3
3
3
3
3
2
2
2
2
2
2
2
2
2
2
2
2
2
2
2
2
2
2
2
2
2
2
2
2
2
2
2
2
2
2
1
1
1
1
1
1
1
1
1
1
1
1
1
1
1
1
1
1
1
1
1
1
1
1
1
1
1
1
1
1
1
1
1
1
1
1
1
1
1
1
1
1
1
1
1
1
1
1
0
0
0
0
0
0
0
0
0
0
0
0
0
0
0
0
0
0
0
0
0
0
0
0
0
0
0
0
0
0
0
0
0
0
0
0
0
0
0
0
0
0
0
0
0
0
0
0
0
0
0
0
0
0
0
0
0
0
0
0
0
0
0
0
0
0
0
0
0
0
0
0
0
0
0
0
0
0
0
0
0
0
0
0
0
0
0
0
0
0
0
0
0
0
0
0
0
0
0
0
0
0
0
0
0
0
0
0
0
0
0
0
0
0
0
0
0
0
0
0
0
0
0
0
0
0
