0
0
0
0
0
1
1
2
2
2
3
3
4
6
5
7
7
7
9
10
12
13
15
16
17
19
21
21
21
22
22
25
24
27
32
32
35
34
35
38
38
38
41
46
48
49
48
49
48
46
45
48
48
50
51
52
53
51
50
49
47
46
46
46
47
50
50
50
49
50
48
45
44
44
43
43
42
40
39
39
39
40
38
38
38
37
37
35
34
35
35
37
37
37
36
36
37
37
37
36
35
35
33
33
32
32
31
31
31
31
30
29
27
27
27
27
27
27
26
25
24
24
23
22
21
20
20
20
21
21
21
21
21
20
20
19
19
20
20
19
19
18
18
18
18
16
14
14
14
14
13
12
12
12
11
11
11
11
10
10
10
10
10
10
9
9
9
9
9
9
9
9
9
8
8
8
7
6
6
6
6
6
6
6
6
6
6
6
6
6
6
6
5
5
5
5
5
5
5
5
5
5
5
5
5
5
5
5
4
4
4
4
4
3
3
3
3
3
3
3
3
3
3
3
3
3
3
3
3
3
3
3
3
3
3
3
3
3
3
3
3
3
3
3
3
3
3
3
3
3
3
3
3
3
3
3
3
3
3
3
3
3
3
3
3
3
3
3
3
3
3
3
3
3
3
3
3
3
3
3
2
2
2
2
2
2
2
2
2
2
2
2
2
2
2
2
2
2
2
2
2
2
2
2
2
2
2
2
2
2
2
2
2
2
2
2
2
2
1
1
1
1
1
1
1
1
1
1
1
1
1
1
1
1
1
1
1
1
1
1
1
1
1
1
1
1
1
1
1
1
1
1
1
1
1
1
1
1
1
1
1
1
1
1
1
1
1
1
1
1
1
1
1
1
1
1
1
1
1
1
1
1
1
1
1
1
1
1
1
1
1
1
1
1
1
1
0
0
0
0
