19
49
67
92
118
137
150
171
199
219
237
256
279
305
328
344
370
391
412
431
444
468
491
514
535
548
571
579
605
630
640
659
682
701
727
743
764
794
808
835
858
881
893
920
940
958
973
997
1006
1034
1044
1058
1073
1091
1107
1127
1148
1165
1186
1210
1234
1263
1281
1298
1322
1337
1359
1385
1407
1430
1455
1471
1492
1517
1538
1557
1578
1606
1630
1648
1664
1690
1713
1738
1768
1790
1820
1832
1857
1873
1891
1907
1925
1944
1963
1992
2011
2040
2061
2079
2102
2129
2153
2167
2187
2206
2229
2263
2286
2300
2329
2345
2368
2385
2407
2416
2443
2461
2487
2507
2529
2560
2587
2599
2615
2638
2661
2680
2697
2714
2733
2747
2771
2796
2825
2839
2858
2877
2893
2919
2943
2957
2985
3011
3024
3040
3062
3073
3095
3112
3133
3159
3180
3201
3223
3240
3256
3273
3299
3319
3344
3362
3383
3401
3425
3447
3473
3491
3520
3544
3573
3598
3613
3637
3660
3681
3701
3720
3741
3762
3780
3805
3819
3836
3856
3880
3900
3924
3945
3977
3997
4017
4035
4053
4077
4099
4114
4133
4161
4178
4197
4213
4231
4250
4278
4296
4316
4336
4357
4383
4411
4429
4461
4486
4507
4523
4548
4568
4586
4605
4629
4649
4669
4693
4717
4731
4758
4775
4793
4820
4841
4861
4888
4910
4936
4954
4973
4995
5006
5022
5048
5081
5110
5139
5165
5187
5217
5243
5264
5280
5304
5326
5341
5365
5385
5407
5425
5447
5467
5490
5505
5530
5552
5575
5603
5624
5652
5686
5702
5727
5748
5764
5783
5800
5817
5838
5862
5886
5917
5936
5960
5980
5992
6012
6033
6060
6087
6116
6133
6158
6193
6217
6236
6262
6285
6305
6330
6351
6370
6393
6408
6436
6458
6481
6504
6515
6535
6557
6588
6606
6624
6638
6654
6680
6696
6728
6749
6776
6799
6816
6842
6873
6889
6914
6940
6957
6980
7004
7028
7053
7073
7091
7111
7132
7151
7171
7187
7208
7232
7253
7270
7290
7318
7335
7358
7389
7405
7423
7437
7459
7482
7507
7536
7550
7570
7582
7603
7620
7646
7672
7700
7719
7732
7749
7775
7794
7815
7834
7844
7867
7889
7908
7928
7948
7970
7994
8011
8029
8058
8077
8094
8119
8136
8151
8167
8192
8218
8235
8251
8276
8298
8312
8336
8357
8377
8401
8418
8436
8461
8482
