27
53
74
93
113
137
152
175
208
228
245
263
281
303
321
333
356
375
405
424
439
460
471
493
517
531
550
563
583
600
632
656
676
693
714
732
751
767
790
808
829
847
867
887
909
933
943
965
992
1016
1040
1051
1072
1096
1119
1140
1162
1180
1197
1213
1241
1262
1286
1307
1321
1347
1372
1398
1420
1440
1465
1484
1508
1533
1562
1581
1608
1635
1662
1686
1701
1710
1741
1760
1778
1795
1813
1833
1847
1879
1907
1935
1960
1988
2014
2040
2049
2066
2082
2106
2123
2147
2161
2176
2194
2222
2244
2265
2283
2297
2317
2346
2373
2401
2426
2456
2476
2498
2523
2546
2568
2590
2613
2645
2668
2692
2710
2729
2748
2773
2793
2815
2834
2862
2882
2914
2931
2960
2986
3009
3034
3062
3085
3101
3122
3154
3183
3199
3221
3251
3264
3281
3296
3320
3343
3356
3379
3399
3420
3448
3471
3489
3512
3533
3552
3572
3593
3618
3635
3648
3669
3706
3727
3755
3773
3791
3817
3841
3865
3882
3900
3925
3945
3966
3990
4016
4030
4054
4071
4089
4104
4126
4148
4181
4200
4220
4240
4258
4277
4302
4326
4347
4371
4391
4409
4428
4453
4484
4510
4521
4539
4559
4584
4614
4631
4655
4689
4713
4730
4744
4767
4795
4814
4835
4850
4870
4897
4929
4949
4967
4990
5018
5038
5052
5074
5100
5119
5138
5155
5179
5199
5213
5239
5254
5274
5302
5319
5345
5375
5400
5427
5451
5474
5491
5523
5549
5569
5593
5606
5628
5652
5684
5711
5723
5737
5753
5773
5793
5816
5835
5859
5886
5905
5925
5950
5969
5994
6019
6048
6068
6085
6110
6128
6148
6168
6180
6197
6214
6238
6255
6274
6287
6309
6340
6357
6387
6405
6420
6437
6459
6477
6505
6528
6557
6577
6591
6618
6644
6672
6692
6713
6729
6748
6773
6790
6805
6823
6846
6864
6884
6907
6934
6955
6982
6997
7019
7035
7056
7072
7092
7113
7133
7151
7165
7186
7209
7231
7253
7273
7299
7321
7345
7372
7393
7413
7433
7449
7465
7491
7511
7532
7546
7567
7593
7621
7642
7661
7676
7701
7723
7736
7761
7780
7802
7826
7840
7858
7876
7898
7914
7931
7961
7982
8002
8027
8046
8063
8086
8106
8127
8141
8161
8181
8205
8221
8243
8268
8291
8319
8340
8363
8389
8410
8431
8456
8483
8497
8524
8546
8561
