85
141
111
95
79
61
62
52
48
41
43
35
41
35
37
39
26
40
44
40
35
27
27
33
33
34
47
38
53
47
41
36
39
52
38
62
48
45
39
52
53
54
54
58
71
81
75
88
80
78
88
100
93
87
106
111
107
113
111
122
133
146
127
153
156
173
185
188
185
207
219
254
248
260
276
281
301
299
315
357
372
409
421
430
450
498
529
550
548
548
578
574
588
612
664
692
732
788
813
855
896
933
963
999
1000
1031
1070
1109
1154
1195
1238
1262
1308
1369
1419
1464
1519
1584
1632
1682
1757
1826
1894
1944
1981
2044
2122
2191
2243
2311
2373
2429
2504
2558
2623
2690
2778
2850
2930
3002
3072
3148
3238
3324
3407
3503
3578
3657
3723
3833
3918
4004
4109
4207
4301
4380
4454
4540
4613
4711
4814
4904
4997
5080
5157
5234
5338
5423
5518
5638
5745
5848
5968
6069
6170
6276
6353
6451
6553
6652
6734
6827
6943
7031
7122
7233
7330
7435
7549
7655
7765
7850
7936
8027
8137
8247
8354
8467
8584
8694
8797
8906
8997
9085
9193
9283
9384
9497
9580
9666
9773
9888
9989
10099
10191
10292
10379
10497
10607
10707
10813
10901
10994
11088
11200
11310
11408
11521
11618
11726
11852
11944
12049
12138
12249
12344
12448
12548
12662
12773
12864
12958
13059
13148
13251
13348
13457
13564
13663
13763
13867
13982
14080
14176
14279
14369
14479
14593
14712
14827
14920
15034
15136
15233
15346
15462
15579
15671
15780
15881
15995
16108
16219
16325
16427
16527
16618
16720
16812
16926
17012
17116
17211
17309
17417
17518
17637
17739
17843
17954
18053
18146
18243
18351
18455
18552
18663
18766
18877
18985
19087
19187
19300
19410
19493
19601
19717
19823
19923
20032
20118
20231
20335
20440
20548
20649
20751
20858
20943
21044
21155
21288
21400
21506
21604
21706
21798
21903
22012
22115
22231
22328
22449
22556
22658
22752
22871
22980
23099
23218
23312
23447
23531
23624
23727
23829
23919
24032
24140
24238
24332
24426
24532
24638
24734
24824
24942
25054
25132
25221
25335
25450
25544
25637
25737
25817
25909
26026
26109
26226
26329
26443
26540
26641
26744
26827
26926
27019
27120
27221
27333
27428
27557
27668
27788
27885
27982
28081
28174
28279
28390
28488
28597
28692
28812
28915
29013
29100
29192
29291
