1
3
17
48
88
141
218
292
381
461
545
662
767
876
973
1061
1171
1275
1377
1480
1601
1699
1813
1927
2042
2147
2269
2381
2511
2641
2763
2890
3012
3129
3269
3383
3502
3632
3743
3856
3996
4121
4234
4353
4462
4547
4645
4765
4888
5013
5132
5230
5378
5495
5616
5715
5818
5935
6028
6157
6266
6371
6464
6532
6632
6733
6834
6958
7055
7154
7283
7351
7454
7524
7634
7739
7824
7910
8012
8129
8222
8311
8399
8512
8607
8743
8850
8955
9043
9119
9202
9296
9403
9510
9597
9677
9764
9830
9907
10006
10079
10172
10253
10338
10396
10458
10550
10601
10648
10706
10773
10830
10911
10978
11061
11120
11198
11260
11321
11371
11425
11467
11520
11569
11599
11643
11675
11735
11772
11799
11831
11868
11882
11925
11956
11976
11994
11987
11992
12000
12017
12021
12024
12044
12043
12043
12042
12039
12033
12023
12029
12023
12028
12020
11999
11981
11976
11969
11957
11938
11927
11906
11884
11857
11846
11812
11787
11755
11727
11712
11682
11656
11629
11606
11565
11541
11519
11475
11448
11423
11396
11356
11334
11296
11256
11218
11193
11165
11130
11095
11060
11031
11000
10955
10924
10870
10829
10794
10752
10710
10660
10624
10584
10529
10495
10456
10420
10376
10334
10288
10253
10222
10184
10143
10114
10074
10038
9999
9952
9922
9883
9840
9796
9756
9714
9677
9640
9594
9559
9512
9479
9445
9409
9371
9339
9308
9259
9219
9181
9141
9097
9054
9021
8987
8957
8918
8887
8850
8803
8780
8739
8706
8668
8636
8605
8566
8527
8488
8465
8425
8397
8361
8328
8306
8272
8242
8200
8163
8138
8109
8081
8049
8010
7974
7944
7912
7875
7849
7823
7794
7776
7750
7721
7697
7669
7634
7588
7558
7529
7500
7480
7451
7423
7397
7362
7336
7315
7279
7246
7218
7191
7153
7121
7096
7065
7042
7019
6992
6960
6935
6901
6877
6852
6825
6797
6772
6742
6721
6687
6670
6647
6628
6604
6581
6559
6531
6493
6461
6428
6409
6382
6359
6332
6308
6276
6249
6224
6194
6170
6147
6116
6081
6060
6035
6010
5988
5964
5936
5912
5884
5860
5832
5806
5778
5754
5725
5700
5668
5641
5615
5596
5573
5553
5526
5501
5471
5442
5416
5395
5371
5340
5317
5303
5277
5255
5233
5207
5186
5169
5152
5134
5114
5096
5077
5063
5045
5023
5000
4976
4952
4928
4911
4891
4872
4840
4827
4804
4784
4759
4741
