104070
131717
122200
104727
89732
78742
71036
64612
59511
55513
52273
49524
46831
45183
43546
41970
40737
39835
38541
37460
36873
36408
35489
34712
34730
33721
33145
32977
32680
32562
32024
32049
31440
31578
31290
30835
31096
30845
30404
30532
29949
30135
30129
30067
29928
29873
30160
30127
29777
29990
30087
29968
30028
29964
30144
30205
30265
30017
30013
30149
30042
30189
30301
30520
30408
30325
30857
30866
30972
30818
31146
31033
30986
31307
31102
31429
31526
31611
31783
32002
31869
31985
32279
32541
32903
33072
32964
33380
33853
34350
34676
35349
36072
36847
37707
38864
40553
41811
43063
44746
46377
48359
50031
51745
54012
55975
58516
60711
62820
65902
68787
70308
73104
76140
79361
82144
84999
87408
90742
93677
96926
99953
103477
106793
110015
113419
116843
119534
123060
126374
129781
132607
136202
139215
142570
145549
149138
152222
155032
157890
161176
164405
167355
170156
173176
176594
179379
181698
183977
187087
189555
191658
193365
195835
197918
200178
202521
204325
206257
208426
210536
212322
213992
215525
217286
218764
220082
221228
222265
223671
224892
225973
227161
227996
229121
230042
230956
231559
232786
233750
234614
235422
236178
236897
237307
238081
238672
239094
239561
239994
240385
240905
241317
241987
242360
242726
243103
243432
243949
244263
244541
244787
245019
245260
245321
245515
245789
245937
246157
246237
246496
246635
246773
246987
247110
247274
247436
247567
247598
247773
247842
248012
248135
248226
248306
248441
248625
248774
248855
248958
249072
249101
249129
249127
249173
249212
249252
249248
249329
249363
249398
249437
249446
249471
249492
249506
249577
249544
249584
249602
249636
249662
249709
249728
249732
249736
249764
249776
249788
249779
249770
249779
249812
249808
249806
249817
249807
249833
249819
249798
249803
249808
249819
249834
249840
249833
249824
249837
249846
249853
249866
249882
249869
249850
249867
249878
249876
249893
249915
249931
249946
249954
249965
249970
249969
249976
249982
249974
249982
249989
249992
249997
249998
249998
249998
249999
249999
249999
250000
250000
250000
250000
250000
250000
250000
250000
250000
250000
250000
250000
250000
250000
250000
250000
250000
250000
250000
250000
250000
250000
250000
250000
250000
250000
250000
250000
250000
250000
250000
250000
250000
250000
250000
250000
250000
250000
250000
250000
250000
250000
250000
250000
250000
250000
250000
250000
250000
250000
250000
250000
250000
250000
250000
250000
250000
250000
250000
250000
250000
250000
250000
250000
250000
250000
250000
250000
250000
250000
250000
250000
250000
250000
250000
250000
250000
250000
250000
250000
250000
250000
250000
250000
250000
250000
250000
250000
250000
250000
250000
250000
