104512
131347
121550
104232
88722
78389
70344
64268
59241
55016
51908
49419
46892
44988
43396
41868
40764
39648
38218
37420
36654
36093
35403
35175
34429
34086
33180
32886
32692
32144
32326
31796
31788
31310
31237
31013
30763
30769
30757
30522
30688
30259
30303
30077
30408
30225
30007
29673
30221
29999
29687
29846
29842
30028
29984
29868
30004
29877
29856
30085
30355
30466
29916
30204
30340
30603
30643
30589
30715
30847
31259
31040
31314
31060
31162
31378
31600
31707
31881
31731
31952
32294
32376
32878
32879
33319
33197
33722
33878
34363
35050
35387
36428
37065
38235
39700
40937
42328
43938
45552
47711
50148
52008
54344
56907
58697
61272
63851
66229
69006
71452
74585
77201
79988
82835
85725
88782
92423
95088
98057
100664
104543
107874
110263
113821
117218
120602
123908
127074
130134
133489
137404
140164
143677
146885
149777
153255
156611
159946
163157
166111
168627
171582
174925
177461
180442
182875
185179
187657
189988
192693
195143
197041
199278
201215
203513
205659
207467
208977
211025
212997
214597
216012
216967
218240
219536
221187
222640
223796
225075
226396
227393
228654
229594
230771
231923
232860
233481
234222
235133
235994
236802
237351
237811
238330
238822
239458
240053
240614
241150
241580
242133
242606
243042
243407
243614
243811
244179
244388
244559
244938
245264
245453
245557
245826
245985
246212
246442
246487
246566
246736
246977
247015
247231
247314
247542
247647
247759
247831
247879
247976
248160
248331
248457
248508
248615
248742
248795
248796
248856
248948
249025
249112
249227
249313
249410
249406
249432
249474
249487
249559
249574
249610
249628
249642
249672
249655
249654
249671
249665
249674
249701
249718
249734
249735
249735
249742
249746
249763
249775
249790
249793
249782
249786
249787
249773
249789
249778
249802
249791
249808
249815
249815
249807
249816
249829
249852
249839
249858
249893
249898
249925
249951
249956
249959
249956
249965
249959
249968
249972
249975
249975
249977
249976
249980
249983
249979
249976
249986
249990
249992
249998
249998
250000
250000
250000
250000
250000
250000
250000
250000
250000
250000
250000
250000
250000
250000
250000
250000
250000
250000
250000
250000
250000
250000
250000
250000
250000
250000
250000
250000
250000
250000
250000
250000
250000
250000
250000
250000
250000
250000
250000
250000
250000
250000
250000
250000
250000
250000
250000
250000
250000
250000
250000
250000
250000
250000
250000
250000
250000
250000
250000
250000
250000
250000
250000
250000
250000
250000
250000
250000
250000
250000
250000
250000
250000
250000
250000
250000
250000
250000
250000
250000
250000
250000
250000
250000
250000
250000
250000
250000
250000
250000
250000
250000
250000
250000
250000
250000
250000
