103951
130977
121860
104557
90093
78547
70457
64366
59421
55306
52635
49803
47683
45377
43879
42388
41361
40000
38585
37799
37024
36084
35894
34909
34627
34070
33546
32793
33163
32621
32084
31960
31971
31500
31520
31004
30877
31030
31125
30915
30549
30560
30381
30414
30230
30348
30149
30058
30192
30370
29985
30495
29994
30072
29891
30323
30162
30277
30143
30408
29996
30211
30390
30526
30097
30359
30724
30921
30793
31082
31160
30886
30838
30970
31224
31444
31121
31525
31734
32098
31947
32321
32338
32653
33236
33598
34043
34514
34092
35249
35925
36652
37629
37885
39236
40180
41016
42701
44318
46090
47782
49771
51897
54426
56769
59244
61409
63583
66179
69118
71595
74638
77452
80270
82672
85824
88449
91613
94214
97619
100591
103800
107060
110258
113587
116941
120098
123827
127121
130042
133540
136852
140213
143523
146455
149874
153130
156322
159968
162320
165920
168597
171179
173854
176460
179710
182384
184649
186942
189585
191963
194485
196683
199032
201382
203138
205197
206860
208797
210254
211870
213601
215110
216630
218334
219784
221239
222216
223547
224933
225945
227031
228165
228950
229946
231063
231886
232761
233673
234669
235335
236017
236658
237447
238118
238691
239081
239445
240193
240635
241155
241543
242011
242376
242802
243099
243427
243792
244204
244427
244825
245090
245257
245522
245733
245989
246216
246571
246700
246915
247091
247166
247330
247449
247514
247663
247817
247969
248094
248245
248350
248438
248529
248635
248711
248759
248832
248919
249024
249088
249160
249262
249335
249354
249358
249360
249353
249357
249401
249484
249503
249554
249578
249641
249685
249693
249702
249705
249728
249732
249729
249748
249706
249701
249746
249773
249801
249783
249789
249790
249797
249796
249807
249803
249802
249818
249784
249794
249784
249790
249766
249788
249826
249819
249839
249837
249858
249864
249895
249910
249911
249912
249934
249943
249950
249960
249976
249986
249993
249996
249996
249998
249999
249999
249999
249999
250000
250000
250000
250000
250000
250000
250000
250000
250000
250000
250000
250000
250000
250000
250000
250000
250000
250000
250000
250000
250000
250000
250000
250000
250000
250000
250000
250000
250000
250000
250000
250000
250000
250000
250000
250000
250000
250000
250000
250000
250000
250000
250000
250000
250000
250000
250000
250000
250000
250000
250000
250000
250000
250000
250000
250000
250000
250000
250000
250000
250000
250000
250000
250000
250000
250000
250000
250000
250000
250000
250000
250000
250000
250000
250000
250000
250000
250000
250000
250000
250000
250000
250000
250000
250000
250000
250000
250000
250000
250000
250000
250000
250000
250000
250000
250000
250000
250000
250000
250000
250000
250000
250000
250000
