103747
131485
121942
104392
89760
78992
71145
64646
60261
56073
52564
50051
47635
45801
43635
42009
41348
39949
38887
38201
37113
36517
35816
34735
34693
34036
33766
33204
32846
32856
32644
31857
31808
31307
31626
30928
30795
30784
30459
30407
30511
30184
30329
30161
30425
30116
30143
30073
30322
30209
30224
30406
30052
30023
30185
30009
29968
30176
29862
30105
30078
30113
30022
30684
30394
30200
30337
31012
30641
30932
30942
30841
30721
31737
31223
31718
31862
31719
31982
32104
31939
32017
32174
32456
32790
32697
33292
33107
33757
34366
34652
35241
35974
36577
37687
38839
39825
41115
42628
43892
45656
47231
48798
51083
53007
55182
56982
59332
61747
64329
67192
69421
71673
74812
77731
80051
82900
85830
88934
92021
95232
98035
101065
104588
107868
111545
115168
118322
121971
125494
129194
132171
135283
138950
142180
145509
148446
151753
154808
157766
161298
164271
167169
169804
172899
175538
178315
181454
184260
186789
189587
192076
194481
196537
198708
200648
202449
204346
206311
208390
210251
211964
213798
215460
216715
218153
219356
220806
222004
223238
224454
225794
227138
228130
229320
230128
231130
232039
233036
233971
234880
235644
236173
236891
237399
237817
238471
238950
239514
239919
240172
240499
241109
241737
242097
242331
242902
243369
243677
244041
244236
244426
244575
244893
244976
245246
245459
245601
245749
245921
246060
246322
246577
246747
246903
247023
247192
247286
247423
247490
247675
247764
247866
247920
248031
248084
248166
248215
248290
248379
248440
248520
248608
248645
248684
248693
248752
248835
248853
248866
248930
249005
249026
249058
249049
249075
249059
249069
249105
249190
249244
249293
249313
249408
249477
249542
249577
249609
249665
249687
249711
249721
249764
249764
249760
249801
249831
249862
249844
249856
249859
249871
249878
249883
249890
249914
249909
249909
249896
249891
249900
249899
249907
249914
249927
249934
249940
249946
249947
249953
249955
249953
249936
249938
249944
249942
249951
249951
249963
249966
249967
249973
249978
249978
249980
249972
249969
249970
249970
249972
249972
249965
249968
249980
249988
249995
249997
249999
249999
249999
249999
249999
250000
250000
250000
250000
250000
250000
250000
250000
250000
250000
250000
250000
250000
250000
250000
250000
250000
250000
250000
250000
250000
250000
250000
250000
250000
250000
250000
250000
250000
250000
250000
250000
250000
250000
250000
250000
250000
250000
250000
250000
250000
250000
250000
250000
250000
250000
250000
250000
250000
250000
250000
250000
250000
250000
250000
250000
250000
250000
250000
250000
250000
250000
250000
250000
250000
250000
250000
250000
250000
250000
250000
250000
250000
250000
250000
250000
250000
250000
