9689
51737
117001
185714
248492
303460
351080
392048
427953
459290
485655
508449
527738
543548
557829
570660
582184
591558
599821
606688
614195
619463
624762
629761
632903
636501
639670
641015
642839
644265
646727
648459
649336
651010
652028
653510
654450
654878
656872
657148
657269
657818
658145
659149
659356
659716
659890
659978
660654
659891
659990
660320
660492
659858
660675
660883
660804
661006
661456
661208
660139
659323
658682
658993
658774
658727
658432
658713
658942
659408
659568
659176
658552
658878
657633
657477
657274
657541
656417
656922
656159
655699
655255
655251
654792
653986
652436
651290
650544
649211
647732
646768
644637
643025
642027
640214
637478
635139
631136
627564
623150
618164
613375
608815
603698
598759
592507
586769
579055
572809
565993
558869
551946
544432
536217
528706
520436
512443
503531
495002
485858
477387
468020
458511
448989
439757
430466
420880
411194
401389
391982
381836
372264
363033
353684
344225
334908
325356
316132
307190
297692
288974
279743
270816
261634
252797
243802
235193
226827
218401
210344
202693
195270
187891
180991
173959
167319
160577
153822
147442
140724
134629
128428
122761
117159
112160
107428
102741
98394
93753
89556
85442
81443
77752
74140
70911
67818
64884
61893
58869
56278
53528
50791
48162
45750
43565
41348
39339
37426
36091
34616
32771
31182
29582
28002
26812
25442
24067
22781
21527
20543
19646
18657
17818
16998
16237
15318
14537
13671
12781
12008
11287
10620
10030
9464
9021
8716
8333
7959
7707
7373
7103
6827
6509
6151
5788
5432
5121
4929
4627
4456
4213
3975
3761
3677
3506
3251
3098
2946
2800
2674
2492
2330
2167
1991
1835
1717
1610
1488
1391
1288
1193
1093
1048
1021
1002
932
890
848
808
776
736
705
692
652
644
611
625
594
579
572
612
602
610
610
628
626
589
589
586
594
594
599
577
559
523
474
466
457
414
389
354
318
291
259
242
224
201
192
182
181
182
187
174
154
142
118
92
77
66
59
51
42
35
25
17
15
11
11
8
5
4
2
2
1
1
1
0
0
0
0
0
0
0
0
0
0
0
0
0
0
0
0
0
0
0
0
0
0
0
0
0
0
0
0
0
0
0
0
0
0
0
0
0
0
0
0
0
0
0
0
0
0
0
0
0
0
0
0
0
0
0
0
0
0
0
0
0
0
0
0
0
0
0
0
0
0
0
0
0
