10317
54262
119758
188599
251298
305958
353831
395150
430475
461183
486762
508678
527925
544511
558787
571287
582744
592531
601387
608530
614219
619034
623587
627882
631811
635316
637941
641082
643059
644519
646131
647342
648052
649194
651061
651557
652085
653275
653744
654972
655734
656617
657623
658973
659223
659124
659228
659706
659454
659452
659415
659871
659775
660277
660183
660331
660925
660163
660804
661057
661159
660519
659704
659059
659056
658572
658678
659005
658981
658166
657974
657390
657315
656538
656508
655607
655139
655073
655657
656536
655730
655622
655601
655232
654882
654607
654120
653074
652204
651301
650789
648797
647960
646536
644452
642084
640411
638474
635886
632419
628490
624449
620254
616248
611611
605685
599943
594044
588124
581767
574978
568179
561091
554359
546812
538666
530763
521968
513820
506095
497710
488171
479442
470257
461332
452175
442261
432808
422149
413257
403710
393162
383996
374314
364343
354695
345139
336548
327398
318085
308886
299250
289803
280266
271453
262822
254228
245465
237034
228678
220542
212407
204741
197126
189811
182936
175988
169559
162778
156233
149596
142942
137142
131050
124947
119405
114427
109085
104113
99699
94729
90419
86540
82637
78905
75219
71665
68317
64984
61584
58721
55762
52846
50254
47894
45293
42794
40587
38656
36645
34864
33238
31619
30131
28755
27340
26137
24889
23779
22653
21465
20603
19591
18693
17718
16797
15965
15138
14315
13550
12913
12233
11570
11044
10474
9877
9373
9022
8614
8152
7788
7409
7086
6801
6498
6156
5902
5651
5395
5221
5006
4723
4520
4352
4153
3932
3729
3469
3245
3116
2896
2684
2511
2310
2191
2018
1913
1833
1735
1667
1594
1490
1442
1366
1241
1118
1007
922
834
777
736
712
693
662
612
580
554
519
471
447
411
349
318
312
264
244
240
230
209
199
208
203
190
183
173
171
159
133
105
88
71
60
46
36
30
27
23
22
17
17
15
14
12
9
9
7
4
4
3
3
3
2
2
2
2
1
1
1
1
1
0
0
0
0
0
0
0
0
0
0
0
0
0
0
0
0
0
0
0
0
0
0
0
0
0
0
0
0
0
0
0
0
0
0
0
0
0
0
0
0
0
0
0
0
0
0
0
0
0
0
0
0
0
0
0
0
0
0
0
0
0
0
0
0
0
0
0
0
0
0
0
0
0
0
0
0
0
0
0
0
