9817
53453
118557
187758
251422
306105
353736
395047
430448
460937
486572
509101
529022
545340
560012
572723
583201
592928
601244
608095
613628
618994
624045
627791
630969
634576
638353
640621
642928
645061
646444
648161
649255
650316
651772
652549
653625
653676
654138
655370
655508
656107
656637
657531
658442
659254
659777
660154
659652
659684
659380
659343
659430
658965
659033
658914
658916
658324
658960
659310
659411
659128
659955
659634
659413
659279
659480
659223
658443
657621
657470
657920
657524
657261
657500
657012
656265
655936
655382
655180
654960
654140
653660
654065
653889
654194
653271
652653
651395
649262
648102
646446
644379
641865
639621
636631
633646
629849
626766
623063
618789
614064
608409
603435
598188
593465
587858
581774
575561
569208
563719
557046
550355
543374
536184
528230
520381
512469
503763
495088
486546
478334
469474
460207
451033
442420
432981
423776
414466
404663
394619
385101
375058
365937
356406
346994
337593
327889
318192
308836
299596
290354
281395
272500
263866
255021
245942
238199
229627
221240
213126
205180
197423
190229
183277
176041
169560
163436
156832
150622
144024
137467
131448
125901
120581
115282
110021
105563
100651
95934
91753
87625
83220
79456
76283
73188
70010
66859
63820
61138
58331
55879
53352
51166
48940
46886
44664
42602
40820
39011
37170
35119
33294
31736
30019
28511
26966
25486
24229
22949
21639
20482
19287
18204
17063
16053
15257
14480
13719
12948
12182
11336
10663
10145
9710
9146
8610
8150
7632
7287
6930
6588
6207
6002
5742
5531
5296
5020
4816
4588
4345
4108
3991
3839
3685
3550
3408
3283
3116
2995
2880
2658
2532
2419
2315
2192
2100
1992
1911
1858
1822
1708
1638
1568
1482
1369
1241
1125
1015
959
911
856
769
714
672
618
579
543
503
468
410
343
285
244
199
166
135
115
96
80
69
56
44
34
26
21
17
15
11
7
6
6
6
6
5
4
3
3
2
2
1
1
1
1
1
1
1
1
1
1
1
1
1
1
1
1
1
1
0
0
0
0
0
0
0
0
0
0
0
0
0
0
0
0
0
0
0
0
0
0
0
0
0
0
0
0
0
0
0
0
0
0
0
0
0
0
0
0
0
0
0
0
0
0
0
0
0
0
0
0
0
0
0
0
0
0
0
0
0
0
0
0
0
0
0
0
0
0
0
0
0
0
0
0
0
0
0
0
0
0
