19
37
59
83
103
127
145
170
194
213
234
250
275
293
310
338
355
379
397
417
432
456
479
498
514
534
551
571
585
611
643
659
679
697
717
743
766
784
800
825
850
871
889
909
932
952
972
988
1007
1035
1057
1093
1104
1128
1147
1168
1187
1214
1238
1262
1282
1304
1320
1347
1367
1388
1414
1439
1463
1483
1508
1531
1560
1583
1613
1627
1655
1682
1704
1734
1758
1778
1796
1818
1831
1854
1873
1897
1920
1942
1960
1995
2012
2033
2046
2066
2091
2111
2134
2159
2180
2199
2217
2232
2262
2282
2311
2332
2350
2370
2389
2409
2439
2467
2485
2508
2535
2558
2576
2595
2617
2636
2650
2676
2691
2714
2741
2762
2782
2804
2827
2847
2867
2892
2920
2951
2974
2990
3007
3029
3048
3069
3085
3107
3130
3151
3172
3183
3208
3233
3255
3278
3301
3318
3339
3366
3390
3406
3437
3471
3494
3521
3545
3568
3601
3619
3635
3662
3680
3700
3719
3736
3761
3783
3800
3824
3853
3880
3901
3928
3948
3976
4001
4016
4041
4058
4075
4108
4136
4166
4187
4204
4222
4240
4256
4282
4308
4330
4352
4369
4390
4410
4430
4451
4476
4499
4520
4536
4552
4564
4588
4613
4638
4660
4679
4701
4716
4746
4760
4779
4795
4808
4833
4846
4869
4884
4912
4937
4952
4968
4992
5018
5046
5067
5086
5111
5133
5156
5185
5206
5228
5249
5267
5285
5301
5317
5328
5344
5367
5388
5411
5435
5461
5479
5501
5530
5554
5569
5585
5602
5619
5644
5658
5678
5692
5710
5737
5762
5783
5806
5828
5850
5871
5887
5907
5937
5963
5984
6010
6031
6053
6074
6094
6112
6131
6151
6174
6195
6210
6234
6263
6281
6307
6331
6363
6382
6410
6427
6450
6465
6488
6508
6534
6562
6581
6596
6612
6628
6649
6686
6716
6734
6759
6781
6811
6829
6852
6873
6901
6928
6950
6979
7001
7025
7047
7068
7091
7117
7138
7162
7178
7196
7214
7234
7245
7270
7291
7313
7342
7364
7378
7400
7428
7449
7474
7496
7507
7526
7555
7580
7601
7630
7656
7677
7695
7720
7743
7763
7789
7809
7834
7843
7867
7889
7910
7930
7946
7965
7991
8016
8037
8054
8073
8100
8115
8133
8162
8182
8201
8226
8250
8277
8299
8325
8350
8373
8390
8412
8430
8456
8478
8497
8529
8553
8575
8594
8614
8631
8652
8672
