0
0
0
0
0
0
0
0
0
1
2
2
4
5
5
4
6
5
5
5
9
11
13
15
17
16
18
21
22
24
23
24
25
24
26
24
25
25
27
31
32
36
37
39
40
38
41
38
44
49
50
53
54
57
60
66
63
61
63
62
64
64
66
65
65
69
67
72
76
80
81
81
82
87
87
86
86
88
93
91
92
97
95
97
100
103
103
104
107
103
106
108
111
112
113
114
114
113
110
113
109
106
110
108
109
112
107
101
104
107
106
105
102
98
100
99
97
99
98
96
97
96
95
91
93
91
89
88
84
86
84
82
80
81
74
72
69
68
65
65
63
61
59
54
55
54
57
58
56
54
53
54
53
52
51
51
50
50
50
48
47
47
47
46
45
44
41
39
39
38
36
36
35
35
36
33
33
33
31
29
27
27
25
26
26
24
24
24
23
23
23
22
22
21
18
18
17
17
15
15
15
14
14
13
11
11
11
11
8
7
6
6
6
6
6
6
6
6
5
4
4
4
3
3
3
3
3
3
3
2
1
1
1
1
1
0
0
0
0
0
0
0
0
0
0
0
0
0
0
0
0
0
0
0
0
0
0
0
0
0
0
0
0
0
0
0
0
0
0
0
0
0
0
0
0
0
0
0
0
0
0
0
0
0
0
0
0
0
0
0
0
0
0
0
0
0
0
0
0
0
0
0
0
0
0
0
0
0
0
0
0
0
0
0
0
0
0
0
0
0
0
0
0
0
0
0
0
0
0
0
0
0
0
0
0
0
0
0
0
0
0
0
0
0
0
0
0
0
0
0
0
0
0
0
0
0
0
0
0
0
0
0
0
0
0
0
0
0
0
0
0
0
0
0
0
0
0
0
0
0
0
0
0
0
0
0
0
0
0
0
0
0
0
0
0
0
0
0
0
0
