15
18
31
43
53
63
71
91
102
118
129
139
146
160
174
179
190
197
207
219
227
238
243
257
268
277
286
291
295
306
311
323
325
331
335
349
363
371
376
380
390
398
409
416
425
433
441
444
447
456
463
472
483
492
498
501
506
520
531
536
542
554
563
575
582
586
591
597
602
609
620
630
636
640
645
659
668
669
680
687
692
699
711
721
729
737
741
750
753
762
770
781
782
788
792
802
807
813
828
827
834
843
845
852
858
863
874
882
881
891
902
914
924
933
941
954
963
977
986
999
1003
1011
1020
1032
1039
1048
1057
1065
1072
1077
1086
1092
1110
1121
1133
1144
1158
1168
1172
1186
1198
1207
1217
1228
1239
1251
1261
1274
1285
1295
1308
1311
1321
1328
1338
1345
1352
1360
1373
1383
1396
1403
1413
1424
1435
1447
1455
1459
1464
1474
1479
1497
1510
1522
1529
1536
1541
1547
1561
1569
1578
1582
1593
1604
1617
1630
1641
1660
1671
1680
1691
1698
1709
1720
1737
1748
1756
1766
1773
1778
1790
1800
1807
1823
1833
1843
1855
1872
1883
1894
1901
1912
1932
1941
1954
1961
1969
1977
1987
2000
2013
2024
2034
2044
2055
2069
2080
2091
2098
2112
2119
2130
2140
2152
2161
2169
2181
2195
2206
2216
2229
2236
2255
2266
2274
2290
2299
2312
2326
2333
2344
2352
2361
2372
2380
2396
2410
2421
2428
2439
2448
2457
2463
2474
2491
2499
2509
2516
2521
2533
2541
2547
2566
2581
2591
2605
2614
2621
2631
2638
2648
2660
2671
2683
2696
2701
2710
2718
2727
2738
2747
2758
2770
2781
2789
2801
2813
2820
2829
2844
2856
2863
2873
2882
2890
2902
2911
2922
2930
2937
2947
2956
2967
2977
2991
3004
3012
3021
3033
3041
3056
3070
3080
3093
3105
3116
3125
3136
3147
3156
3173
3181
3193
3210
3221
3229
3245
3258
3270
3281
3289
3298
3306
3315
3331
3347
3357
3372
3384
3394
3409
3416
3428
3438
3449
3461
3468
3478
3491
3509
3525
3537
3548
3556
3564
3579
3592
3598
3602
3612
3620
3635
3644
3658
3671
3685
3699
3708
3716
3725
3738
3744
3755
3764
3775
3782
3793
3804
3810
3815
3827
3844
3853
3862
3869
3879
3889
3899
3904
3923
