8
17
25
37
49
60
73
86
91
98
114
125
130
137
152
164
171
183
195
209
219
231
239
250
255
275
284
290
300
303
315
318
326
338
345
348
358
369
375
387
392
398
407
417
419
425
433
440
447
455
463
470
479
493
498
507
526
536
544
551
560
557
567
572
589
594
600
605
615
621
628
629
639
644
657
669
675
684
692
696
709
716
723
727
729
736
746
755
758
761
766
781
784
790
789
793
796
793
798
808
820
833
846
858
863
866
877
885
899
905
910
926
938
939
947
955
966
975
984
991
1002
1009
1017
1030
1038
1051
1055
1067
1075
1085
1095
1110
1125
1139
1149
1156
1167
1175
1190
1200
1211
1219
1231
1245
1253
1263
1276
1286
1293
1300
1314
1325
1335
1351
1363
1378
1392
1398
1414
1423
1436
1447
1456
1470
1482
1494
1507
1516
1528
1542
1551
1566
1579
1590
1595
1603
1614
1626
1639
1653
1662
1674
1684
1693
1703
1714
1721
1732
1741
1748
1762
1772
1780
1795
1812
1822
1834
1839
1850
1855
1867
1877
1889
1899
1907
1917
1928
1939
1945
1956
1966
1979
1989
1995
2001
2018
2027
2036
2051
2063
2072
2082
2097
2108
2118
2126
2145
2158
2166
2179
2189
2197
2209
2220
2233
2242
2250
2261
2274
2280
2292
2302
2316
2331
2336
2348
2360
2373
2378
2387
2399
2411
2418
2433
2446
2460
2469
2478
2487
2493
2500
2513
2530
2545
2553
2560
2570
2579
2594
2605
2618
2628
2640
2651
2656
2667
2680
2691
2705
2719
2731
2748
2761
2776
2780
2794
2808
2818
2830
2843
2852
2863
2875
2885
2896
2905
2919
2938
2948
2959
2973
2986
2999
3007
3024
3034
3040
3058
3071
3076
3090
3100
3110
3118
3127
3138
3143
3151
3158
3168
3180
3191
3200
3208
3222
3231
3243
3249
3262
3275
3289
3299
3311
3319
3331
3340
3355
3364
3374
3386
3393
3403
3413
3426
3439
3447
3456
3463
3475
3485
3496
3505
3513
3528
3539
3552
3564
3585
3591
3600
3614
3626
3637
3656
3673
3682
3690
3696
3713
3724
3739
3750
3757
3768
3778
3792
3800
3812
3822
3827
3834
3842
3852
3864
3880
3891
3904
3912
3926
3929
3936
3946
3956
3964
3969
3979
3988
3992
4009
4021
