0
3
12
24
62
105
152
203
270
346
429
502
556
627
696
793
888
982
1088
1192
1303
1397
1514
1626
1737
1841
1954
2062
2168
2275
2373
2460
2564
2678
2781
2889
3001
3106
3219
3330
3451
3556
3660
3771
3862
3961
4057
4153
4256
4361
4479
4573
4667
4776
4876
4967
5064
5165
5253
5365
5433
5557
5666
5767
5841
5931
6039
6142
6243
6360
6448
6547
6642
6750
6852
6948
7045
7161
7248
7348
7454
7532
7640
7742
7808
7891
7984
8073
8174
8273
8377
8475
8572
8653
8755
8832
8922
9013
9090
9161
9230
9317
9384
9465
9518
9597
9662
9737
9815
9897
9964
10022
10097
10177
10238
10301
10364
10382
10429
10485
10547
10593
10625
10646
10689
10718
10731
10752
10788
10828
10869
10879
10899
10926
10944
10957
10973
10985
11009
11007
10997
10986
10982
11000
11008
10993
10995
11004
10991
10984
10966
10961
10943
10930
10922
10902
10888
10862
10832
10807
10798
10786
10755
10726
10709
10678
10653
10631
10603
10575
10540
10504
10485
10443
10417
10382
10361
10340
10301
10277
10243
10206
10176
10165
10143
10112
10089
10048
10011
9974
9938
9916
9885
9848
9813
9775
9737
9704
9662
9619
9582
9555
9521
9487
9459
9422
9396
9358
9325
9301
9258
9226
9198
9154
9111
9081
9043
9013
8981
8942
8922
8883
8860
8838
8798
8766
8727
8683
8652
8622
8588
8556
8516
8471
8442
8409
8383
8346
8315
8282
8247
8219
8182
8156
8115
8087
8057
8026
7995
7963
7933
7900
7864
7831
7790
7764
7731
7699
7669
7633
7601
7572
7537
7506
7485
7451
7424
7384
7362
7335
7301
7277
7240
7216
7187
7146
7113
7079
7057
7031
7011
6993
6961
6931
6894
6868
6846
6815
6777
6752
6728
6699
6681
6659
6623
6601
6579
6552
6525
6500
6477
6448
6419
6392
6369
6338
6321
6299
6279
6255
6233
6203
6183
6162
6140
6115
6094
6071
6050
6028
6007
5975
5953
5930
5902
5875
5852
5825
5797
5763
5738
5720
5689
5662
5640
5623
5602
5569
5546
5523
5502
5480
5449
5435
5417
5389
5369
5344
5324
5300
5287
5266
5251
5227
5200
5178
5154
5124
5111
5091
5061
5037
5018
4996
4971
4947
4925
4909
4884
4862
4838
4816
4790
4772
4750
4727
4707
4692
4667
4650
4636
4622
4611
4585
4565
4545
4522
4509
4487
4470
4450
4428
4415
4395
4380
4360
4333
4314
4296
4272
