997943
995869
993801
991731
989567
987480
985356
983248
981211
979079
976946
974752
972644
970523
968564
966448
964341
962207
960090
958032
955884
953783
951741
949755
947687
945608
943624
941516
939487
937400
935365
933279
931154
929166
927182
925143
923119
921070
919092
917094
915023
913045
911024
909036
907170
905202
903225
901199
899312
897337
895430
893497
891616
889710
887780
885886
883976
882088
880171
878363
876448
874513
872586
870739
868786
867004
865074
863218
861382
859549
857722
855971
854192
852356
850527
848741
846903
845097
843281
841553
839836
837990
836262
834585
832805
831117
829491
827915
826319
824799
823334
821950
820798
819778
818895
818134
817554
817024
816634
816354
816183
815984
815767
815611
815595
815550
815490
815420
815375
815382
815333
815300
815285
815277
815317
815365
815412
815452
815511
815547
815583
815622
815672
815705
815745
815791
815837
815889
815942
815988
816039
816082
816131
816173
816215
816259
816313
816364
816420
816473
816525
816583
816638
816695
816741
816787
816821
816860
816902
816938
816974
817019
817076
817122
817175
817210
817255
817304
817344
817389
817434
817481
817520
817569
817604
817658
817717
817764
817817
817870
817916
817969
818013
818039
818080
818114
818165
818211
818258
818298
818349
818394
818427
818461
818498
818548
818593
818641
818682
818718
818760
818799
818849
818893
818942
818988
819041
819094
819135
819184
819238
819282
819333
819370
819410
819451
819496
819538
819587
819626
819662
819706
819757
819796
819842
819898
819949
820001
820047
820095
820141
820194
820239
820286
820337
820389
820426
820475
820506
820551
820612
820652
820700
820739
820777
820814
820865
820926
820978
821024
821062
821102
821150
821191
821236
821296
821340
821387
821433
821480
821522
821556
821601
821646
821682
821724
821771
821818
821869
821918
821947
821981
822026
822077
822118
822157
822195
822232
822262
822305
822344
822391
822430
822476
822523
822573
822619
822667
822721
822763
822813
822842
822876
822914
822957
822996
823040
823093
823141
823203
823245
823281
823326
823375
823422
823466
823516
823562
823617
823656
823698
823731
823780
823833
823875
823935
823974
824016
824070
824105
824150
824196
824238
824271
824311
824363
824397
824450
824502
824544
824592
824637
824677
824713
824756
824798
824840
824893
824935
824972
825028
825080
825126
825166
825219
825261
825296
825338
825384
825431
825477
825533
825576
825635
825681
825720
825758
825799
825840
825891
825935
825974
826022
826056
826101
826152
826199
826235
826290
826332
826375
826414
826458
826502
826551
826602
826646
826695
826732
826766
826813
826855
826888
826927
826965
827004
827050
827091
827129
827169
827201
827251
827300
827347
827381
827429
827476
827517
827556
827603
827648
827701
827748
827791
827835
827876
827919
827971
828023
828062
