2021
3912
5784
7469
9180
10669
12221
13661
15014
16280
17476
18488
19588
20579
21600
22482
23428
24281
25048
25888
26579
27190
27915
28454
28945
29403
29848
30378
30833
31215
31529
31930
32158
32463
32714
32985
33231
33504
33628
33823
33982
34101
34271
34545
34708
34901
34937
35020
35182
35243
35261
35331
35472
35466
35524
35531
35479
35513
35589
35554
35566
35554
35648
35551
35545
35536
35538
35615
35623
35529
35496
35492
35504
35404
35217
35203
35129
35149
35121
35120
34991
34908
34903
34807
34622
34346
34119
33815
33542
33294
33047
32773
32369
32006
31498
30964
30390
29695
28880
27871
26674
25458
24211
23081
22003
20974
19952
18970
17956
17006
16111
15300
14510
13763
13019
12348
11673
11080
10521
9979
9420
8937
8438
8017
7583
7166
6778
6427
6098
5767
5464
5202
4918
4648
4420
4200
3967
3753
3542
3363
3168
3003
2841
2682
2556
2401
2277
2162
2041
1931
1826
1731
1628
1540
1460
1391
1311
1239
1174
1119
1067
997
930
889
846
795
751
713
679
643
617
590
559
528
504
474
440
426
397
370
356
340
329
315
298
282
263
247
237
228
217
204
197
187
178
170
162
156
148
136
131
119
115
109
102
98
93
90
84
81
76
73
68
64
62
59
57
56
54
53
50
45
43
41
40
36
33
33
31
31
30
29
26
24
20
18
18
16
16
15
13
13
12
12
12
12
12
12
11
10
8
8
7
5
5
4
4
4
4
4
3
3
2
2
1
1
1
0
0
0
0
0
0
0
0
0
0
0
0
0
0
0
0
0
0
0
0
0
0
0
0
0
0
0
0
0
0
0
0
0
0
0
0
0
0
0
0
0
0
0
0
0
0
0
0
0
0
0
0
0
0
0
0
0
0
0
0
0
0
0
0
0
0
0
0
0
0
0
0
0
0
0
0
0
0
0
0
0
0
0
0
0
0
0
0
0
0
0
0
0
0
0
0
0
0
0
0
0
0
0
0
0
0
0
0
0
0
0
0
0
0
0
0
0
0
0
0
0
0
0
0
0
0
0
0
0
0
0
0
0
