108418
150883
156259
146327
133549
121441
111053
103013
96598
91015
86165
82511
79407
76164
73424
71088
69363
67723
66078
64380
63059
62021
61345
59903
59399
58708
58166
57472
56287
55911
55661
55281
54914
54290
54156
53041
52990
52456
52689
52077
52085
51558
51493
51695
51261
50999
50564
50774
51118
50839
50581
50234
50612
50241
50428
50428
49973
50351
49792
50058
49940
50229
50113
49648
49595
49647
49751
49557
49481
49879
49808
49979
49805
49748
49697
49876
50335
49895
49944
49940
49931
50650
50139
50539
50861
51278
51252
52281
52110
52081
52676
53263
53721
54704
55196
56270
57216
58298
59779
61628
62473
64586
66308
68476
71059
73998
76526
79099
81993
84627
87554
90234
93366
97199
100581
103068
106387
109747
112844
116226
118893
122173
125204
128369
131725
134583
138427
141510
145005
147759
150589
154004
157535
160759
163340
166440
169929
172930
175872
178155
180798
183656
186231
188651
191325
193702
196681
198685
200810
202809
204916
206817
208500
210463
212017
213851
215209
216800
218261
219835
221209
222558
224017
225064
226286
227316
228479
229595
230511
231469
232305
233134
233770
234517
235206
235827
236431
237201
237856
238460
239189
239802
240460
241005
241349
241744
242285
242852
243208
243503
243735
244009
244313
244583
244721
244898
245174
245348
245647
245886
246103
246277
246506
246752
246874
247005
247105
247322
247379
247608
247784
247905
247866
247927
248122
248260
248363
248472
248573
248601
248609
248708
248788
248833
248848
248903
248901
249003
249017
249080
249138
249230
249283
249314
249342
249375
249433
249486
249536
249528
249601
249645
249680
249719
249719
249705
249735
249757
249768
249815
249826
249857
249869
249892
249899
249923
249917
249904
249892
249912
249925
249946
249956
249956
249966
249974
249972
249969
249968
249973
249976
249982
249977
249978
249976
249977
249972
249972
249973
249970
249989
249996
249999
249999
249999
249999
250000
250000
250000
250000
250000
250000
250000
250000
250000
250000
250000
250000
250000
250000
250000
250000
250000
250000
250000
250000
250000
250000
250000
250000
250000
250000
250000
250000
250000
250000
250000
250000
250000
250000
250000
250000
250000
250000
250000
250000
250000
250000
250000
250000
250000
250000
250000
250000
250000
250000
250000
250000
250000
250000
250000
250000
250000
250000
250000
250000
250000
250000
250000
250000
250000
250000
250000
250000
250000
250000
250000
250000
250000
250000
250000
250000
250000
250000
250000
250000
250000
250000
250000
250000
250000
250000
250000
250000
250000
250000
250000
250000
250000
250000
250000
250000
250000
250000
250000
250000
250000
250000
250000
250000
250000
250000
250000
250000
250000
250000
250000
250000
250000
250000
