4741
28105
68307
116734
166873
214043
256791
294736
329354
360059
386704
410403
430939
448902
464385
477987
490649
502644
513210
521868
528794
535587
541739
546778
551405
557117
561013
564891
568326
571824
574391
577453
578692
580334
582350
584384
586141
588065
589539
590371
591647
592989
592844
593510
594840
594839
595331
595045
595656
595842
596934
597421
597916
597867
597612
598224
598000
598530
598460
598473
599326
598296
599149
599043
599293
599055
599481
599224
599041
599440
599379
599273
599965
599839
599945
599289
598896
598810
598286
597638
597173
597774
597985
598153
598671
597689
597945
597727
597005
596613
595757
595660
594039
593343
592328
590675
588697
587394
584958
583186
579042
576115
571777
567732
562467
556596
550571
544416
537066
530308
522936
515221
507220
499674
491634
482777
473431
464121
455282
445818
436469
427390
417908
408000
398639
388937
378180
368686
359185
349040
339677
329777
319837
310275
300905
291867
281795
272407
263762
255058
246450
238345
230177
222270
214701
207614
200482
192860
185823
179126
172308
165578
158859
152539
145827
140060
134202
128985
123376
118437
113518
108993
104201
99395
94616
90245
85872
81770
77876
73968
70286
67304
63963
60751
57537
54242
51508
48662
45969
43479
41182
39159
36915
35005
33168
31393
29749
28175
26637
25129
23720
22186
20784
19553
18441
17479
16493
15543
14642
13807
13089
12471
11840
11240
10669
10301
9841
9397
9042
8579
8184
7830
7506
7155
6799
6462
6014
5622
5339
5080
4752
4450
4202
3935
3742
3530
3346
3179
2987
2805
2627
2502
2387
2271
2118
1965
1832
1656
1524
1456
1379
1276
1241
1172
1132
1079
1017
978
969
937
893
851
837
782
735
723
689
656
618
560
534
510
488
464
441
411
383
366
346
321
309
279
267
241
218
203
199
203
173
158
146
135
132
118
110
102
100
95
102
104
102
91
95
96
97
88
92
96
90
84
82
88
83
85
83
83
90
91
85
88
96
91
92
98
86
67
54
49
42
34
28
20
19
18
17
15
13
12
8
6
6
6
6
5
4
4
4
3
1
1
1
0
0
0
0
0
0
0
0
0
0
0
0
0
0
0
0
0
0
0
0
0
0
0
0
0
0
0
0
0
0
0
0
0
0
0
0
0
0
0
0
0
0
0
0
0
0
0
0
0
0
0
0
0
0
0
0
0
0
0
