4959
29150
70124
118957
168906
215693
258839
297205
331113
360966
387882
411051
431356
449976
464786
478378
490401
502780
511572
520589
528252
534807
540521
546712
552095
557450
560580
564092
567022
570582
573429
576196
577869
579641
582082
583555
584986
586780
587341
588518
589349
591109
591795
593169
593481
594271
594796
596549
597134
597481
597409
597761
598542
598501
598553
599135
599130
598945
599454
598781
598501
598974
598618
598122
597465
598076
598600
599349
598964
599943
599192
599259
598873
599034
598738
598620
599093
599160
598657
597638
597350
596946
596303
595968
596409
595496
595017
594870
594634
593478
592418
591502
590599
589718
587809
584954
582459
579524
576047
572330
567132
561907
557087
551730
545344
539755
532813
525933
519348
512192
504449
496452
488486
480855
472845
463834
454850
445755
436815
426851
417411
407838
398231
388135
378965
369058
359264
350035
340871
331723
322829
313901
304345
294771
286174
277336
268356
259706
250786
243087
235027
227121
219331
212264
204698
196978
189341
181877
175340
168385
161824
155350
149181
142532
136422
130677
124894
119931
114746
109617
105251
100441
95578
91579
87532
83637
80018
76406
73100
69664
66427
63159
60178
57348
54683
51884
49359
46981
44680
42429
40067
38132
36331
34637
33213
31730
30187
28610
27181
25853
24696
23270
22232
21138
20049
19063
18056
17280
16522
15755
15067
14443
13774
13166
12311
11751
11382
11001
10578
10100
9801
9350
8957
8609
8164
7707
7260
6840
6458
6127
5752
5479
5238
5058
4802
4473
4222
3958
3688
3441
3271
3073
2818
2622
2422
2225
2041
1883
1791
1685
1602
1514
1435
1374
1318
1231
1157
1088
1031
991
983
946
907
875
848
787
743
703
663
653
628
606
570
546
521
489
488
455
425
411
378
377
365
348
369
366
363
353
309
288
257
236
220
206
207
196
202
192
192
181
151
126
101
82
69
55
51
42
37
32
25
20
17
15
14
12
8
7
6
5
4
4
3
2
1
1
1
1
1
1
1
1
1
1
1
1
1
1
1
1
1
1
0
0
0
0
0
0
0
0
0
0
0
0
0
0
0
0
0
0
0
0
0
0
0
0
0
0
0
0
0
0
0
0
0
0
0
0
0
0
0
0
0
0
0
0
0
0
0
0
0
0
0
0
0
0
0
0
0
0
0
0
0
0
0
0
0
0
0
0
