16
42
62
76
102
126
143
173
197
215
240
256
285
314
331
349
373
387
413
429
445
466
477
502
526
547
567
587
604
628
642
658
676
689
706
736
760
784
803
822
847
869
895
913
938
959
981
1001
1025
1040
1057
1082
1098
1118
1138
1162
1177
1197
1220
1244
1261
1281
1302
1332
1350
1371
1393
1416
1435
1456
1483
1502
1524
1545
1565
1590
1604
1622
1648
1671
1692
1713
1738
1768
1791
1822
1841
1857
1879
1900
1922
1944
1957
1973
1995
2012
2035
2062
2081
2106
2141
2172
2204
2224
2251
2276
2305
2331
2357
2381
2400
2419
2438
2457
2475
2490
2510
2526
2547
2576
2598
2621
2634
2653
2671
2693
2717
2735
2766
2787
2802
2826
2852
2875
2896
2912
2941
2963
2987
3016
3032
3055
3072
3095
3118
3140
3163
3186
3211
3233
3267
3297
3323
3346
3370
3384
3408
3430
3444
3469
3484
3511
3531
3551
3568
3587
3600
3632
3653
3674
3699
3714
3738
3762
3787
3812
3834
3846
3866
3887
3902
3928
3946
3974
3997
4025
4051
4071
4094
4118
4139
4151
4174
4200
4222
4242
4265
4289
4309
4324
4348
4370
4386
4400
4427
4452
4480
4489
4504
4528
4551
4575
4592
4607
4622
4638
4657
4676
4698
4720
4741
4763
4782
4802
4818
4848
4865
4879
4897
4921
4945
4963
4984
5010
5028
5054
5073
5094
5113
5135
5161
5184
5200
5225
5240
5257
5276
5290
5308
5333
5367
5388
5407
5427
5448
5476
5494
5516
5538
5559
5584
5607
5626
5654
5681
5699
5739
5761
5792
5814
5838
5855
5874
5892
5910
5929
5943
5970
5991
6015
6037
6069
6091
6113
6131
6154
6173
6191
6213
6232
6243
6266
6280
6306
6327
6351
6371
6398
6412
6443
6470
6491
6526
6553
6582
6603
6622
6653
6675
6701
6719
6733
6761
6786
6810
6830
6852
6868
6892
6912
6932
6958
6980
7000
7020
7040
7055
7078
7103
7133
7163
7184
7202
7219
7241
7268
7295
7315
7343
7375
7397
7422
7442
7463
7487
7512
7528
7543
7561
7579
7600
7619
7642
7654
7672
7690
7710
7743
7761
7775
7799
7826
7850
7875
7895
7915
7929
7950
7973
7998
8015
8030
8058
8078
8099
8121
8136
8157
8175
8198
8218
8242
8257
8283
8305
8323
8348
8367
8399
8423
8447
8467
8490
8514
8539
8556
8575
8591
8610
8640
