0
0
0
2
2
6
6
6
6
6
9
11
15
16
18
22
25
27
30
32
38
40
43
47
59
63
70
74
89
95
98
99
103
107
115
122
128
129
140
151
153
163
168
167
174
178
183
194
202
202
207
209
212
209
218
224
220
218
220
218
220
234
240
240
240
242
247
255
260
264
261
265
269
275
282
287
291
287
279
276
280
283
280
286
297
303
291
291
288
290
289
286
291
289
288
290
285
278
275
283
281
271
270
274
276
271
270
273
275
276
269
267
267
254
252
250
247
245
246
238
235
236
232
229
229
224
221
215
212
208
202
195
190
187
191
184
181
179
167
166
167
165
163
164
158
152
148
145
141
137
138
135
135
131
127
124
123
120
118
115
112
107
105
106
105
103
106
102
99
94
91
88
83
80
80
77
75
71
68
67
67
62
58
57
55
53
53
54
54
52
52
51
50
48
46
46
45
41
42
41
40
40
40
38
37
35
34
31
32
31
30
30
28
27
26
26
26
26
26
25
25
24
24
24
23
21
19
19
17
17
17
17
18
18
17
17
17
17
16
16
15
15
15
15
14
14
14
14
14
14
14
13
13
13
12
12
12
11
11
11
11
11
11
11
11
11
10
10
10
10
10
10
9
9
9
9
9
9
9
9
9
8
8
8
8
8
8
7
7
7
7
7
6
6
6
6
6
6
5
5
4
4
4
4
4
4
4
4
4
3
3
3
3
3
3
3
3
3
3
2
2
2
2
2
2
2
2
2
2
2
2
2
2
2
2
2
2
2
2
2
2
2
2
2
2
2
2
2
2
2
2
2
2
2
2
2
2
2
2
2
2
2
2
2
2
2
2
2
2
2
2
2
2
2
2
1
1
1
1
1
1
1
1
1
1
1
0
0
0
0
0
0
0
0
0
0
0
0
0
0
