10
18
28
37
47
60
70
82
96
106
115
123
131
143
156
163
177
188
196
205
203
214
220
230
234
236
233
241
234
234
240
246
260
270
269
271
274
276
267
262
259
259
259
261
263
260
253
253
252
256
263
266
271
279
278
277
284
292
293
297
305
301
300
304
312
313
315
311
306
310
314
315
314
309
302
299
300
298
304
304
310
305
306
301
293
302
304
304
307
310
317
316
316
321
325
327
330
333
342
347
347
358
354
352
355
367
369
367
373
374
376
372
371
380
392
400
405
412
413
421
434
438
442
452
463
469
479
488
501
508
516
522
533
538
551
558
564
573
584
591
597
600
612
617
631
636
643
650
659
669
680
691
705
714
717
731
740
756
768
774
783
788
797
811
821
832
839
850
859
869
874
884
893
904
916
928
943
956
966
976
994
1002
1021
1027
1035
1050
1054
1061
1073
1081
1092
1095
1106
1111
1117
1129
1142
1148
1158
1167
1180
1195
1204
1213
1226
1236
1248
1258
1267
1281
1291
1302
1312
1325
1336
1347
1359
1371
1379
1389
1402
1412
1420
1430
1439
1443
1451
1461
1472
1483
1492
1502
1514
1524
1534
1540
1552
1567
1577
1590
1599
1612
1627
1637
1652
1660
1672
1684
1692
1702
1709
1717
1731
1740
1749
1764
1776
1788
1798
1807
1823
1830
1844
1854
1861
1874
1883
1894
1909
1916
1928
1938
1948
1953
1962
1971
1990
1995
2005
2016
2032
2044
2058
2072
2082
2093
2107
2115
2122
2132
2137
2145
2152
2163
2170
2183
2197
2201
2209
2229
2235
2243
2252
2263
2272
2285
2304
2311
2325
2336
2347
2357
2365
2376
2386
2399
2411
2422
2432
2444
2451
2462
2473
2484
2493
2506
2516
2524
2540
2550
2559
2572
2579
2588
2596
2604
2612
2621
2636
2649
2655
2666
2677
2684
2697
2709
2724
2733
2741
2756
2765
2771
2787
2795
2805
2814
2825
2837
2847
2856
2869
2881
2893
2900
2912
2925
2932
2938
2944
2956
2967
2973
2986
2998
3013
3021
3032
3043
3055
3072
3085
3096
3107
3119
3131
3139
3148
3155
3170
3180
3185
3193
3209
3212
3230
3238
3254
3259
3269
3278
