11
20
25
42
48
56
64
78
87
97
105
124
135
141
153
168
176
182
177
185
198
209
212
221
219
230
227
228
234
232
233
237
240
247
247
242
247
255
250
244
241
247
252
260
262
260
262
270
266
263
266
267
259
263
268
270
264
269
266
271
267
266
262
260
263
263
267
270
279
284
290
290
304
319
315
322
320
321
317
320
323
323
322
320
319
318
319
311
317
316
320
319
317
321
320
322
325
317
313
311
315
319
313
320
320
322
329
334
335
340
342
345
349
352
359
359
367
370
374
377
385
396
401
412
410
415
421
428
440
449
459
467
476
484
493
505
517
522
528
537
548
557
564
570
581
594
609
616
620
629
638
648
658
663
679
689
698
712
720
730
735
743
744
755
766
770
784
799
805
812
824
837
850
857
867
879
888
899
912
927
938
948
958
963
973
977
991
1004
1015
1025
1039
1048
1059
1074
1082
1093
1104
1113
1127
1142
1157
1167
1177
1189
1196
1205
1215
1228
1233
1241
1262
1270
1278
1288
1293
1299
1311
1324
1330
1342
1350
1359
1365
1375
1387
1403
1413
1428
1434
1439
1451
1455
1469
1489
1501
1520
1528
1534
1544
1554
1564
1572
1579
1590
1603
1613
1625
1635
1644
1656
1665
1675
1683
1690
1700
1715
1732
1744
1763
1780
1789
1797
1806
1817
1828
1839
1852
1866
1877
1890
1903
1916
1929
1941
1956
1966
1981
1988
1996
2015
2021
2031
2040
2050
2061
2070
2081
2092
2102
2108
2120
2132
2145
2154
2163
2175
2186
2196
2205
2217
2219
2235
2244
2254
2269
2281
2291
2304
2316
2330
2342
2355
2371
2385
2399
2417
2425
2438
2448
2457
2465
2477
2492
2503
2515
2528
2537
2542
2555
2565
2578
2590
2598
2609
2628
2635
2645
2656
2665
2675
2682
2689
2698
2704
2714
2731
2739
2746
2764
2777
2793
2809
2819
2827
2836
2851
2862
2871
2882
2893
2903
2911
2926
2937
2946
2958
2967
2974
2987
2998
3004
3015
3028
3037
3046
3058
3066
3079
3096
3106
3114
3121
3131
3146
3161
3176
3190
3195
3206
3215
3226
3232
3240
3248
3258
3272
3285
3297
3303
3313
