628
768
957
1165
1402
1729
2092
2499
3042
3711
4389
5212
6159
7301
8563
10008
11630
13608
15693
18074
20631
23508
26521
29888
33496
37203
41003
45090
49496
53991
58509
63200
67871
71945
75891
79587
83074
86156
89198
91391
93268
94796
95931
96227
96561
96027
94746
92942
90507
87697
84872
81248
77510
73487
69737
65464
61225
56903
52456
48274
44279
40139
36164
32495
29019
25687
22614
19875
17294
15120
13030
11300
9625
8251
7103
5969
5018
4131
3396
2807
2350
1905
1541
1288
1066
915
750
555
436
359
280
202
162
126
90
74
46
31
27
24
16
14
7
6
5
3
2
0
0
0
0
0
0
0
0
0
0
0
0
0
0
0
0
0
0
0
0
0
0
0
0
0
0
0
0
0
0
0
0
0
0
0
0
0
0
0
0
0
0
0
0
0
0
0
0
0
0
0
0
0
0
0
0
0
0
0
0
0
0
0
0
0
0
0
0
0
0
0
0
0
0
0
0
0
0
0
0
0
0
0
0
0
0
0
0
0
0
0
0
0
0
0
0
0
0
0
0
0
0
0
0
0
0
0
0
0
0
0
0
0
0
0
0
0
0
0
0
0
0
0
0
0
0
0
0
0
0
0
0
0
0
0
0
0
0
0
0
0
0
0
0
0
0
0
0
0
0
0
0
0
0
0
0
0
0
0
0
0
0
0
0
0
0
0
0
0
0
0
0
0
0
0
0
0
0
0
0
0
0
0
0
0
0
0
0
0
0
0
0
0
0
0
0
0
0
0
0
0
0
0
0
0
0
0
0
0
0
0
0
0
0
0
0
0
0
0
0
0
0
0
0
0
0
0
0
0
0
0
0
0
0
0
0
0
0
0
0
0
0
0
0
0
0
0
0
0
0
0
0
0
0
0
0
0
0
0
0
0
0
0
0
0
0
0
0
0
0
0
0
0
0
0
0
0
0
0
0
0
0
0
0
0
0
0
0
0
0
0
0
0
