616
750
937
1139
1393
1712
2072
2502
3040
3656
4368
5206
6281
7449
8775
10311
11911
13774
15972
18630
21283
24217
27421
30836
34377
38136
42161
46334
50972
55384
59881
64277
68983
73123
77061
80842
84047
87101
89949
92067
93698
95118
95929
96038
95532
94408
92824
90816
88176
85367
82327
78593
75026
71433
67458
63406
59130
54916
50643
46536
42473
38540
34576
30882
27672
24474
21670
18946
16687
14556
12595
10838
9285
8026
6859
5689
4896
4028
3292
2756
2253
1855
1528
1246
998
772
591
477
364
295
197
152
104
84
74
59
52
43
32
34
26
16
17
11
7
3
5
5
4
4
4
1
0
0
0
0
0
0
0
0
0
0
0
0
0
0
0
0
0
0
0
0
0
0
0
0
0
0
0
0
0
0
0
0
0
0
0
0
0
0
0
0
0
0
0
0
0
0
0
0
0
0
0
0
0
0
0
0
0
0
0
0
0
0
0
0
0
0
0
0
0
0
0
0
0
0
0
0
0
0
0
0
0
0
0
0
0
0
0
0
0
0
0
0
0
0
0
0
0
0
0
0
0
0
0
0
0
0
0
0
0
0
0
0
0
0
0
0
0
0
0
0
0
0
0
0
0
0
0
0
0
0
0
0
0
0
0
0
0
0
0
0
0
0
0
0
0
0
0
0
0
0
0
0
0
0
0
0
0
0
0
0
0
0
0
0
0
0
0
0
0
0
0
0
0
0
0
0
0
0
0
0
0
0
0
0
0
0
0
0
0
0
0
0
0
0
0
0
0
0
0
0
0
0
0
0
0
0
0
0
0
0
0
0
0
0
0
0
0
0
0
0
0
0
0
0
0
0
0
0
0
0
0
0
0
0
0
0
0
0
0
0
0
0
0
0
0
0
0
0
0
0
0
0
0
0
0
0
0
0
0
0
0
0
0
0
0
0
0
0
0
0
0
0
0
0
0
0
0
0
0
0
0
0
0
0
0
0
0
0
