0
4
10
20
26
39
43
56
76
86
103
122
139
151
165
177
189
204
211
227
237
253
274
283
291
301
315
324
335
348
364
380
386
410
424
445
460
464
484
498
515
527
538
552
564
578
587
599
617
623
627
641
657
658
676
691
701
714
722
736
739
748
764
775
786
794
812
820
830
842
856
867
873
881
893
910
922
929
948
958
967
980
995
998
1018
1031
1046
1057
1070
1088
1105
1116
1124
1139
1146
1154
1167
1174
1199
1211
1225
1226
1235
1240
1249
1256
1268
1276
1282
1284
1286
1296
1304
1315
1319
1331
1336
1348
1344
1355
1363
1374
1381
1388
1401
1398
1410
1416
1425
1426
1430
1432
1443
1454
1463
1470
1480
1492
1496
1498
1508
1516
1524
1528
1533
1539
1547
1555
1560
1567
1565
1570
1572
1571
1570
1570
1574
1579
1588
1593
1593
1602
1601
1603
1612
1622
1622
1635
1643
1649
1664
1669
1669
1673
1684
1690
1696
1698
1707
1715
1725
1729
1740
1744
1747
1745
1747
1752
1761
1764
1762
1768
1770
1774
1783
1785
1787
1791
1797
1802
1803
1803
1806
1812
1817
1818
1818
1826
1831
1838
1842
1844
1849
1855
1858
1861
1865
1862
1858
1860
1857
1865
1871
1873
1879
1877
1874
1878
1884
1876
1871
1873
1880
1884
1877
1878
1875
1880
1896
1896
1898
1896
1893
1894
1899
1910
1909
1910
1913
1914
1917
1916
1920
1921
1918
1923
1931
1939
1938
1943
1952
1952
1956
1958
1966
1964
1963
1966
1967
1966
1968
1968
1973
1974
1975
1976
1984
1983
1997
1999
2011
2012
2008
2005
2002
2005
2005
2011
2016
2019
2016
2018
2011
2013
2017
2017
2018
2026
2030
2032
2039
2041
2046
2046
2057
2062
2067
2071
2080
2078
2085
2086
2084
2096
2103
2106
2120
2117
2117
2124
2134
2131
2136
2141
2142
2142
2147
2137
2135
2136
2134
2135
2137
2133
2134
2131
2138
2145
2145
2148
2148
2151
2163
2164
2166
2171
2176
2171
2173
2179
2171
2170
2168
2175
2181
2181
2191
2202
2204
2200
2202
2209
2217
2225
2227
2231
2233
2236
2240
2246
2244
2246
2246
2252
2259
2261
2262
2264
2267
2265
2268
2271
2280
2288
2294
2297
2298
2301
2300
2304
2308
2308
2315
2327
2328
2336
2321
2316
2323
2327
2322
2324
2329
2326
2328
2321
2321
2332
2331
2340
2344
2349
2347
2341
2346
2355
2350
2352
2354
2359
2361
2360
2370
2372
2379
2382
2384
2386
2388
2388
2386
2390
2395
2399
2396
2396
2392
2393
2402
2401
2408
2416
2417
2427
2420
2420
2421
2425
2426
2421
2423
2421
2416
2423
2430
2428
2420
2418
2422
2426
2428
2434
2447
2447
2443
2444
2447
2451
2458
2454
2455
2451
2454
2440
2435
2434
2429
2432
2425
2425
2430
2423
2421
2419
2416
2415
2415
2413
2417
2421
2420
2420
2418
2410
2409
2405
2402
2399
2398
2399
2393
2392
2388
2393
2387
2384
2378
2378
2379
2376
2374
2370
2361
2361
2358
2355
2352
2349
2345
2337
2329
2325
2325
2322
2309
2301
2295
2291
2286
2283
2277
2268
2255
2250
2247
2240
2233
2227
2220
2206
2199
2193
2183
2173
2165
2157
2148
2140
2136
2134
2118
2112
2102
2100
2087
2085
2071
2066
2054
2042
2034
2027
2025
2020
2007
1994
1987
1975
1971
1963
1957
1945
1933
1927
1920
1913
1906
1899
1895
1886
1875
1872
1868
1861
1854
1843
1838
1832
1828
1818
1811
1803
1800
1792
1786
1780
1770
1763
1749
1741
