0
4
8
15
22
33
51
60
67
78
102
108
125
144
161
172
191
207
218
231
251
268
275
287
303
314
325
337
346
362
377
392
398
403
411
428
434
442
450
471
483
502
521
530
541
555
566
578
597
612
625
636
650
661
670
679
692
703
723
736
747
762
772
787
794
806
816
824
826
832
845
859
868
875
884
893
907
920
932
942
955
971
979
982
994
999
1015
1025
1040
1047
1059
1071
1080
1092
1100
1104
1113
1120
1134
1141
1151
1159
1172
1178
1184
1189
1198
1209
1215
1212
1216
1224
1234
1244
1257
1263
1275
1284
1294
1289
1296
1310
1311
1321
1325
1341
1341
1347
1353
1356
1366
1374
1380
1390
1394
1402
1402
1406
1413
1422
1429
1435
1437
1437
1444
1447
1444
1449
1458
1466
1475
1484
1495
1501
1506
1506
1508
1510
1513
1524
1529
1535
1539
1541
1544
1545
1549
1559
1560
1564
1571
1575
1591
1597
1600
1607
1614
1621
1619
1619
1619
1622
1629
1633
1646
1651
1656
1659
1657
1669
1679
1691
1700
1706
1705
1717
1719
1720
1724
1719
1721
1721
1726
1720
1725
1735
1734
1738
1740
1741
1754
1757
1754
1754
1766
1767
1768
1764
1769
1770
1776
1786
1789
1798
1806
1810
1813
1821
1823
1824
1827
1831
1835
1833
1836
1841
1848
1851
1859
1859
1858
1869
1863
1867
1867
1867
1872
1873
1876
1877
1872
1884
1883
1886
1894
1894
1897
1910
1913
1913
1924
1933
1934
1940
1939
1943
1947
1954
1958
1963
1972
1978
1984
1990
1995
1996
1998
1994
1995
1996
2001
1998
1997
2001
2004
2007
2012
2009
2013
2015
2010
2014
2016
2018
2015
2013
2004
2009
2026
2036
2037
2040
2047
2052
2061
2061
2056
2056
2058
2070
2075
2080
2088
2096
2099
2104
2108
2115
2119
2123
2129
2146
2143
2147
2145
2150
2155
2150
2151
2153
2156
2161
2166
2163
2171
2169
2171
2177
2174
2173
2173
2181
2178
2181
2183
2184
2184
2183
2187
2195
2211
2211
2214
2219
2220
2223
2223
2226
2223
2226
2228
2226
2228
2233
2226
2220
2222
2228
2230
2228
2226
2223
2219
2222
2221
2227
2226
2236
2244
2242
2248
2248
2247
2255
2254
2254
2257
2256
2264
2265
2271
2274
2277
2274
2280
2286
2282
2286
2287
2282
2289
2293
2298
2291
2297
2301
2301
2304
2312
2301
2310
2316
2317
2322
2319
2328
2337
2332
2331
2326
2336
2337
2337
2338
2340
2354
2349
2354
2359
2361
2360
2367
2371
2368
2361
2364
2367
2365
2370
2373
2380
2376
2380
2379
2378
2385
2384
2386
2387
2389
2392
2384
2377
2373
2377
2374
2376
2395
2394
2394
2392
2387
2387
2386
2397
2390
2385
2382
2381
2384
2382
2389
2384
2381
2386
2388
2383
2383
2383
2384
2385
2384
2385
2391
2391
2387
2386
2379
2386
2387
2381
2385
2380
2383
2380
2378
2379
2388
2381
2385
2382
2378
2377
2377
2375
2378
2375
2371
2371
2370
2370
2370
2370
2365
2361
2358
2359
2355
2359
2359
2356
2357
2353
2352
2340
2342
2335
2333
2322
2314
2310
2304
2301
2292
2290
2283
2274
2274
2270
2259
2253
2248
2247
2244
2240
2237
2229
2227
2221
2215
2207
2203
2187
2179
2178
2171
2167
2153
2149
2138
2129
2119
2104
2094
2089
2085
2078
2073
2063
2053
2053
2050
2043
2037
2033
2030
2029
2024
2019
2008
2003
2000
1987
1976
1967
1960
1953
1945
1933
1925
1923
1913
1904
1898
1887
1880
1875
1869
1857
1853
