959738
921017
883848
847874
813234
780268
748069
717204
687432
658781
631262
604770
579300
555351
531826
509503
487930
467237
447331
428529
410527
393152
376548
360633
345412
330631
316727
303464
290663
278410
266595
255479
244828
234433
224576
215227
206163
197575
189376
181445
173826
166672
159805
153187
146733
140573
134861
129312
123876
118844
114122
109400
104944
100657
96530
92567
88731
85149
81568
78337
75248
72268
69422
66578
63911
61462
58915
56572
54420
52337
50224
48330
46485
44679
42991
41396
39920
38451
36990
35685
34366
33122
31932
30841
29770
28778
27736
26767
25853
24964
24135
23304
22537
21745
21024
20399
19708
19030
18438
17937
17375
16915
16462
16000
15566
15157
14794
14430
14053
13647
13330
12963
12638
12301
12013
11740
11458
11188
10910
10660
10438
10206
9992
9820
9633
9486
9369
9176
8985
8896
8775
8634
8471
8318
8210
8098
8010
7894
7807
7699
7634
7507
7426
7342
7255
7146
7073
7038
7015
6956
6899
6845
6799
6764
6721
6660
6581
6491
6461
6471
6449
6415
6372
6327
6288
6300
6222
6198
6155
6159
6126
6129
6099
6114
6102
6070
6064
6038
6018
6026
6046
6006
5981
5982
6002
5982
5965
5941
5909
5905
5886
5878
5868
5841
5808
5838
5835
5846
5793
5806
5832
5810
5831
5867
5850
5843
5834
5806
5778
5757
5712
5691
5637
5623
5595
5600
5594
5599
5566
5563
5555
5562
5560
5588
5617
5601
5618
5683
5696
5723
5700
5689
5682
5699
5710
5727
5728
5707
5700
5698
5701
5615
5632
5614
5602
5641
5641
5647
5651
5655
5645
5636
5592
5618
5592
5627
5617
5639
5676
5692
5692
5715
5686
5658
5641
5674
5674
5679
5679
5691
5680
5671
5687
5664
5642
5617
5622
5599
5571
5554
5575
5615
5626
5607
5630
5626
5672
5652
5647
5668
5641
5665
5636
5663
5652
5628
5625
5626
5623
5593
5600
5590
5631
5632
5654
5685
5694
5712
5677
5668
5632
5660
5651
5640
5663
5672
5688
5650
5621
5610
5598
5611
5632
5641
5629
5614
5608
5627
5643
5673
5658
5675
5662
5652
5628
5662
5687
5693
5689
5691
5671
5670
5678
5723
5750
5789
5810
5807
5838
5839
5777
5769
5805
5821
5826
5836
5810
5785
5801
5772
5740
5755
5749
5772
5786
5759
5761
5749
5773
5792
5777
5797
5795
5811
5788
5758
5725
5730
5735
5762
5774
5769
5756
5770
5789
5791
5786
5773
5738
5780
5782
5782
5777
5717
5704
5726
5732
5752
5774
5774
5770
5750
5775
5784
5771
5758
5778
5751
5735
5766
5821
5841
5850
5900
5901
5930
5992
5995
6029
5976
5993
6036
6049
6052
6071
6087
6052
6059
6046
6046
6044
6050
6077
6086
6115
6120
6116
6132
6088
6098
6110
6092
6115
6070
6106
6136
6169
6202
6184
6201
6221
6262
6302
6314
6346
6379
6407
6444
6439
6479
6550
6580
6628
6691
6738
6765
6777
6854
6875
6915
6977
6992
7070
7126
7141
7186
7215
7245
7327
7367
7414
7487
7588
7631
7684
7759
7835
7941
8077
8189
8282
8424
8553
8663
8780
8926
9036
9174
9292
9388
9466
9584
9674
9748
9861
9997
10085
10202
10319
10412
10480
10592
10684
10803
10901
11014
11135
11258
11383
11496
11589
11691
11809
11968
12128
12298
12478
12625
12801
12955
13117
13248
13389
13556
13712
13874
14024
14156
14326
14481
14624
14721
14855
15003
15138
15296
15445
15558
15719
15899
16049
16200
16398
16600
16830
17027
17240
17431
17620
17805
17989
18143
18311
18455
18602
18708
18798
18884
19019
19186
19339
19448
19613
19733
19816
19885
19950
19988
20016
20044
20085
20079
20089
20141
20211
20206
20289
20352
20443
20514
20652
20790
20903
21007
21177
21321
21467
21604
21773
21949
