38702
74280
106181
135663
162352
186433
207904
227339
244607
259741
272749
284484
294503
302941
310063
315702
319999
323400
325814
327221
327792
327621
327061
325266
323141
320545
317534
313678
310097
305846
301519
296719
291686
286750
281780
276061
270654
265196
259675
254006
248200
242614
236838
231028
225038
219427
213721
208069
202508
197116
191797
186537
181320
176239
171266
166393
161607
156732
152077
147311
142946
138659
134181
130051
125952
122094
118283
114496
111007
107433
104034
100713
97423
94400
91307
88420
85539
82774
79980
77514
75018
72440
69979
67581
65399
63222
61126
59156
57041
55156
53283
51548
49831
48217
46540
44950
43529
42127
40787
39386
38120
36831
35594
34361
33189
32078
30978
29937
28964
28122
27201
26410
25616
24838
24026
23239
22567
21815
21146
20472
19850
19234
18653
18088
17575
17084
16575
16122
15718
15289
14867
14492
14130
13800
13422
13082
12712
12355
12070
11802
11510
11192
10886
10666
10465
10245
10024
9789
9584
9400
9146
8971
8786
8612
8411
8270
8083
7925
7785
7665
7509
7430
7349
7264
7223
7128
7034
6919
6802
6696
6560
6498
6385
6301
6243
6103
6024
5939
5851
5806
5755
5725
5680
5593
5587
5554
5526
5470
5425
5373
5324
5319
5305
5278
5218
5187
5175
5136
5101
5063
5022
5055
5049
5058
5001
5000
5008
5006
4992
4992
4992
4979
4943
4906
4869
4840
4818
4831
4810
4776
4752
4753
4780
4739
4749
4754
4777
4774
4740
4712
4697
4700
4721
4709
4723
4730
4720
4702
4716
4713
4726
4686
4689
4693
4700
4649
4642
4663
4676
4695
4692
4660
4681
4660
4640
4663
4661
4637
4649
4637
4638
4624
4602
4637
4647
4647
4682
4675
4694
4701
4712
4675
4631
4637
4621
4625
4594
4597
4584
4602
4637
4628
4603
4566
4562
4539
4516
4484
4469
4529
4533
4509
4514
4498
4523
4506
4516
4505
4473
4476
4454
4458
4470
4444
4419
4403
4422
4465
4477
4511
4478
4479
4460
4465
4441
4426
4405
4384
4338
4329
4304
4273
4253
4224
4189
4169
4188
4177
4162
4149
4133
4117
4097
4078
4084
4058
4004
3965
3949
3886
3839
3825
3796
3781
3756
3731
3686
3645
3647
3622
3562
3554
3505
3479
3436
3394
3345
3304
3291
3231
3160
3123
3113
3031
2948
2860
2791
2755
2726
2700
2687
2656
2631
2641
2641
2617
2598
2568
2570
2567
2578
2574
2614
2606
2597
2555
2515
2473
2479
2488
2474
2443
2398
2333
2253
2184
2109
2032
1950
1894
1833
1800
1741
1712
1670
1650
1633
1607
1584
1572
1542
1522
1514
1486
1462
1460
1438
1419
1358
1281
1214
1145
1081
1031
969
902
851
806
777
737
699
660
622
589
558
533
510
489
465
427
406
377
353
336
320
309
296
280
267
253
235
223
213
205
190
181
173
162
153
145
132
125
118
114
106
100
94
91
90
85
83
78
72
66
65
62
58
57
56
48
47
44
39
37
36
35
35
30
28
28
28
26
23
21
21
20
20
19
18
18
17
14
13
12
12
11
11
9
8
8
8
8
8
6
6
6
5
5
4
4
4
4
4
4
4
4
4
4
4
4
4
4
4
4
4
4
4
4
4
4
4
4
4
4
4
4
4
4
4
4
4
4
4
3
3
3
3
3
2
2
2
2
2
1
1
1
1
1
1
1
1
1
1
1
1
1
1
1
1
1
1
1
1
1
1
1
1
1
1
1
1
1
1
1
1
1
1
0
0
0
