6840
3540
2304
1832
1553
1432
1341
1160
1082
1095
1061
1060
1044
1056
1057
1001
1107
1115
1090
1088
1090
1139
1154
1180
1131
1219
1163
1300
1328
1375
1423
1507
1572
1603
1666
1671
1756
1862
1951
1951
1990
2183
2142
2264
2407
2386
2538
2607
2725
2850
3000
3069
3263
3412
3518
3631
3918
3921
4063
4130
4449
4554
4765
4964
5164
5494
5602
5798
6144
6300
6387
6820
7128
7291
7676
7965
8226
8666
8831
9082
9645
9767
10302
10548
11001
11280
11848
12307
12754
13093
13742
14197
14398
14976
15389
16093
16687
17169
17865
18234
18898
19480
20132
20745
21302
21878
22566
22923
23775
24701
25540
26049
26692
27371
27837
28618
29219
30020
30798
31198
32102
32840
33364
34046
35259
35782
36518
37214
37860
38538
39427
39903
40587
41644
42361
43068
43871
44649
45028
45556
46245
46578
47131
47691
48406
49091
49778
50646
51176
51895
52349
52818
53545
54283
54392
54614
55026
55230
55763
56384
57020
57384
58005
58482
58872
59395
59692
59826
60375
60218
60692
60766
60933
61421
61959
62331
62710
63369
63744
64273
64379
64609
65097
65433
65587
65700
65837
66254
66236
66564
67276
67443
67767
67935
67887
68014
67909
67795
67641
67350
67242
67117
67035
67126
67064
67101
67064
67014
67361
67733
67628
67569
67485
67584
67688
67766
67868
67972
68532
68638
68918
69075
69008
69033
69121
69205
69235
69276
69280
69486
69772
69672
69486
69403
69221
69129
68950
68776
68914
68957
69006
69021
69356
69335
69422
69694
69912
69940
69873
69799
69708
69723
69669
69372
69333
69401
69494
69597
69821
70052
70109
70095
69712
69743
69391
69442
69193
69078
69170
69050
68794
68970
69003
68956
69264
69236
69626
69522
69603
69576
69532
69889
70089
69889
70086
70157
69893
69611
69446
69505
69480
69148
69232
69348
69602
69703
69582
69709
69654
69554
69483
69590
69900
69845
70109
70250
70746
70943
70823
70881
70656
70148
69803
69700
69737
69883
70113
70448
70565
70939
70946
71344
71444
71345
71621
71373
71276
71256
71200
71185
71080
71196
71085
70733
70543
70261
70018
69637
69249
68946
68506
68152
67534
67425
67560
67302
67380
67516
67368
67531
68042
68091
68031
68284
68635
68806
68984
69022
69170
69246
69402
69623
69663
69869
70148
70524
70562
70573
70452
70406
70185
69943
69901
69884
69631
69658
69651
69795
69674
69851
69799
69889
69812
69669
69415
69606
69658
69837
69984
69951
69711
69283
69175
69298
68897
68944
69026
68962
68702
68937
69181
69229
69290
69247
69420
69294
69142
68947
68782
68636
68382
68439
68502
68572
68374
68193
68219
68222
68268
68717
68812
69057
69246
69381
69439
69737
69885
70011
70012
70161
70548
70488
70456
70710
70626
70743
71075
71150
71158
71284
71840
71806
72202
72317
72257
71913
72054
72438
72406
72551
72741
72774
73130
73442
73568
73752
73968
74157
74564
74947
75088
75353
75591
75860
76212
76357
76261
76756
77085
77669
78074
78271
78805
79324
79703
80403
81111
81709
82247
83153
83944
84776
85260
85830
86225
86916
86959
87141
87638
87736
88609
89026
89602
90074
90848
91596
92953
94126
95427
96499
97793
99431
100869
102343
103793
105074
106600
108690
110479
112525
114592
116443
117948
119370
121353
122979
124790
126654
128434
130136
132048
134022
135944
138192
140790
143536
146532
149541
152641
155719
158844
161994
165182
168293
171281
174395
177534
180494
183517
186402
189088
191801
194531
197126
199691
202107
204458
206687
208878
210917
212920
214810
216656
218275
219923
221432
223020
224443
225686
226898
228088
229293
230365
231342
232295
233237
234090
234938
235737
236513
237241
237917
238551
239110
239701
240286
240816
241271
241747
242210
242604
243033
243403
243751
244098
244415
244726
245045
245314
245589
245854
246063
246304
246500
246688
246871
247058
247233
247411
247562
