6424
3550
2364
1836
1641
1385
1269
1155
1184
1074
1075
1046
1013
1026
1053
999
983
1109
1094
1079
1083
1099
1140
1165
1230
1276
1251
1341
1364
1353
1452
1462
1539
1572
1612
1766
1762
1864
1894
1933
2097
2134
2197
2232
2358
2453
2543
2677
2815
2855
3008
3083
3328
3373
3475
3618
3671
3913
4169
4177
4380
4633
4742
5031
5166
5302
5561
5832
5928
6126
6484
6718
7172
7300
7527
7888
8162
8447
8811
9168
9369
9827
10128
10567
10810
11387
11679
12132
12715
13247
13447
13677
14408
15186
15606
16018
16617
17201
17686
18133
18579
19139
19582
20055
20859
21664
22523
23118
23792
24648
25322
25971
26489
27180
27920
28715
29322
29866
30646
31442
31801
32533
33346
33882
34745
35659
36319
37188
37714
38552
39419
40096
40682
41287
41958
42589
43518
44459
45088
45786
46402
47066
47531
48017
48566
49246
49927
50642
51106
51685
52232
52830
53341
53746
54272
54656
54918
55224
55779
56012
56377
56968
57439
57963
58318
58768
59535
59731
60045
60230
60524
60905
61048
61229
61291
61288
61487
61529
61753
62037
62044
62348
62771
62862
63148
63324
63768
64128
64621
64962
65179
65404
65678
66034
66714
67113
67254
67111
67555
67930
68295
68707
69206
69296
69193
69178
68964
68515
68483
68538
68531
68289
68617
68664
68565
68590
68535
68559
68821
68958
68879
68956
69122
69271
69607
69563
69713
69842
69865
70004
70026
69909
69823
69861
69619
69554
69432
69426
69094
68814
68626
68210
68131
67982
67913
67664
67489
67406
67222
67506
67764
68184
68416
68688
69101
69003
68855
68812
68906
69048
69052
69216
69237
69532
69900
70011
69721
69860
70035
69938
70147
70143
70008
69888
69996
70016
69764
69676
69693
69778
69994
70068
70271
70361
70021
70068
69941
70038
70158
70251
70189
70129
70084
69812
69634
69704
69702
69757
69385
69183
69120
68924
68951
69349
69356
69296
69389
69537
69450
69259
69506
69824
69822
69584
69398
69507
69475
69417
69753
69778
69691
69543
69286
69226
69202
69197
69201
69249
69145
69393
69571
69630
69949
70102
70053
69662
69711
69771
69433
69537
69707
70041
70042
70143
69836
69634
69763
69775
69596
69639
69561
68963
69048
68983
69157
69196
69261
69096
69029
68888
69127
69218
69147
69052
69140
69276
69496
69557
69570
69434
69322
69267
69426
69476
69437
69341
69582
69893
69805
70224
70141
70473
70532
70693
70892
71048
71094
71176
71664
71902
71683
71873
72068
72078
71875
71949
71962
72062
72007
72272
72193
72305
72518
72559
72406
72388
72360
72394
72167
71767
71322
70993
70879
70791
70582
70369
70471
70268
70439
70397
70794
70902
70881
70715
70695
70929
71200
71203
71169
71000
70703
70775
70795
70765
70786
70850
71427
71494
71917
72192
72503
72604
72727
72904
73323
73359
73387
73464
73457
73355
73479
73461
73522
73935
74292
74622
74887
75257
75652
75790
76008
76302
76376
76073
76107
76135
76230
76404
76631
76717
76598
76720
76557
77018
77075
77233
77639
77812
77949
78056
78589
79110
79400
79927
80480
81024
81920
82640
83330
83731
84468
84919
85226
85570
85937
86633
87005
87454
88122
88887
89722
90424
91041
91788
92633
93030
93334
93257
93065
93208
93175
93177
93133
93115
92751
92597
92492
92080
91660
91153
90905
90379
90079
89647
89273
89075
89240
89141
89323
89370
89419
89716
89753
89785
90113
90524
91003
91686
92649
93908
95452
97065
98847
100547
102696
104629
106194
107854
108630
109349
109907
110099
110084
110278
110097
109703
109099
108486
108239
107762
107178
106581
105643
105094
104573
104556
105324
106096
107335
108666
110784
113174
115866
118751
121513
124560
127899
131168
134583
137880
141187
144790
148501
152276
155930
159527
163152
166658
170085
173616
176749
180019
183140
186165
189059
191962
194831
197462
199977
202370
