7518
22306
33130
40898
47181
52289
56455
59725
62478
64510
66271
67810
68977
70077
70692
71256
71695
72462
72788
73131
73654
73852
73823
73879
74156
74080
74194
74106
74212
74151
74080
74099
74090
73841
73770
73747
73702
73623
73880
73873
73712
73537
73379
73317
73407
73469
73591
73630
73651
73652
73520
73503
73422
73481
73375
73303
72878
72931
73088
73169
73169
73280
73224
73376
73098
72961
72776
72465
72108
72229
72257
72150
72026
72116
71916
71783
71660
71469
71332
71428
71425
71020
71012
71182
70922
70653
70336
70381
70271
70071
69633
69501
69166
68929
68787
68330
68020
68011
67608
67458
67296
67080
67000
66630
66220
66094
66012
65908
65540
65212
65237
64963
64773
64329
64066
63624
63491
63248
63031
62927
62676
62454
62166
62161
62076
61662
61438
61298
61253
60900
60608
60462
60145
59923
59646
59580
59276
59017
58789
58729
58668
58374
58223
58076
57941
57573
57394
57151
57062
56893
56724
56503
56630
56527
56491
56367
56567
56717
57188
57170
57200
57058
56852
56681
56533
56384
56265
56061
55839
55648
55405
55471
55415
55233
54926
54881
54945
54928
54756
54839
54947
54818
54720
54655
54607
54303
54311
54395
54394
54635
54604
54745
54755
54804
54794
55082
54863
55274
55058
55024
54843
54888
54710
54561
54236
54064
53869
53952
53874
53691
53746
53738
54087
54279
54368
54426
54155
53923
54084
53978
53901
53893
53983
53922
53952
53749
53902
54014
54039
53901
53953
54103
54246
54206
53954
53887
53940
53926
54146
54171
54374
54483
54515
54743
54720
54723
54531
54428
54654
54556
54704
54521
54276
54428
54381
54205
54135
54484
54357
54233
54171
54085
54026
54184
54022
54014
53945
53545
53643
53633
53580
53712
53831
53794
54116
54088
54080
54135
54019
54263
54099
53786
53617
53784
53427
53490
53383
53598
53365
53275
53162
53429
53417
53473
53609
53812
53721
53723
53858
53999
54086
54172
54092
53930
53758
53961
54061
54095
54161
54235
54308
54183
54148
54027
54088
54030
53852
54018
53946
53977
53919
54240
54297
54302
54148
54165
54158
54741
54691
55012
55220
55072
54867
54766
54710
54820
54752
54222
54249
54386
54376
54227
54192
54354
54356
54316
54425
54414
54424
54244
54224
54119
54170
54136
53961
54101
54169
53854
53557
53972
54023
53963
54204
54270
54159
53938
54021
54113
54108
54138
54268
53883
53742
53698
53336
53220
53375
53564
53479
53761
53695
53791
54059
54043
54181
54121
54139
54133
53975
53967
53931
53772
53522
53449
53637
53550
53760
53728
53685
53685
53734
53930
53826
53496
53431
53098
53084
53153
53125
53243
53128
53171
53256
53100
53037
53158
53237
53323
53384
53441
53468
53536
53550
53569
53571
53653
53376
53494
53386
53613
53445
53513
53395
53283
53288
53306
52999
52761
52456
52410
52232
52375
52147
52134
51993
52176
52473
52819
52603
52586
52747
52799
52802
52453
52345
52175
52278
52149
52020
52047
52361
52096
51986
51691
51509
51214
50750
50452
50429
50351
50185
50325
50156
50377
50024
49846
49799
49454
49063
48799
48632
48304
47941
47594
47032
46223
45646
45090
44521
43950
43579
42826
42021
41273
40452
40003
39616
39343
38831
38576
38058
37424
36755
35999
35353
34872
34137
33354
32416
31358
30253
29035
28106
27071
26033
25060
23953
22770
21555
20267
19003
17748
16516
15381
14321
13344
12404
11460
10608
9767
9037
8385
7835
7222
6661
6126
5694
5244
4762
4359
3998
3641
3333
3020
2744
2494
2237
1992
1756
1557
1333
1165
1028
914
807
764
661
605
550
485
417
387
348
317
295
285
295
288
276
265
259
247
215
199
159
152
143
135
126
126
120
122
116
95
70
62
49
42
35
29
20
17
16
13
11
10
8
6
5
3
