7556
22112
32450
40390
46729
52049
56251
59547
62625
64837
66535
67765
69128
70039
71123
71849
72451
73061
73438
73621
73818
73952
74018
74180
74361
74508
74592
74633
74524
74726
74718
74560
74336
74262
74152
74101
74246
74118
74120
73969
73801
73835
73799
73999
73953
73847
74034
73828
73789
73723
73907
73630
73638
73569
73577
73707
73418
73461
73287
73321
73167
72927
72893
72908
72784
73047
72714
72323
72225
72217
72427
72503
72288
72212
72149
71868
71950
71830
71752
71372
71103
71075
70931
70921
70906
70792
70853
70759
70529
70092
70072
69780
69495
69178
69145
69018
68765
68754
68635
68085
67674
67169
66867
66698
66436
66127
65968
65766
65230
64972
64993
65144
64722
64793
64323
64230
63882
63503
63253
62997
62923
62822
62600
62396
62227
61697
61643
61424
61214
60837
60440
60006
59901
59650
59353
59335
59288
59041
58833
58717
58461
58253
58256
58022
57845
57547
57168
57289
57268
57131
56818
56761
56925
56865
56565
56059
55908
55845
55936
55754
55579
55557
55280
55253
55231
55254
55436
55341
55843
55771
55903
55779
55451
55265
55127
54900
54774
54708
54650
54788
54894
54866
54660
54517
54679
54503
54521
54617
54933
54886
54741
54674
54735
54931
54948
54953
54799
54792
54814
54766
54696
54585
54423
54187
54110
53984
53621
53542
53415
53640
53828
54122
54100
54057
54086
54049
54243
54500
54505
54831
54580
54614
54943
54923
54960
55205
54844
54424
53994
53551
53414
53404
53251
53307
53325
53291
53321
53348
53443
53689
53822
53839
53740
53693
53689
53857
53773
53725
53794
53832
53931
53794
53925
54287
54485
54329
54740
54701
54624
54601
54833
54763
54535
54560
54460
54666
54560
54535
54183
53874
53937
53904
53713
53512
53163
53135
53039
53087
53307
53054
53270
53594
53839
53926
54177
54071
54029
53869
53991
53718
53565
53384
52864
52756
52762
52772
52842
52823
53095
53388
53632
53868
54152
54398
54545
54599
54517
54333
54247
54090
53905
53946
54054
54019
54048
54083
54234
54403
54477
54747
54755
54898
54710
54677
54558
54535
54489
54667
54617
54492
54614
54853
54713
54863
54527
54025
53795
53672
53534
53548
53381
53227
53476
53295
53298
53357
53521
53579
53722
53643
53551
53605
53881
53875
54099
54015
53834
53522
53396
53400
53568
53827
53846
53784
53980
54072
53808
54138
54244
54225
54354
54272
54232
54292
54236
54112
54066
54250
54098
54273
54439
54671
54601
54679
54478
54554
54602
54416
54507
54356
54499
54364
54269
54208
54055
54085
54003
53798
53598
53641
53553
53821
53900
53992
53903
54448
54494
54618
54276
54160
54376
54510
54408
54376
54312
54099
53867
53691
53488
53406
53476
53614
53224
53142
52962
52872
52794
53070
53414
53444
53570
53462
53315
53277
53450
53471
53502
53592
53501
53518
53467
53482
53369
53236
53265
53164
53353
53402
53496
53350
53269
53054
52960
53091
53160
53179
53283
53391
53589
53438
53250
53170
52775
52903
52732
52474
52730
52849
52899
52768
52669
52689
52304
52032
51832
51589
51271
50927
50837
50842
50675
50546
50283
50540
50469
50452
50417
50579
50322
49963
49644
49641
49397
49084
48729
48362
48179
47998
47836
47604
47706
47904
47840
47790
47916
47797
47100
46288
45751
45371
44939
44252
44030
43490
42775
42301
41652
40769
39904
39166
38319
37442
36540
35654
34871
34134
33317
32414
31691
30829
30037
29218
28304
27130
26190
25213
24218
23256
22096
20709
19588
18496
17434
16304
15196
13970
12921
12005
11103
10364
9495
8716
8007
7251
6585
6014
5520
5010
4582
4195
3865
3561
3225
2958
2687
2436
2235
2041
1897
1781
1630
1529
1449
1343
1265
1230
1137
1060
1041
998
951
862
822
770
738
700
656
618
590
523
474
401
338
301
265
228
209
189
175
164
