7519
22384
33111
41078
47423
52769
56685
59982
62699
64918
66700
68300
69570
70609
71289
71863
72306
72746
73139
73146
73423
73567
73400
73423
73683
73777
73967
74281
74386
74598
74574
74537
74507
74386
74487
74639
74879
74836
74339
74422
74357
74169
74105
74035
73839
73797
73578
73692
73817
73656
73424
73202
73302
73567
73719
73582
73178
73212
73256
73197
73116
72701
72849
72700
72713
72760
72510
72552
72469
72493
72545
72407
72176
72156
71948
71830
71849
71441
71383
71412
71210
70984
70794
70852
70570
70448
70144
69902
69826
69437
69194
69006
69047
69142
68772
68529
68498
68266
67613
67196
66983
66746
66671
66609
66438
66181
66057
65485
65160
65018
64895
64818
64871
64636
64318
64102
63925
63676
63349
62825
62477
62272
62314
61770
61394
61063
60978
60939
61069
60763
60593
60601
60643
60476
60287
59990
59729
59430
59207
58785
58498
58195
57947
57639
57619
57493
57268
57091
57136
56877
57056
56967
56829
56885
56762
56676
56485
56690
56705
56582
56469
56541
56496
56353
56509
56254
56320
56154
56013
55617
55230
54907
54656
54751
54795
54530
54605
54494
54482
54404
54455
54579
54697
54791
54925
54963
55104
54882
54827
54974
54871
54817
54979
55260
55261
55152
55164
55215
55164
55090
54935
54832
54801
54750
54302
54421
54541
54710
54915
54720
54703
54540
54655
54800
55138
54879
54869
54540
54587
54585
54444
54652
54389
54598
54525
54592
54635
54639
54577
54569
54687
54740
54633
54738
54933
54954
54922
54923
54749
54862
54799
54968
54835
54597
54468
54453
54392
54337
54356
54385
54172
53998
54079
54197
54130
54192
54184
54580
54937
54952
55169
55262
55210
55212
55161
55008
54993
54837
54736
54580
54374
54427
54380
54547
54557
54524
54305
54367
54407
54632
54867
54874
54613
54536
54410
54263
54339
54502
54228
54123
54313
54564
54419
54337
54228
54176
53852
53431
53235
53113
53257
53461
53535
53781
53838
53892
53905
54027
54008
53991
54037
53890
54121
54152
53978
54080
54097
53914
54086
54124
54056
54115
54110
53918
53612
53296
53348
53807
53736
54078
54116
53976
53822
53941
54105
54094
54189
54216
54003
54128
53699
53499
53282
53092
52988
52973
52832
52740
52663
52851
52969
53371
53599
53918
54150
54300
54322
54194
54412
54140
53916
53842
53938
53853
54105
54300
54254
54270
54063
53918
53830
53772
53469
53345
53488
53618
53860
53918
53966
54196
54380
54426
54437
54466
54470
54708
54651
54600
54352
54306
54043
54077
54010
54211
54153
54087
53959
53976
53890
53702
53817
53826
53628
53706
53555
53571
53461
53325
53368
53218
53569
53628
53728
53905
53716
53822
53609
53413
53556
53626
53359
53086
53019
53085
53346
53217
53337
53464
53546
53499
53476
53526
53377
53425
53304
53417
53672
53639
53632
53701
53777
53691
53822
53828
53957
54131
54148
54452
54829
54712
54445
54286
54450
54345
54474
54516
54127
53754
53755
53338
53552
53655
53458
53514
53480
53421
53513
53438
53102
53163
53269
53474
53190
53302
53112
53061
52771
53032
52871
52964
52921
52918
53069
53204
53097
52891
52890
52965
52869
52640
52500
52559
52393
52372
52610
52661
52538
52388
52441
52489
52553
52440
52464
52268
52132
51925
52063
51846
51645
50989
50574
50302
50183
49560
48807
48192
47655
47183
46762
46552
46103
45695
45612
45295
44998
44804
44594
44552
44285
43869
43552
43068
42270
41363
40858
40170
39100
38079
37347
36526
35656
34757
33814
32916
32213
31766
31485
31254
31007
31105
31506
31876
32566
33303
33800
34363
35180
36086
37197
38103
38976
40000
41122
41965
42813
43125
43319
43773
44193
44465
44558
44190
43582
42680
42103
41237
40488
39304
38078
36697
35073
33563
31986
30205
28528
26807
25105
23605
22362
21034
19751
18324
17186
15923
14803
13826
12843
11926
10965
10042
