16
32
54
79
102
120
143
169
190
212
231
253
267
285
314
340
358
373
393
408
423
457
474
497
521
534
558
572
583
595
608
620
651
663
677
696
714
740
761
780
798
816
844
863
887
906
923
934
956
973
990
1010
1032
1048
1067
1085
1104
1116
1136
1160
1182
1203
1223
1240
1261
1282
1309
1330
1354
1367
1388
1408
1433
1450
1474
1493
1524
1542
1562
1578
1599
1610
1626
1647
1663
1688
1706
1722
1741
1774
1788
1816
1836
1855
1884
1909
1926
1946
1971
1989
2005
2031
2057
2084
2106
2122
2143
2161
2176
2192
2211
2233
2247
2260
2283
2295
2310
2335
2354
2375
2402
2418
2438
2464
2489
2506
2526
2546
2568
2591
2611
2628
2643
2659
2680
2707
2721
2736
2755
2769
2792
2807
2823
2845
2864
2876
2894
2916
2934
2951
2974
3004
3021
3046
3066
3082
3103
3112
3132
3153
3169
3187
3214
3236
3259
3280
3297
3320
3331
3349
3367
3383
3403
3421
3433
3459
3481
3502
3524
3541
3564
3580
3601
3625
3640
3660
3688
3714
3733
3750
3764
3787
3806
3831
3847
3867
3895
3922
3949
3965
3982
4011
4035
4065
4086
4111
4129
4151
4171
4182
4203
4231
4250
4278
4296
4308
4334
4348
4376
4401
4428
4446
4463
4475
4506
4530
4553
4573
4594
4613
4632
4656
4668
4689
4713
4748
4763
4779
4810
4833
4854
4875
4904
4933
4948
4967
4998
5015
5035
5062
5084
5111
5136
5162
5176
5190
5214
5237
5258
5278
5295
5309
5326
5343
5359
5379
5400
5419
5441
5453
5487
5510
5530
5553
5577
5598
5625
5647
5670
5704
5727
5746
5774
5792
5817
5833
5855
5878
5899
5916
5931
5960
5980
6010
6038
6055
6071
6105
6119
6142
6160
6182
6198
6227
6244
6260
6282
6299
6317
6338
6359
6383
6410
6435
6455
6480
6502
6526
6546
6571
6591
6616
6636
6660
6677
6699
6726
6744
6770
6795
6817
6832
6842
6866
6887
6914
6940
6967
6990
7012
7034
7052
7070
7099
7122
7144
7172
7190
7210
7239
7260
7277
7299
7321
7338
7360
7374
7394
7424
7446
7470
7490
7511
7534
7548
7564
7585
7603
7615
7637
7663
7686
7710
7731
7753
7777
7800
7830
7847
7868
7888
7908
7934
7958
7976
7998
8016
8037
8069
8096
8112
8129
8148
8172
8185
8209
8232
8257
8278
8300
8318
8337
8362
8391
8407
8432
8452
8474
8498
8527
8552
8574
8596
8610
8632
8663
8685
8713
8739
8758
8773
8795
8822
8847
8866
8882
8902
8929
8958
8971
8994
9027
9048
9067
9088
9110
9128
9146
9164
9181
9208
9230
9248
9274
9298
9324
9342
9360
9384
9408
9429
9454
9473
9499
9520
9551
9576
9593
9612
9630
9652
9675
9690
9710
9731
9747
9760
9787
9809
9832
9858
9872
9888
9915
9933
9960
9978
10003
10025
10041
10057
10065
10083
10103
10127
10148
10172
10192
10211
10230
10248
10272
10291
10310
10333
10350
10374
10399
10424
10445
10467
10496
10510
10535
10559
10572
10588
10607
10627
10647
10667
10695
10711
10732
10758
10787
10803
10821
10841
10863
10893
10915
10928
10943
10953
10969
10991
11010
11031
11062
11088
11115
11134
11159
11178
11194
11219
11238
11261
11282
11304
11329
11351
11360
11378
11400
11425
11458
11474
11499
11523
11544
11564
11585
11608
11626
11643
11661
11679
11701
11719
11739
11764
11788
11807
11822
11847
11869
11890
11912
11934
11959
11970
11985
12014
12035
12053
12074
12093
12121
12142
12163
12182
12207
12226
12253
12273
12289
12308
12328
12348
12370
12404
12426
12448
12469
12488
12510
12532
12549
