0
1
2
9
17
28
37
45
49
59
62
74
82
90
102
110
115
116
128
133
142
140
142
148
153
159
165
170
174
179
186
188
190
193
202
204
207
208
207
208
205
202
206
211
206
208
212
216
218
222
232
233
230
231
232
233
226
236
236
240
240
238
239
243
240
244
244
246
243
244
239
238
241
239
233
231
230
220
217
217
215
218
217
216
212
211
219
217
216
209
213
210
211
216
211
209
201
195
192
189
184
178
176
175
170
169
164
156
155
154
156
159
159
163
162
166
167
164
166
164
161
157
157
152
149
148
150
147
144
144
136
134
133
133
131
131
132
130
127
124
121
118
120
117
120
115
115
110
109
111
110
108
111
110
106
103
104
105
103
101
104
104
101
101
98
99
102
100
103
105
102
99
95
99
100
104
104
106
107
102
103
98
95
95
96
98
97
99
98
99
101
99
100
99
96
94
95
98
99
100
99
99
100
99
96
97
96
98
96
93
96
97
97
99
104
106
104
106
102
101
103
101
104
102
108
111
111
109
111
110
108
107
104
106
108
110
111
113
115
116
115
112
114
119
119
117
116
113
112
113
114
110
108
109
110
113
116
113
116
111
110
112
113
117
115
117
119
119
120
119
120
117
120
117
118
122
122
121
121
122
127
125
123
124
126
121
121
119
115
113
112
110
120
125
127
132
132
132
133
135
137
133
131
132
132
135
133
133
134
135
133
134
137
137
137
141
141
138
142
148
147
148
146
145
147
150
146
146
147
150
156
155
153
153
157
154
153
152
156
156
153
147
145
149
150
152
153
153
154
154
150
152
156
157
154
159
160
161
162
160
161
157
158
161
156
157
155
154
156
158
159
161
161
160
162
162
163
163
165
169
168
172
176
172
171
176
176
180
181
186
188
186
191
194
189
188
190
184
188
181
184
180
181
184
186
183
176
178
177
180
180
178
180
179
174
174
171
172
174
173
171
176
178
178
177
176
175
174
179
175
169
174
170
171
166
166
166
165
165
163
165
168
167
164
163
166
167
170
171
163
160
161
160
159
162
162
163
164
166
166
162
158
159
158
157
160
163
161
162
163
159
156
157
155
153
155
153
154
156
155
154
153
147
143
140
137
131
132
128
123
119
117
118
115
114
111
106
101
101
99
98
94
90
88
86
84
80
77
76
75
75
71
70
65
64
63
61
60
60
59
60
60
59
58
55
55
53
52
50
48
45
45
43
40
38
37
36
34
31
31
31
31
31
30
30
28
27
26
24
23
23
23
23
23
21
20
20
20
20
20
19
19
19
19
17
17
17
16
14
14
14
13
12
12
12
12
12
12
10
10
9
9
8
8
8
7
6
6
6
6
6
6
6
5
5
5
5
5
5
5
