0
0
2
9
14
18
21
33
40
54
67
81
91
98
101
119
130
139
157
169
172
180
189
195
197
197
202
204
212
215
216
219
224
228
226
226
230
236
242
238
248
247
254
261
266
260
260
267
271
279
281
290
286
290
291
286
287
280
284
290
293
289
284
286
281
274
275
277
282
281
289
289
293
290
293
292
296
293
298
291
284
283
283
280
282
286
290
294
296
295
294
298
293
299
299
290
288
287
285
284
283
285
290
293
292
291
296
296
289
295
293
288
284
280
274
270
274
276
273
270
272
268
266
268
269
264
263
255
254
248
240
232
237
235
230
227
225
224
222
223
216
209
208
205
204
208
208
209
202
194
196
191
192
194
203
200
200
196
194
197
198
198
201
199
193
189
194
191
185
188
186
184
186
183
184
182
175
173
173
173
173
172
168
169
168
168
166
163
157
152
151
151
149
147
144
141
141
141
143
138
140
141
143
143
142
144
144
147
143
144
146
148
150
159
157
154
158
156
154
154
153
160
157
159
161
163
160
161
162
163
163
162
163
161
165
168
166
165
170
169
174
168
166
172
172
171
167
166
167
170
167
163
164
166
165
163
163
161
157
158
160
160
165
160
162
165
167
171
172
177
178
172
173
173
174
178
178
177
174
179
177
173
174
172
179
179
178
183
177
177
174
179
173
178
181
180
178
173
170
170
169
169
170
173
175
178
184
185
186
184
185
180
184
185
190
188
193
196
201
198
191
189
190
198
197
201
205
203
202
199
205
203
194
200
198
194
192
199
192
190
195
199
199
204
212
209
210
208
209
199
198
198
196
199
199
193
193
188
189
185
179
177
173
171
165
169
169
168
161
158
154
158
158
159
155
152
152
154
150
149
152
151
155
151
153
154
158
160
159
159
161
162
158
156
154
155
155
147
146
145
143
142
140
141
140
141
137
138
138
132
129
126
125
123
123
120
118
114
113
107
107
104
101
99
100
97
93
91
89
84
82
79
77
76
75
74
72
71
70
67
65
64
63
62
60
59
57
53
51
50
49
46
44
43
43
42
42
40
39
36
35
34
32
31
31
30
30
30
30
29
29
28
29
28
28
28
26
26
26
25
25
25
24
24
22
21
20
20
20
20
19
17
17
17
16
16
16
16
13
13
12
12
12
11
10
9
9
9
9
9
9
9
9
9
8
8
8
7
7
6
6
6
6
5
5
5
5
5
5
5
5
5
4
4
4
4
3
3
3
3
3
2
2
2
2
2
2
2
2
2
2
2
2
1
1
1
1
1
1
1
1
1
1
1
1
1
1
1
1
1
1
1
1
1
1
1
1
1
1
1
1
1
1
1
1
1
1
1
1
1
1
1
1
1
1
1
1
1
1
1
