1
1
7
10
16
31
42
49
57
72
72
79
84
95
98
109
118
120
129
133
136
142
147
153
162
168
171
179
184
188
192
199
202
207
220
221
224
233
230
233
237
241
239
240
236
236
240
245
249
244
242
245
246
242
246
240
243
244
245
248
247
252
247
248
247
253
243
243
239
239
233
230
229
231
227
230
227
225
218
216
214
212
212
211
209
207
208
202
207
207
209
203
206
203
198
194
197
195
198
192
195
193
193
193
192
185
179
175
178
178
174
170
167
158
154
155
155
156
153
151
152
150
152
152
151
148
148
144
143
143
138
138
138
136
138
133
130
127
130
128
127
126
126
127
125
124
125
125
120
120
124
123
116
119
115
114
115
113
115
118
118
116
116
118
114
113
109
110
109
108
107
107
106
108
108
109
114
115
113
114
112
112
109
110
112
112
113
115
116
117
118
115
116
112
114
111
112
110
107
108
108
107
105
104
103
104
101
103
101
104
104
105
109
108
111
111
111
110
113
115
114
109
110
107
113
112
108
109
109
107
111
109
108
111
111
113
114
120
118
119
120
124
126
125
125
124
126
125
129
130
130
131
133
133
136
132
132
133
133
131
130
131
133
125
123
124
127
126
127
130
128
121
118
118
114
113
115
116
118
118
121
124
120
122
123
121
121
124
124
125
123
123
124
123
126
126
127
126
120
122
119
120
125
124
120
124
125
126
128
131
137
140
136
132
134
136
135
133
140
144
145
143
146
152
148
149
149
145
145
142
147
147
151
147
147
144
144
152
153
155
152
151
151
154
165
162
159
158
157
151
150
151
148
148
141
142
140
141
142
143
148
147
143
146
149
145
142
144
149
147
146
145
147
145
147
149
148
152
154
155
155
156
157
154
159
164
162
160
161
160
164
165
167
166
160
158
162
160
160
160
156
162
159
160
163
162
164
172
172
176
174
168
167
159
163
165
162
161
160
165
162
160
159
150
158
157
157
154
148
146
150
149
153
150
154
153
151
160
158
164
161
162
163
160
163
163
165
169
167
170
178
175
175
177
176
178
176
177
177
171
175
178
178
179
176
176
181
189
194
191
186
188
190
194
197
200
198
198
201
196
194
196
198
199
199
195
190
190
190
185
183
183
184
183
185
183
183
182
182
186
183
177
175
178
183
188
191
187
184
182
182
184
188
182
186
183
182
180
180
177
173
173
171
172
170
171
177
175
177
181
186
185
187
185
188
184
183
183
184
177
177
174
173
173
175
168
166
163
159
158
155
156
155
151
148
146
148
144
143
144
145
145
147
149
148
147
143
144
144
142
136
132
130
129
122
118
115
114
111
110
110
107
104
101
98
98
95
93
91
88
87
83
80
79
78
77
74
72
70
69
