0
0
0
2
8
14
27
37
44
48
62
73
83
88
100
106
112
115
120
129
134
138
143
153
162
163
167
171
169
161
167
172
180
182
184
187
190
195
196
199
202
202
206
206
203
208
213
218
211
213
213
211
210
203
204
202
206
212
215
223
224
220
223
227
228
222
221
225
222
217
212
206
208
211
210
213
213
210
215
214
211
208
207
208
210
210
207
205
202
194
191
186
180
177
179
179
174
172
170
161
160
161
161
160
162
166
171
168
168
172
168
164
163
165
160
159
157
157
160
159
153
148
146
145
145
142
138
137
136
136
138
139
137
137
137
141
140
136
133
133
132
130
128
124
125
122
121
121
117
116
116
115
114
114
116
114
113
113
113
112
107
107
104
106
111
108
109
106
105
105
101
102
104
101
99
100
101
100
103
100
98
97
96
96
92
92
90
89
91
92
90
86
87
88
89
87
83
84
84
86
85
84
85
87
89
85
84
83
86
85
80
83
85
82
83
81
79
82
82
84
85
84
89
92
92
93
90
88
89
88
89
91
97
99
108
110
108
107
104
103
103
104
105
103
106
105
105
102
101
103
103
103
104
102
101
104
106
109
110
111
111
108
109
108
107
105
107
112
109
116
115
122
123
117
118
119
118
119
122
123
126
125
127
124
123
123
125
126
120
117
116
114
112
111
110
111
114
114
109
111
109
110
110
107
108
110
116
118
122
115
116
115
113
115
118
123
122
122
124
121
122
122
122
126
128
128
132
135
138
139
139
133
137
138
135
135
137
138
139
140
143
142
146
146
143
142
143
141
145
146
144
142
143
143
142
142
138
137
139
142
141
145
146
144
145
149
149
153
153
154
158
155
154
155
158
160
163
166
158
161
165
162
160
164
165
168
168
171
165
168
166
169
170
173
174
179
178
174
181
179
179
180
182
183
183
188
189
187
191
192
189
192
194
195
195
197
201
198
195
196
198
195
193
195
198
196
194
194
198
194
194
192
194
194
196
194
196
194
198
199
197
200
198
201
204
206
207
209
205
202
206
210
210
214
216
217
212
207
208
210
210
209
209
208
209
210
211
216
215
212
211
206
198
196
190
191
191
195
193
189
186
184
184
185
187
182
177
180
177
171
170
169
167
165
164
161
158
158
153
149
152
151
153
153
148
150
148
145
148
152
156
154
154
155
156
159
156
156
153
155
156
155
159
159
160
158
159
160
162
162
160
155
159
155
154
156
155
155
158
161
158
161
161
158
159
160
166
164
167
164
160
166
164
162
168
166
162
164
167
167
173
170
173
171
165
159
158
155
148
144
143
138
137
132
129
130
127
121
117
116
115
112
107
107
103
99
95
95
94
92
90
89
85
85
81
78
76
73
72
73
