10
21
31
41
46
51
45
43
50
54
58
55
49
52
49
44
45
46
41
45
45
52
55
60
49
45
50
60
60
60
56
61
69
71
71
73
79
77
83
81
82
87
84
82
81
84
97
99
100
103
106
112
110
116
113
118
126
128
126
123
130
136
148
153
157
157
166
180
185
187
190
190
197
209
211
220
227
234
240
239
240
248
257
265
277
290
299
306
310
318
326
332
334
335
339
352
358
358
362
364
364
366
367
376
384
392
397
401
407
414
427
431
439
443
452
462
472
475
491
493
501
510
519
524
533
543
547
552
559
559
570
585
596
598
609
613
619
623
632
639
644
644
649
658
667
673
685
692
701
708
718
727
741
746
758
769
777
780
781
786
797
811
820
825
840
854
858
867
879
885
889
895
906
910
918
925
931
940
951
964
969
981
987
996
1010
1019
1031
1045
1048
1053
1062
1063
1070
1083
1092
1102
1103
1110
1123
1127
1133
1144
1155
1162
1166
1173
1178
1182
1197
1204
1215
1228
1231
1235
1246
1254
1266
1275
1286
1288
1292
1302
1320
1325
1330
1337
1346
1358
1369
1373
1380
1383
1390
1398
1398
1407
1416
1422
1443
1449
1460
1470
1480
1479
1482
1490
1502
1505
1512
1517
1526
1536
1537
1541
1550
1554
1556
1561
1564
1574
1586
1595
1607
1619
1622
1625
1638
1651
1663
1675
1685
1700
1710
1718
1719
1731
1739
1748
1755
1760
1765
1767
1775
1776
1785
1787
1798
1804
1818
1820
1826
1836
1840
1851
1859
1871
1874
1877
1879
1891
1896
1899
1906
1909
1904
1917
1930
1938
1945
1957
1960
1965
1965
1970
1974
1991
1990
2000
2006
2008
2009
2016
2019
2029
2041
2046
2049
2056
2066
2070
2075
2078
2091
2093
2093
2099
2106
2112
2118
2120
2130
2133
2143
2149
2153
2153
2155
2164
2167
2169
2179
2187
2192
2201
2207
2211
2216
2215
2221
2225
2225
2233
2241
2249
2259
2267
2269
2276
2286
2285
2288
2291
2295
2302
2300
2307
2303
2308
2314
2321
2326
2328
2335
2339
2343
2347
2358
2367
2371
2374
2374
2376
2385
2389
2395
2399
2407
2421
2425
2432
2430
2430
2434
2441
2451
2461
2471
2477
2489
2486
2491
2499
2507
2504
2518
2527
2530
2536
2541
2549
2558
2559
2571
2566
2572
2581
2582
2591
2591
2584
2589
2589
2589
2591
2590
2597
2598
2600
2609
2608
2606
2611
2611
2617
2624
2633
2640
2648
2647
2657
2655
2661
2669
2677
2683
2688
2698
2710
2721
2721
2720
2730
2738
2748
2755
2760
2778
2782
2783
2787
2803
2804
2810
2813
2817
2829
2830
2833
2840
2843
2853
2865
2871
2875
2875
2877
2884
2891
2893
2902
2912
2919
2924
2931
2936
2942
2943
2952
2958
2966
2982
2992
3003
3013
3018
3028
3040
3048
3057
3064
3073
3085
3103
3103
3117
3132
3136
3142
3158
3171
3185
3201
3211
3222
3233
3241
3251
3262
3271
3281
3288
3298
3313
3320
3328
3339
3342
3354
3362
3372
3385
3391
3404
3418
3427
3439
3452
3465
3476
3488
3497
3512
3521
3530
3548
3561
3572
3579
3586
3598
3612
3622
3633
3648
3661
3674
3688
3702
3711
3715
3724
3732
3745
3754
3767
3776
3785
3798
3813
3822
3838
3849
3861
3868
3881
3892
3907
3922
3932
3944
3949
3961
3969
3979
3987
3999
4012
4025
4037
4049
