12
14
25
31
38
47
45
44
50
54
42
42
43
36
31
37
37
37
38
45
43
45
46
40
42
41
46
43
46
42
36
40
37
40
40
38
36
37
37
38
36
36
37
39
40
43
47
44
43
42
48
47
49
51
54
56
57
58
50
51
49
60
66
70
73
68
71
67
61
60
68
69
71
69
75
83
88
92
93
99
111
113
121
124
131
137
138
141
142
142
146
154
157
160
169
163
156
166
171
181
178
189
190
198
200
199
196
200
199
200
207
218
220
228
235
237
239
248
254
270
283
292
295
302
309
317
325
332
342
353
357
354
362
366
370
389
401
404
411
415
416
420
430
437
443
447
457
463
473
474
482
486
497
502
512
522
522
524
540
545
554
563
568
580
595
603
609
622
628
636
642
649
658
673
684
690
701
705
709
717
721
733
734
739
743
753
760
767
779
790
793
804
809
818
826
839
846
858
864
872
891
898
904
906
916
932
940
953
956
967
977
976
989
994
994
1002
1006
1012
1024
1029
1033
1039
1048
1051
1062
1067
1071
1077
1076
1089
1095
1099
1103
1115
1115
1124
1135
1148
1149
1156
1163
1166
1174
1174
1184
1188
1191
1203
1204
1212
1221
1227
1239
1238
1233
1241
1245
1243
1249
1249
1255
1259
1268
1269
1282
1294
1296
1303
1315
1322
1322
1323
1328
1326
1328
1336
1341
1337
1348
1348
1355
1360
1361
1366
1369
1380
1382
1383
1392
1405
1409
1410
1418
1420
1415
1420
1418
1422
1440
1442
1449
1450
1451
1444
1449
1456
1462
1463
1474
1483
1490
1499
1503
1508
1509
1508
1516
1516
1520
1527
1533
1536
1540
1548
1554
1565
1570
1573
1571
1567
1573
1577
1581
1584
1588
1591
1596
1601
1602
1604
1608
1610
1617
1616
1619
1615
1617
1623
1627
1638
1644
1644
1649
1644
1647
1654
1657
1659
1664
1669
1671
1676
1677
1679
1682
1690
1694
1700
1714
1724
1733
1743
1747
1757
1761
1756
1761
1767
1768
1781
1787
1795
1797
1811
1812
1820
1824
1831
1841
1852
1854
1854
1857
1870
1886
1897
1906
1916
1924
1930
1936
1947
1953
1964
1976
1983
1994
1997
2003
2013
2025
2030
2043
2058
2073
2083
2095
2103
2117
2135
2145
2156
2167
2179
2184
2193
2204
2215
2226
2240
2248
2258
2265
2270
2276
2287
2294
2302
2315
2335
2340
2350
2357
2369
2383
2391
2404
2412
2428
2435
2442
2451
2464
2470
2478
2486
2499
2517
2526
2537
2545
2562
2576
2586
2596
2602
2611
2620
2637
2648
2660
2669
2684
2692
2702
2708
2718
2731
2748
2755
2763
2772
2781
2789
2804
2814
2824
2835
2846
2860
2873
2881
2892
2907
2919
2937
2947
2955
2967
2978
2987
2995
3006
3013
3018
3030
3034
3046
3048
3060
3070
3084
3095
3102
3112
3122
3134
3145
3154
3164
3176
3190
3203
3215
3224
3234
3248
3258
3274
3287
3299
3310
3326
3331
3342
3351
3362
3374
3385
3398
3406
3416
3432
3437
3447
3458
3476
3484
3492
3500
3516
3523
3534
3542
3560
3568
3575
3586
3597
3608
3613
3627
3641
3658
3666
3676
3691
3704
3713
3723
3732
3747
3758
3775
3789
3804
3815
3829
3837
3850
3858
3868
3882
3892
3899
3907
3915
3924
3936
3944
3953
3959
3966
3972
3986
4003
4022
4035
4042
4052
