5
11
23
26
34
34
34
40
47
47
38
38
38
41
41
49
35
26
28
31
26
28
27
27
29
37
34
38
41
44
42
48
50
42
37
42
41
45
47
44
39
38
37
41
39
42
46
48
48
44
46
53
63
62
61
63
67
70
68
70
70
69
73
69
75
80
83
81
84
84
87
95
96
93
96
95
95
101
100
95
97
101
106
108
105
100
103
105
106
116
113
125
126
127
131
140
147
153
152
160
169
175
181
185
191
200
201
203
214
208
217
225
229
232
236
239
241
250
260
266
268
278
281
277
284
287
290
294
302
310
315
320
322
335
349
363
364
366
371
379
390
407
409
416
423
428
431
439
453
462
472
481
484
489
495
503
507
517
522
531
543
546
551
553
562
573
586
596
604
612
614
612
620
619
625
630
638
640
638
641
650
655
662
663
667
670
677
690
694
695
710
722
736
742
741
751
759
761
768
774
772
783
785
794
803
811
820
829
836
842
853
864
874
882
888
894
902
901
899
905
910
912
915
919
923
935
946
947
951
953
962
972
976
985
993
1002
1010
1017
1027
1032
1034
1038
1048
1050
1058
1064
1065
1071
1078
1084
1093
1095
1093
1097
1100
1107
1111
1127
1139
1154
1154
1163
1174
1180
1190
1198
1201
1205
1209
1211
1212
1217
1224
1226
1231
1238
1244
1253
1251
1255
1259
1266
1266
1265
1277
1286
1293
1301
1307
1316
1315
1322
1327
1330
1338
1350
1350
1357
1366
1371
1382
1384
1384
1391
1392
1389
1394
1399
1404
1406
1410
1416
1429
1439
1442
1449
1452
1453
1454
1468
1471
1478
1483
1486
1484
1486
1490
1492
1497
1504
1511
1518
1523
1529
1537
1535
1536
1537
1540
1548
1555
1558
1556
1554
1554
1554
1553
1564
1565
1566
1575
1573
1581
1589
1589
1591
1596
1606
1621
1617
1615
1622
1625
1626
1628
1633
1639
1640
1645
1646
1647
1647
1648
1653
1654
1665
1667
1668
1679
1687
1691
1697
1703
1712
1726
1729
1736
1742
1747
1751
1757
1757
1776
1786
1793
1797
1804
1818
1822
1828
1834
1840
1846
1859
1866
1873
1877
1892
1903
1915
1928
1939
1948
1961
1968
1979
1984
1991
2001
2003
2010
2020
2027
2036
2049
2058
2073
2083
2096
2104
2110
2113
2121
2136
2139
2152
2160
2169
2182
2195
2204
2210
2233
2243
2258
2262
2269
2281
2292
2300
2313
2320
2326
2333
2340
2351
2359
2367
2382
2397
2401
2418
2427
2440
2452
2458
2472
2479
2492
2506
2524
2533
2542
2553
2568
2577
2592
2605
2620
2634
2642
2650
2666
2674
2680
2694
2702
2713
2721
2730
2742
2750
2765
2771
2782
2793
2803
2811
2824
2844
2850
2862
2875
2884
2891
2905
2910
2926
2937
2948
2960
2970
2978
2990
2998
3006
3012
3020
3033
3044
3056
3064
3069
3087
3099
3107
3115
3128
3136
3146
3161
3175
3184
3200
3214
3232
3254
3266
3279
3290
3299
3307
3319
3328
3339
3348
3356
3366
3376
3391
3401
3412
3421
3429
3441
3449
3460
3467
3482
3492
3504
3510
3519
3526
3541
3549
3559
3568
3580
3590
3600
3609
3617
3631
3643
3662
3678
3685
3707
3720
3731
3739
3749
3757
3770
3776
3790
3804
3814
3828
3838
3847
3858
3870
3876
3889
3901
3909
3915
3929
