9
21
22
25
30
39
45
47
51
52
57
57
51
53
53
48
41
43
39
43
50
51
56
62
59
61
66
67
66
71
68
64
63
68
69
71
75
77
79
92
92
94
96
100
97
103
110
117
115
115
123
127
124
126
125
121
123
122
121
124
128
133
138
141
152
155
155
154
157
161
163
161
158
163
171
173
176
180
181
186
201
207
220
228
232
239
244
251
259
265
263
269
276
282
289
302
309
320
327
336
345
361
365
371
375
379
394
403
407
414
420
426
435
444
450
457
466
477
490
491
500
508
518
524
528
531
546
557
558
567
573
584
596
606
613
625
637
652
660
671
677
686
691
701
708
714
724
731
737
742
755
759
765
774
780
780
787
799
814
820
828
835
836
845
857
869
877
888
896
908
912
919
936
944
952
956
966
973
980
992
992
997
1005
1012
1030
1038
1045
1057
1066
1076
1082
1086
1092
1102
1109
1118
1127
1139
1151
1153
1163
1173
1182
1191
1193
1202
1209
1215
1222
1226
1228
1236
1242
1247
1251
1255
1261
1270
1274
1283
1295
1299
1306
1319
1332
1344
1352
1351
1352
1361
1367
1383
1388
1397
1406
1416
1425
1427
1430
1436
1448
1455
1462
1466
1472
1474
1483
1490
1500
1506
1513
1516
1524
1532
1534
1544
1542
1546
1552
1562
1574
1581
1588
1596
1612
1624
1636
1642
1649
1647
1657
1665
1671
1681
1685
1698
1701
1703
1713
1722
1732
1733
1741
1746
1763
1776
1786
1793
1803
1804
1810
1827
1841
1850
1863
1864
1867
1876
1878
1881
1888
1891
1902
1905
1918
1921
1924
1928
1928
1938
1944
1945
1954
1962
1970
1975
1976
1976
1981
1986
1996
1998
2005
2011
2021
2028
2031
2038
2044
2050
2052
2056
2061
2070
2073
2075
2081
2091
2099
2104
2112
2112
2116
2116
2124
2132
2144
2153
2163
2171
2182
2186
2182
2191
2201
2205
2211
2215
2221
2227
2234
2235
2241
2243
2250
2249
2263
2268
2272
2274
2280
2288
2291
2302
2311
2317
2321
2325
2331
2343
2347
2354
2362
2365
2368
2378
2388
2393
2394
2404
2406
2407
2406
2415
2417
2426
2430
2427
2438
2451
2452
2455
2458
2461
2463
2465
2473
2477
2481
2483
2489
2498
2502
2507
2514
2517
2528
2528
2529
2533
2530
2535
2540
2541
2543
2545
2550
2558
2568
2583
2593
2599
2599
2599
2603
2608
2612
2616
2624
2623
2628
2645
2647
2656
2664
2665
2672
2683
2690
2692
2705
2708
2713
2725
2736
2738
2736
2740
2744
2751
2756
2760
2770
2778
2782
2790
2793
2799
2803
2811
2821
2826
2834
2842
2851
2860
2862
2869
2874
2883
2889
2900
2906
2914
2919
2924
2933
2934
2943
2951
2955
2958
2965
2972
2972
2978
2978
2986
2986
2991
2997
3002
3003
3004
3016
3021
3025
3034
3032
3035
3035
3037
3042
3043
3046
3055
3063
3066
3078
3080
3084
3088
3088
3095
3100
3107
3121
3128
3140
3148
3157
3165
3172
3179
3189
3197
3207
3214
3225
3230
3242
3250
3260
3268
3277
3282
3292
3304
3310
3315
3319
3326
3336
3342
3350
3358
3369
3379
3388
3398
3407
3417
3434
3450
3464
3470
3480
3488
3499
3512
3516
3532
3543
3552
3558
3566
3578
3588
3602
3620
3628
3637
3645
3649
3656
3662
3671
3685
3691
3697
3705
3716
3729
3739
3750
3757
3773
3781
3795
3803
