548
612
663
751
834
914
1011
1121
1223
1324
1445
1572
1692
1835
1978
2126
2294
2469
2697
2889
3098
3341
3577
3837
4095
4350
4565
4843
5159
5443
5770
6178
6575
6878
7228
7531
7884
8271
8636
9031
9406
9817
10280
10690
11093
11492
11941
12435
12828
13171
13593
14012
14528
14896
15279
15775
16265
16808
17150
17534
18033
18475
18895
19482
19924
20478
20883
21374
21856
22335
22896
23381
23891
24403
24789
25340
25937
26385
26923
27477
27980
28469
29024
29664
30184
30701
31184
31692
32200
32834
33193
33672
34212
34793
35208
35617
36041
36518
36952
37386
37847
38370
38950
39396
39840
40253
40770
41170
41529
41978
42309
42850
43296
43504
43894
44198
44701
45188
45668
45971
46441
46998
47536
48155
48729
49193
49730
50271
50800
51154
51751
52318
52830
53259
53638
54146
54413
54902
55296
55723
55966
56325
56676
56965
57220
57583
57950
58416
58901
59276
59736
60205
60483
60780
61277
61684
61898
62213
62562
63108
63572
64002
64346
64731
65216
65879
66253
66631
66929
67505
67881
68271
68674
69158
69212
69339
69688
70072
70258
70719
70948
71014
71222
71287
71731
72066
72327
72738
72975
73224
73584
73801
73982
74065
74182
74292
74484
74562
74691
74697
74678
74732
74744
74801
74705
74880
74778
74712
74630
74722
74436
74467
74141
74161
74221
74215
74249
74286
74174
73932
73735
73555
73284
73006
72859
72991
72962
72809
72544
72522
72320
72105
71753
71477
71218
70602
70126
69741
69294
68781
68399
67945
67734
67217
66904
66418
65850
65262
64587
64047
63318
62807
62247
61556
60908
60587
59882
59063
58456
57595
57275
56560
55851
55089
54402
53770
52987
52217
51532
50935
50047
49235
48489
47803
47295
46475
45658
44852
44072
43467
42902
42200
41603
40866
40186
39405
38610
38004
37299
36493
35724
35085
34421
33786
33090
32364
31878
31306
30699
30079
29557
28906
28345
27821
27214
26672
25958
25378
24749
24322
23784
23244
22776
22320
21922
21371
20888
20360
19795
19403
18986
18548
18167
17694
17251
16827
16397
16075
15725
15375
14979
14603
14304
13913
13561
13248
12883
12425
12013
11705
11374
11008
10753
10509
10237
9903
9560
9349
9104
8818
8505
8218
7959
7693
7497
7311
7081
6825
6601
6390
6216
5946
5785
5574
5469
5417
5226
5050
4901
4732
4576
4429
4240
4047
3928
3785
3566
3448
3340
3222
3062
2971
2903
2764
2703
2569
2506
2436
2353
2303
2220
2132
2048
2001
1911
1809
1728
1667
1590
1585
1520
1481
1419
1356
1296
1267
1200
1174
1135
1082
1035
981
937
905
858
833
805
775
758
718
684
692
670
641
606
586
560
543
518
477
454
451
434
413
399
385
365
335
319
303
310
292
270
270
262
253
247
234
230
215
183
175
160
156
160
155
149
133
133
123
118
118
113
97
90
81
79
69
65
60
58
51
50
45
52
49
44
39
37
37
39
33
34
34
35
35
35
31
29
25
21
20
22
20
17
15
14
13
12
12
11
9
9
10
10
6
6
5
5
4
7
8
5
5
4
4
5
3
3
2
2
1
0
0
0
0
0
0
0
0
0
0
0
0
0
0
0
0
0
0
0
0
0
0
0
0
0
0
0
0
0
0
0
0
0
0
0
0
0
0
0
0
0
0
0
0
0
0
0
0
0
0
0
0
0
0
0
0
0
0
0
0
0
0
0
0
0
0
0
0
0
0
0
0
0
0
0
0
0
0
