553
613
686
762
839
917
1015
1117
1232
1342
1473
1628
1768
1908
2054
2192
2351
2571
2777
2978
3182
3387
3572
3788
4008
4243
4534
4799
5037
5307
5622
5964
6298
6602
6922
7284
7622
8063
8442
8922
9342
9717
10021
10498
10966
11487
11987
12503
12959
13448
14016
14488
14981
15441
15898
16301
16884
17376
17847
18280
18787
19361
19848
20300
20783
21240
21710
22156
22734
23262
23921
24494
24963
25623
26320
26930
27606
28250
28818
29268
29822
30387
30859
31338
31896
32489
33034
33726
34324
34971
35674
36380
36985
37473
38174
38647
39329
39929
40479
41144
41733
42215
42893
43537
44214
44781
45282
45894
46527
47255
47794
48367
49041
49674
50371
51120
51674
52066
52615
53277
53933
54469
55135
55693
56121
56679
57435
58158
58804
59595
60286
60965
61579
62391
63170
63998
64752
65554
66362
66951
67786
68426
69141
69557
70181
71022
71995
72896
73539
74305
75121
75911
76551
77026
77871
78594
79292
80240
80910
81750
82707
83429
84229
84812
85419
86141
86809
87455
88358
89214
89971
90630
91264
91781
92486
93442
94173
94728
95318
95979
96896
97578
98109
98694
99398
99902
100655
101223
101968
102360
102758
103110
103409
103555
103782
103877
103973
103983
104143
104256
104268
104224
104175
104165
104127
104106
104068
103904
103813
103742
103583
103211
102958
102811
102687
102420
102107
101706
101518
101352
101097
101009
100869
100661
100166
99915
99460
99140
98660
98189
97911
97433
97005
96664
96258
96001
95670
95112
94605
93935
93296
92670
92099
91413
90703
89974
89372
88845
87928
87156
86334
85339
84595
83872
83120
82441
81621
80732
79944
79220
78338
77524
76655
75796
75174
74431
73863
73121
72495
71448
70614
69803
68938
67958
67050
66124
65271
64346
63332
62433
61627
60784
59743
58766
57941
57025
56164
55357
54656
53963
53061
52293
51578
50888
50244
49557
48922
48319
47468
46749
45966
45179
44422
43681
42912
42119
41274
40486
39802
39113
38478
37714
37067
36450
35739
34879
34255
33617
32961
32349
31915
31167
30530
29962
29307
28710
28067
27353
26713
26086
25537
25014
24303
23665
23061
22578
22132
21505
20880
20422
19921
19333
18770
18311
17895
17427
16947
16500
16004
15463
15036
14562
14221
13743
13322
12907
12521
12211
11819
11447
11079
10728
10340
9977
9614
9300
9012
8735
8445
8108
7850
7598
7368
7087
6875
6653
6453
6193
5950
5804
5564
5374
5190
5096
4900
4722
4582
4396
4254
4120
3983
3863
3675
3511
3338
3157
3002
2878
2746
2637
2531
2387
2306
2202
2101
1988
1922
1832
1804
1708
1629
1549
1453
1399
1321
1284
1234
1187
1160
1118
1042
998
968
923
910
880
848
786
771
715
688
707
672
649
629
593
549
501
478
469
454
444
407
390
364
357
329
313
290
272
262
248
246
228
224
214
206
196
193
193
180
166
162
151
141
132
124
121
115
102
95
93
87
88
77
79
74
77
79
76
66
60
61
58
52
55
52
48
48
48
46
43
39
37
35
39
38
39
35
35
36
32
34
30
25
22
22
20
19
18
15
14
11
11
9
7
9
9
7
7
7
4
4
5
5
4
3
2
2
1
1
1
2
2
0
0
0
0
0
0
0
0
0
0
0
0
0
0
0
0
0
0
0
0
0
0
0
0
0
0
0
0
0
0
0
0
0
0
0
0
0
0
0
0
0
0
0
0
0
0
0
0
0
0
0
0
0
0
0
0
0
0
0
0
0
0
0
0
0
0
