959574
921285
884300
848306
814061
780653
748734
718069
688610
660033
632840
606553
581639
557544
534450
512189
491021
470474
451004
432360
414138
396713
380242
364199
348825
334222
320211
306931
294222
281952
270242
258875
248272
238046
228050
218459
209333
200765
192541
184573
176908
169610
162639
156031
149625
143511
137624
132092
126781
121649
116751
112148
107610
103254
99102
95085
91246
87583
84076
80764
77588
74516
71588
68806
66060
63550
61187
58847
56579
54494
52464
50454
48553
46720
44964
43351
41829
40337
38910
37500
36248
34988
33722
32518
31394
30361
29296
28291
27367
26460
25558
24790
24013
23252
22507
21841
21176
20544
19908
19317
18819
18292
17855
17373
16921
16436
16051
15701
15229
14865
14525
14212
13921
13567
13310
12993
12736
12448
12178
11939
11753
11540
11299
11121
10946
10789
10610
10449
10293
10148
10070
9974
9850
9719
9622
9536
9440
9369
9304
9265
9233
9162
9066
8991
8947
8891
8848
8805
8801
8774
8726
8671
8657
8663
8677
8657
8669
8668
8660
8668
8670
8667
8654
8609
8609
8619
8620
8620
8660
8698
8745
8803
8789
8852
8932
8959
8998
9049
9104
9192
9260
9344
9403
9480
9568
9636
9742
9863
9976
10101
10230
10358
10527
10661
10839
10983
11148
11290
11415
11565
11705
11843
12009
12190
12324
12490
12616
12808
12944
13123
13256
13427
13579
13750
13942
14096
14272
14401
14561
14707
14867
15034
15201
15333
15498
15676
15809
16010
16167
16366
16556
16753
16943
17134
17289
17476
17662
17795
17975
18157
18321
18543
18775
19021
19246
19496
19742
19957
20218
20470
20715
20945
21199
21439
21696
21978
22219
22445
22681
22915
23167
23411
23641
23897
24126
24387
24659
24892
25160
25389
25655
25901
26123
26338
26577
26840
27080
27332
27569
27821
28066
28326
28541
28771
29000
29250
29507
29754
30002
30229
30446
30710
30938
31196
31462
31725
31962
32203
32469
32724
32967
33225
33452
33700
33934
34184
34439
34671
34923
35197
35441
35695
35936
36156
36410
36643
36905
37139
37365
37620
37833
38096
38309
38534
38759
38993
39249
39475
39731
39964
40204
40455
40715
40971
41197
41432
41707
41927
42187
42425
42689
42927
43163
43413
43656
43900
44163
44401
44666
44896
45135
45379
45611
45829
46086
46342
46593
46830
47075
47315
47547
47816
48060
48274
48549
48803
49030
49291
49537
49781
50012
50238
50475
50696
50910
51137
51370
51598
51830
52077
52300
52545
52795
53020
53272
53498
53721
53960
54208
54451
54705
54938
55186
55428
55642
55872
56096
56312
56563
56806
