39281
74488
106644
136234
162507
186573
207809
227152
243893
258949
271975
283444
292938
301095
307972
313659
317940
321435
323666
324976
325892
325853
325194
323965
321992
319640
316519
312936
308996
304903
300369
295822
290665
285721
280651
275413
269907
264525
259054
253521
247805
242088
236486
230609
225020
219151
213672
207902
202222
196798
191482
186047
180909
176003
170995
166058
161323
156616
152205
147571
143173
138864
134678
130601
126626
122678
118705
115001
111456
107917
104492
101217
98015
95037
92014
89040
86160
83453
80669
78077
75461
72973
70631
68366
65991
63728
61734
59764
57659
55687
53867
52006
50282
48584
47027
45464
43991
42601
41182
39847
38440
37169
35901
34770
33676
32613
31482
30379
29429
28467
27544
26600
25780
24937
24154
23480
22822
22186
21579
20988
20366
19700
19121
18520
17962
17402
16843
16334
15859
15391
14931
14523
14129
13745
13382
12958
12583
12226
11905
11600
11369
11113
10871
10582
10276
9983
9734
9527
9306
9120
8939
8759
8557
8412
8233
8042
7910
7733
7536
7414
7273
7138
7019
6895
6759
6629
6537
6414
6280
6171
6043
5922
5874
5767
5671
5599
5510
5410
5292
5177
5100
4998
4957
4855
4752
4658
4550
4441
4327
4239
4147
4051
3924
3827
3709
3596
3506
3419
3361
3306
3214
3123
3017
2931
2849
2787
2746
2682
2619
2591
2566
2508
2477
2440
2391
2376
2349
2322
2298
2251
2219
2184
2164
2128
2117
2107
2118
2089
2058
2006
1975
1907
1845
1812
1797
1769
1738
1740
1713
1701
1679
1618
1553
1462
1391
1327
1266
1203
1140
1070
1005
964
911
866
832
792
757
711
671
635
601
576
553
525
499
465
446
423
402
378
364
347
325
300
279
264
251
240
223
208
200
188
177
171
161
154
150
139
136
131
122
115
105
98
97
92
86
83
79
78
72
69
64
62
57
51
46
43
43
40
38
34
28
26
25
22
21
20
19
16
16
16
15
15
14
12
12
12
12
12
11
11
11
11
11
10
10
10
10
10
10
9
9
9
9
8
8
8
8
7
7
6
6
6
5
4
4
4
3
3
3
3
3
3
2
1
1
1
1
1
1
1
1
1
1
1
1
1
1
1
1
1
1
1
1
1
0
0
0
0
0
0
0
0
0
0
0
0
0
0
