6622
3243
2172
1729
1349
1176
1109
968
896
889
787
776
802
718
729
720
702
614
686
673
683
700
714
681
666
661
677
788
704
699
739
778
773
773
748
809
844
804
832
881
917
929
923
1057
996
1060
1041
1025
1069
1124
1184
1203
1202
1325
1300
1312
1369
1406
1489
1478
1542
1569
1627
1741
1713
1740
1860
1911
1938
2103
2055
2096
2253
2262
2391
2491
2590
2715
2796
2799
3035
2922
3105
3178
3202
3455
3489
3709
3733
3977
3994
4225
4190
4373
4569
4700
4948
5011
5229
5220
5454
5722
5829
6052
6264
6560
6678
6966
7273
7454
7639
7886
8279
8292
8705
8913
9281
9660
9822
10008
10286
10418
10857
11033
11298
11727
12345
12477
12805
13227
13899
13799
14132
14570
15106
15423
15919
16556
17030
17392
17757
18190
18343
18909
19500
19795
20261
20454
20901
21343
21516
21828
22211
22501
23291
23808
24342
24736
25098
25716
26261
26798
27337
27500
28194
28739
29014
29410
29892
30158
30692
30902
31582
32132
32451
32873
33317
33719
34040
34501
34984
35575
36256
36765
37311
38068
38460
38856
39098
39565
39831
40433
40710
41130
41583
41721
42220
42919
43545
43842
44218
44576
45265
45950
46564
47028
47858
48375
48844
49664
50277
51223
52108
52779
53755
54888
55778
56868
57633
58357
59168
59749
60668
61551
62306
63626
64543
65459
66418
67337
68152
69020
69651
70091
70603
71204
71788
72230
72900
73375
73669
73959
73997
74303
74483
74828
75186
75810
76576
77471
78481
79074
79664
80344
81230
82365
83517
84930
86061
87177
88572
90034
91420
92841
94162
95692
97467
99415
101258
103256
105482
107577
109963
112453
114826
117112
119522
121899
124533
127095
129481
131975
134629
137073
139618
142166
144800
147392
149698
152119
154592
157174
159737
162112
164544
167100
169512
171868
173865
176130
178336
180412
182500
184586
186636
188647
190643
192791
194843
196871
198723
200560
202458
204308
206118
207855
209447
211029
212622
214053
215349
216694
217891
219046
220161
221239
222460
223597
224714
225813
226850
227842
228825
229687
230620
231408
232291
233178
234024
234766
235547
236222
236877
237472
238066
238651
239160
239653
240123
240549
241027
241487
241946
242336
242720
243069
243424
243739
244070
244382
244673
244968
245246
245503
245752
245953
246185
246415
246643
246819
246997
247183
247356
247522
247662
247794
247904
248047
248153
248257
248369
248444
248539
248608
248698
248763
248843
248909
248973
249047
249098
249162
249215
249260
249306
249348
249394
249435
249463
249491
