21
41
67
91
115
132
150
170
195
218
237
257
280
302
316
338
365
383
405
423
449
468
487
504
525
537
566
584
608
619
635
659
680
698
712
737
754
773
794
807
826
845
859
868
898
918
937
954
976
995
1014
1038
1053
1069
1081
1114
1133
1147
1164
1188
1215
1234
1253
1274
1291
1312
1333
1351
1371
1386
1410
1431
1451
1481
1504
1522
1543
1561
1584
1607
1625
1646
1670
1694
1711
1738
1750
1765
1785
1806
1826
1850
1875
1899
1912
1937
1965
1991
2012
2028
2048
2062
2084
2107
2124
2147
2170
2195
2216
2238
2258
2286
2309
2331
2362
2388
2416
2443
2470
2497
2522
2534
2553
2571
2592
2618
2633
2657
2685
2713
2728
2751
2779
2806
2830
2847
2870
2891
2914
2931
2949
2961
2974
2987
3005
3024
3041
3063
3085
3102
3129
3155
3169
3185
3200
3222
3240
3265
3286
3307
3318
3337
3357
3377
3391
3408
3431
3456
3470
3493
3525
3551
3572
3594
3615
3637
3661
3678
3694
3717
3736
3754
3777
3797
3820
3834
3853
3877
3905
3928
3946
3966
3986
4009
4034
4049
4071
4088
4104
4120
4141
4163
4190
4208
4223
4247
4282
4302
4319
4348
4372
4391
4411
4430
4452
4473
4493
4510
4532
4551
4570
4587
4611
4638
4652
4672
4690
4712
4730
4751
4773
4798
4819
4841
4862
4887
4910
4930
4954
4978
5005
5023
5041
5055
5078
5099
5122
5138
5163
5187
5213
5239
5260
5280
5302
5326
5350
5366
5392
5412
5434
5451
5469
5497
5514
5540
5558
5578
5605
5626
5658
5677
5695
5717
5739
5757
5782
5799
5815
5840
5859
5883
5912
5930
5951
5970
5994
6012
6036
6058
6079
6105
6128
6148
6173
6196
6216
6231
6256
6276
6305
6320
6340
6361
6380
6409
6431
6449
6467
6488
6508
6527
6544
6562
6576
6597
6615
6639
6660
6679
6701
6713
6734
6760
6785
6807
6829
6847
6872
6886
6908
6927
6947
6966
6993
7013
7031
7051
7070
7091
7107
7129
7152
7172
7194
7220
7244
7266
7283
7310
7338
7365
7383
7411
7434
7458
7477
7503
7524
7548
7571
7591
7611
7629
7652
7674
7694
7719
7730
7747
7768
7786
7806
7836
7862
7890
7902
7918
7936
7954
7982
7999
8023
8044
8069
8093
8113
8137
8159
8183
8209
8233
8253
8271
8299
8324
8348
8367
8390
8416
