0
2
3
5
13
18
24
37
46
56
59
74
87
95
105
115
127
134
138
145
147
158
158
162
171
177
183
188
196
197
207
213
215
221
225
224
228
229
229
233
244
241
240
241
243
243
245
251
257
258
255
251
256
258
262
268
273
275
273
283
289
292
289
288
282
280
280
278
285
285
281
278
281
284
282
281
289
282
275
273
277
275
271
272
268
267
263
262
262
264
261
257
254
251
244
243
240
245
250
246
245
248
244
243
246
240
242
244
245
242
247
247
247
248
240
238
241
236
232
231
229
230
229
222
221
221
221
220
216
212
212
214
211
205
202
201
202
201
200
199
198
203
202
201
205
202
198
194
192
189
194
192
194
196
196
200
195
191
195
196
194
193
192
190
183
180
178
174
177
175
176
174
175
172
169
164
166
164
166
167
164
163
163
164
162
160
156
153
153
149
148
147
149
145
144
146
143
137
138
138
140
137
135
137
134
137
137
133
129
127
128
126
121
122
116
113
112
110
110
106
107
105
105
106
107
105
104
101
98
94
94
92
94
91
87
85
80
79
79
79
81
80
75
75
74
75
74
74
72
72
70
66
64
60
57
53
50
48
47
44
44
44
44
44
44
41
40
39
39
37
37
36
35
35
32
33
33
34
33
32
29
28
28
27
26
28
28
25
24
22
22
22
23
21
21
21
21
21
20
19
18
17
16
16
16
15
15
16
15
13
12
11
12
12
11
10
10
10
10
9
9
8
8
8
8
8
8
8
8
8
8
7
7
7
7
7
7
7
7
7
7
7
7
7
7
7
7
5
5
4
3
3
3
3
3
2
2
2
2
2
2
3
3
3
3
3
3
3
3
3
3
2
2
2
2
2
2
2
2
2
2
2
2
2
2
2
2
2
2
2
2
2
2
2
2
2
2
2
2
2
