7
18
27
31
43
42
36
42
42
40
39
45
42
46
42
45
47
47
49
48
39
37
31
33
37
34
29
36
33
37
33
35
33
32
30
31
36
37
43
43
41
38
37
46
47
51
48
45
44
47
49
49
49
46
50
52
54
60
56
62
63
69
76
81
85
86
95
95
96
104
107
104
100
102
103
103
98
105
106
116
116
114
119
119
118
117
121
125
126
130
138
141
149
155
161
159
167
163
164
171
183
194
195
203
215
216
216
221
231
237
241
249
255
263
266
267
273
281
284
289
288
294
294
295
301
308
316
320
323
327
332
338
343
354
358
363
380
382
389
396
408
417
420
428
438
445
449
459
457
463
473
481
485
494
503
510
516
523
526
534
542
548
557
562
564
566
573
585
591
601
607
614
615
619
629
641
644
645
657
663
668
678
682
691
704
712
717
718
724
740
750
758
766
778
788
800
804
805
815
826
837
837
837
844
846
847
856
867
873
883
895
905
917
928
931
943
952
966
971
984
994
1002
1011
1019
1027
1038
1045
1055
1065
1078
1089
1095
1105
1122
1133
1142
1149
1159
1172
1180
1183
1189
1201
1211
1221
1235
1242
1253
1270
1281
1295
1309
1316
1330
1336
1345
1356
1364
1378
1393
1403
1410
1423
1434
1443
1454
1464
1477
1486
1494
1504
1511
1518
1521
1522
1530
1538
1547
1559
1567
1582
1588
1599
1608
1620
1634
1646
1653
1663
1675
1687
1693
1704
1712
1721
1733
1741
1751
1766
1776
1785
1797
1807
1818
1825
1836
1845
1853
1862
1870
1877
1885
1897
1908
1918
1935
1949
1958
1974
1984
1996
2011
2023
2032
2042
2051
2061
2072
2080
2088
2099
2113
2119
2123
2139
2148
2160
2171
2185
2197
2208
2222
2236
2242
2253
2263
2280
2295
2303
2316
2324
2334
2344
2354
2362
2373
2381
2393
2410
2427
2438
2447
2462
2473
2482
2490
2494
2504
2518
2520
2528
2536
2546
2557
2567
2575
2582
2596
2607
2618
2626
2632
2639
2652
2669
2681
2686
2700
2710
2720
2730
2736
2745
2755
2770
2780
2791
2803
2816
2828
