6
15
39
39
41
41
35
47
48
48
55
51
45
44
45
33
36
32
28
27
35
31
29
33
35
31
32
32
35
34
34
32
33
36
33
33
33
35
41
42
39
42
40
37
39
43
41
40
40
43
52
65
65
62
58
56
58
61
64
77
74
64
64
58
61
59
57
56
57
62
60
65
70
71
78
85
88
98
106
111
110
109
116
117
115
107
108
114
120
125
130
137
139
153
159
165
178
180
189
191
193
203
202
209
210
208
221
230
232
236
238
245
252
259
268
270
272
272
278
288
290
292
301
309
310
317
324
327
339
348
349
354
365
380
385
389
397
407
415
419
429
437
440
444
448
456
457
462
468
475
491
494
496
497
501
508
522
532
548
554
556
566
575
588
596
614
618
627
638
644
656
660
665
669
678
682
685
692
699
710
712
719
725
729
736
739
741
750
753
762
761
764
771
773
780
786
793
802
812
821
828
830
839
843
845
848
854
859
868
873
881
896
905
910
915
921
928
930
938
948
956
958
963
964
969
976
986
996
1000
1011
1024
1026
1037
1049
1057
1066
1077
1085
1093
1101
1111
1116
1120
1126
1131
1134
1142
1148
1160
1173
1176
1177
1181
1193
1205
1213
1220
1224
1233
1244
1251
1261
1275
1282
1293
1301
1311
1317
1325
1333
1348
1361
1371
1382
1401
1417
1433
1446
1459
1465
1472
1480
1491
1500
1504
1519
1531
1545
1550
1565
1573
1579
1595
1612
1619
1629
1643
1652
1658
1669
1685
1692
1699
1714
1722
1731
1741
1754
1760
1768
1773
1782
1793
1805
1812
1819
1829
1845
1855
1867
1877
1889
1905
1916
1929
1938
1951
1962
1979
1988
2000
2012
2029
2042
2052
2057
2071
2085
2099
2110
2119
2129
2138
2148
2159
2170
2185
2194
2201
2210
2216
2224
2237
2250
2257
2268
2278
2297
2309
2322
2332
2348
2359
2372
2384
2394
2404
2418
2434
2442
2455
2468
2476
2485
2493
2502
2510
2519
2524
2538
2546
2557
2563
2572
2585
2598
2607
2616
2628
2636
2646
2657
2668
2684
2695
2706
2717
2722
2728
2740
