10
21
35
42
46
43
47
51
49
50
42
42
42
43
44
40
35
36
34
34
36
29
33
30
29
35
30
29
26
34
38
33
32
36
40
33
30
32
38
43
47
46
40
42
43
49
50
57
55
56
62
63
61
67
63
60
49
51
55
59
64
64
70
72
78
71
75
79
78
85
85
80
85
94
101
107
106
114
113
116
122
126
131
129
134
135
138
132
138
142
145
145
152
158
155
162
161
164
168
175
180
177
175
184
185
188
191
193
200
201
212
209
223
227
233
234
236
242
246
256
262
272
271
273
274
279
279
286
297
305
308
315
321
328
336
343
348
356
352
356
368
376
383
391
398
406
413
426
431
431
437
442
448
452
453
456
465
467
477
487
491
498
504
510
511
520
532
536
536
545
556
569
579
582
593
599
608
614
621
630
633
639
649
658
668
678
683
693
700
711
709
721
738
754
761
763
766
772
785
795
804
809
825
838
843
851
863
875
888
896
902
908
908
919
927
939
951
962
973
982
998
1000
1010
1014
1017
1024
1031
1043
1054
1066
1077
1079
1091
1099
1111
1119
1131
1139
1156
1167
1179
1190
1198
1208
1216
1223
1231
1242
1249
1259
1267
1275
1287
1296
1304
1309
1324
1331
1343
1355
1364
1372
1383
1390
1401
1407
1420
1433
1444
1454
1466
1476
1483
1496
1510
1525
1541
1551
1559
1567
1582
1598
1611
1624
1635
1647
1658
1667
1680
1686
1692
1704
1716
1729
1744
1756
1770
1781
1794
1805
1814
1824
1830
1839
1851
1863
1875
1888
1898
1907
1919
1924
1938
1942
1950
1958
1968
1977
1990
2002
2013
2025
2034
2045
2056
2067
2081
2090
2105
2117
2126
2143
2153
2158
2169
2181
2193
2200
2209
2223
2231
2243
2257
2270
2281
2293
2312
2321
2333
2343
2352
2366
2375
2383
2390
2401
2413
2419
2430
2437
2448
2458
2469
2482
2493
2503
2513
2520
2526
2537
2550
2562
2568
2582
2595
2607
2620
2630
2641
2650
2661
2672
2680
2697
2709
2718
2729
2739
2747
2757
2767
2783
2790
2803
2813
2822
2835
2843
2852
2863
