4
19
63
124
191
277
366
476
579
683
809
933
1056
1184
1294
1414
1545
1674
1812
1963
2081
2177
2318
2418
2553
2670
2782
2892
3010
3121
3240
3328
3449
3571
3699
3806
3919
4024
4142
4253
4345
4470
4585
4717
4814
4905
5017
5079
5153
5266
5336
5421
5493
5580
5662
5744
5812
5900
5984
6053
6121
6205
6285
6364
6436
6504
6591
6639
6714
6776
6847
6918
6994
7045
7103
7138
7190
7241
7271
7331
7387
7424
7454
7497
7537
7580
7621
7651
7681
7701
7725
7746
7768
7782
7811
7851
7870
7889
7903
7936
7945
7963
7967
7974
7994
8002
8001
8014
8028
8044
8055
8056
8059
8064
8068
8081
8075
8070
8069
8068
8082
8083
8085
8078
8082
8078
8083
8081
8069
8065
8050
8042
8020
7987
7977
7974
7964
7955
7948
7928
7925
7901
7906
7902
7891
7876
7874
7858
7853
7851
7847
7854
7849
7839
7825
7808
7791
7787
7775
7756
7732
7721
7701
7691
7684
7680
7670
7648
7638
7631
7618
7613
7602
7593
7581
7566
7555
7527
7525
7518
7506
7482
7470
7438
7419
7401
7378
7369
7355
7336
7318
7302
7294
7284
7273
7262
7256
7235
7218
7202
7184
7167
7148
7137
7128
7109
7087
7078
7064
7043
7031
7019
7001
6993
6980
6958
6949
6943
6934
6919
6917
6904
6900
6894
6892
6884
6876
6862
6856
6842
6828
6822
6803
6791
6785
6765
6758
6752
6731
6716
6702
6692
6685
6678
6660
6652
6646
6629
6608
6605
6599
6583
6575
6572
6557
6534
6527
6519
6493
6482
6467
6446
6423
6411
6401
6392
6382
6377
6365
6343
6331
6327
6320
6315
6311
6306
6299
6294
6282
6283
6277
6266
6255
6242
6231
6224
6210
6208
6197
6190
6170
6165
6150
6141
6133
6119
6109
6097
6091
6087
6070
6072
6063
6057
6063
6047
6035
6028
6023
6007
5986
5973
5960
5951
5951
5941
5928
5912
5898
5895
5892
5892
5891
5881
5869
5864
5854
5857
5851
5832
5824
5807
5795
5796
5791
5782
5774
5775
5747
5738
5735
5729
5720
5709
5704
5689
5678
5671
5652
5646
5631
5628
5620
5609
5607
5604
5598
5590
5579
5578
5579
5573
5573
5569
5563
5556
5542
5530
5511
5507
5491
5473
5467
5450
5442
5431
5420
5414
5400
5390
5381
5370
5361
5355
5340
5326
5313
5301
5296
5290
5279
5276
5277
5270
5264
5257
5245
5238
5224
5212
