3
23
65
116
201
285
385
485
598
724
842
955
1074
1199
1309
1431
1553
1671
1797
1911
2035
2167
2287
2395
2511
2632
2774
2899
3024
3150
3266
3375
3486
3594
3705
3803
3908
4024
4126
4235
4317
4404
4501
4607
4709
4805
4900
4983
5074
5157
5250
5324
5410
5496
5568
5648
5748
5823
5899
5976
6059
6151
6232
6297
6352
6434
6511
6571
6648
6709
6782
6823
6888
6949
6996
7041
7090
7116
7160
7193
7242
7295
7348
7397
7429
7469
7487
7517
7527
7566
7586
7607
7634
7638
7645
7665
7683
7704
7719
7741
7740
7759
7769
7789
7781
7780
7777
7796
7808
7816
7811
7810
7816
7818
7827
7834
7821
7818
7818
7823
7831
7839
7817
7807
7803
7799
7781
7767
7760
7749
7753
7743
7737
7732
7734
7726
7715
7720
7701
7688
7678
7674
7665
7664
7668
7666
7653
7651
7640
7643
7634
7619
7608
7601
7581
7570
7562
7551
7543
7531
7517
7501
7481
7469
7441
7430
7413
7402
7404
7386
7357
7345
7325
7315
7311
7287
7289
7279
7271
7260
7244
7240
7227
7214
7191
7192
7190
7178
7160
7151
7139
7127
7122
7108
7093
7085
7081
7075
7058
7038
7036
7018
6998
6987
6978
6959
6945
6935
6915
6913
6902
6894
6873
6859
6844
6836
6832
6810
6806
6787
6767
6751
6740
6723
6704
6694
6687
6678
6671
6648
6622
6612
6596
6585
6584
6569
6550
6528
6525
6508
6504
6497
6481
6463
6467
6467
6457
6443
6427
6421
6403
6394
6386
6365
6359
6350
6337
6325
6311
6291
6277
6267
6246
6243
6228
6217
6209
6194
6180
6170
6154
6133
6124
6110
6102
6085
6076
6051
6035
6012
5999
5992
5982
5973
5962
5951
5958
5946
5942
5936
5931
5923
5918
5902
5898
5889
5881
5872
5868
5860
5846
5821
5806
5794
5791
5791
5782
5774
5761
5761
5753
5735
5724
5719
5707
5697
5682
5673
5656
5647
5638
5630
5629
5615
5600
5600
5593
5579
5567
5559
5552
5544
5531
5525
5516
5508
5505
5505
5496
5486
5469
5464
5452
5449
5433
5436
5424
5427
5416
5413
5415
5402
5394
5385
5371
5356
5350
5339
5334
5326
5321
5304
5297
5294
5288
5288
5286
5283
5272
5260
5254
5252
5252
5253
5251
5250
5244
5235
5231
5224
5218
5208
5190
5186
5191
5174
5150
5149
5151
5137
5139
5139
5134
5116
5104
5102
5097
5093
5077
5066
