960018
921220
883485
847024
812074
778214
745969
714648
684679
655887
628267
601821
576338
552081
528897
506691
485578
464790
445174
426408
408318
391027
374624
359001
343711
329114
315255
301985
289447
277248
265604
254566
243981
233737
224139
215117
206419
197844
189578
181735
174303
166991
160034
153462
147177
141150
135471
130017
124716
119882
115090
110400
106077
101873
97751
93935
90245
86588
83220
79870
76778
73795
71031
68308
65698
63275
60935
58657
56464
54346
52362
50584
48788
47000
45324
43728
42286
40767
39323
37975
36662
35449
34285
33075
32023
30968
29898
28977
28159
27251
26472
25692
24923
24163
23464
22783
22134
21480
20796
20221
19660
19123
18629
18139
17613
17161
16706
16311
15878
15489
15116
14754
14448
14166
13831
13525
13247
12952
12658
12371
12154
11903
11679
11434
11190
10983
10781
10632
10441
10268
10103
9949
9763
9586
9479
9339
9195
9085
8928
8817
8681
8554
8423
8303
8182
8075
7952
7839
7722
7648
7590
7550
7453
7372
7351
7258
7232
7185
7145
7101
7071
7053
6990
6943
6908
6870
6838
6780
6733
6682
6674
6618
6579
6525
6513
6531
6511
6481
6432
6432
6389
6382
6314
6281
6269
6295
6223
6173
6130
6148
6151
6150
6153
6173
6187
6170
6169
6160
6146
6099
6059
6035
6020
5999
5997
5995
5974
5985
5969
5930
5915
5918
5908
5938
5948
5905
5891
5877
5848
5828
5858
5856
5894
5861
5865
5897
5917
5893
5887
5864
5863
5838
5804
5799
5799
5763
5729
5737
5747
5747
5708
5705
5708
5723
5744
5777
5783
5795
5779
5788
5786
5795
5752
5761
5772
5760
5799
5787
5749
5770
5731
5728
5749
5726
5670
5672
5627
5661
5638
5636
5665
5679
5696
5701
5709
5699
5705
5663
5646
5596
5579
5568
5625
5639
5642
5641
5674
5688
5706
5701
5717
5736
5744
5721
5737
5733
5716
5742
5754
5740
5726
5688
5676
5697
5696
5691
5675
5633
5630
5605
5616
5598
5610
5638
5677
5734
5752
5764
5753
5754
5781
5759
5773
5766
5769
5752
5730
5734
5710
5771
5768
5789
5769
5767
5734
5710
5694
5648
5644
5634
5605
5613
5630
5612
5644
5678
5681
5695
5717
5708
5693
5687
5701
5740
5736
5751
5772
5747
5784
5799
5822
5839
5849
5896
5912
5922
5944
5971
5981
6012
6041
6055
6085
6083
6126
6120
6154
6180
6215
6260
6234
6261
6269
6298
6282
6297
6276
6295
6366
6424
6488
6505
6575
6592
6629
6634
6693
6692
6730
6731
