959947
920882
883386
847029
811593
777630
745209
713750
683621
654927
627140
600742
575601
551271
528127
505810
484372
464004
444562
425736
407664
390568
374033
358270
343369
328879
315279
302151
289582
277661
265997
254876
244323
234250
224552
215265
206358
197977
189748
181804
174283
166943
160192
153518
147249
141241
135547
130118
124935
119892
115028
110457
106066
101801
97864
94131
90366
86953
83563
80321
77403
74444
71613
68924
66285
63860
61487
59236
57058
55011
52976
51025
49149
47336
45638
44037
42502
41026
39671
38340
37038
35798
34659
33580
32477
31400
30379
29424
28509
27611
26800
25958
25182
24421
23671
22958
22293
21645
21011
20452
19874
19332
18802
18290
17822
17348
16837
16395
15919
15547
15166
14770
14418
14137
13822
13536
13215
12924
12632
12386
12075
11819
11573
11310
11051
10866
10707
10471
10293
10090
9929
9772
9604
9454
9269
9137
8995
8832
8720
8610
8480
8377
8272
8162
8048
7986
7895
7779
7671
7567
7478
7408
7374
7281
7221
7209
7137
7068
7035
6937
6895
6836
6800
6733
6675
6648
6617
6586
6552
6489
6455
6421
6416
6396
6341
6290
6276
6196
6169
6126
6087
6069
6036
6012
6009
5989
5964
6004
5994
5988
5961
5965
5924
5924
5881
5884
5903
5896
5924
5895
5874
5859
5839
5846
5821
5809
5821
5815
5804
5769
5749
5816
5786
5779
5807
5858
5839
5839
5805
5807
5739
5777
5770
5797
5831
5800
5778
5784
5798
5788
5781
5758
5754
5721
5722
5755
5780
5766
5763
5765
5762
5737
5728
5742
5718
5697
5718
5678
5650
5664
5674
5661
5650
5642
5643
5667
5659
5659
5651
5665
5690
5726
5759
5744
5764
5760
5753
5754
5751
5760
5801
5776
5749
5759
5773
5783
5779
5800
5791
5764
5780
5776
5751
5734
5745
5756
5696
5658
5652
5679
5670
5679
5651
5647
5655
5678
5650
5632
5633
5640
5659
5678
5706
5713
5670
5639
5647
5642
5642
5679
5679
5663
5685
5666
5672
5663
5690
5713
5664
5678
5682
5702
5708
5680
5716
5728
5718
5740
5750
5791
5768
5759
5756
5758
5721
5740
5758
5733
5690
5707
5707
5716
5706
5717
5671
5697
5705
5736
5713
5700
5719
5713
5715
5683
5704
5713
5746
5706
5705
5715
5700
5713
5737
5744
5774
5735
5709
5683
5714
5681
5700
5698
5652
5696
5711
5695
5716
5713
5722
5748
5749
5726
5720
5692
5725
5757
5720
5747
5759
5795
5847
5876
5919
5918
5925
5943
5941
5954
5968
5963
