35523
61570
80628
93670
102150
108127
111056
112432
112223
111243
109088
106470
103746
100512
97695
94460
91042
87560
83940
80861
77480
74226
71224
68308
65389
62882
60162
57550
55313
52882
50465
48603
46507
44701
42623
40648
39098
37433
35817
34181
32805
31180
29938
28756
27651
26345
25259
24383
23532
22516
21421
20517
19657
18866
18002
17308
16567
15745
15191
14561
13964
13454
12920
12414
11947
11500
10959
10582
10146
9830
9434
9014
8741
8351
7960
7599
7291
7054
6860
6704
6479
6236
6022
5785
5539
5343
5204
5038
4736
4581
4483
4347
4219
4063
3935
3810
3669
3571
3456
3345
3299
3300
3211
3153
3073
2923
2846
2711
2666
2628
2567
2515
2458
2412
2319
2311
2254
2194
2168
2102
2073
2054
1988
1975
1952
1891
1881
1809
1799
1754
1753
1706
1654
1642
1638
1622
1598
1558
1479
1470
1485
1467
1460
1434
1393
1360
1370
1299
1267
1280
1286
1262
1271
1263
1272
1284
1296
1290
1281
1249
1260
1265
1238
1198
1185
1161
1141
1141
1137
1145
1124
1142
1113
1113
1083
1070
1025
1025
1032
1069
1113
1076
1075
1040
1100
1081
1067
1047
1011
1021
1041
988
974
1002
1015
1002
1019
1024
1016
980
946
952
917
910
938
931
918
954
970
964
942
921
902
893
872
934
925
909
952
962
948
969
939
953
982
990
980
982
984
992
1000
968
952
956
946
941
918
921
896
913
936
932
932
911
925
912
938
959
938
951
958
929
907
968
946
948
926
930
909
932
944
915
914
892
895
899
888
903
913
945
955
945
941
923
947
958
948
968
950
941
938
944
926
913
886
906
886
909
892
884
909
888
940
953
916
885
888
888
894
918
930
930
909
910
898
900
898
925
923
958
939
888
900
924
914
912
925
934
960
940
882
895
883
908
917
893
906
908
919
924
922
923
912
886
908
909
923
932
972
968
927
929
947
951
970
968
946
898
907
909
936
952
940
933
919
933
918
919
909
911
927
942
969
961
960
931
965
928
877
897
897
925
918
914
907
906
912
894
897
915
896
898
870
891
949
908
940
942
954
919
885
920
924
904
892
903
884
883
872
888
