57436
35114
25898
22478
20307
19172
18748
18284
18306
18575
19106
19340
19961
20460
20758
21681
22453
22913
23879
24701
25818
26619
27693
28164
29779
31043
32000
33296
34094
35672
37431
38255
39719
41114
42494
44361
45415
47505
49195
50477
52716
54308
57201
58191
59853
61905
64064
66500
68254
70498
72321
74229
76321
78394
81101
83574
85969
88804
91430
93211
96055
98397
100544
103556
106441
108750
110910
113334
116375
118920
120973
123225
124993
126906
129106
131466
133105
134906
137117
139175
141873
144317
146632
149333
152246
154768
156540
158235
159922
162086
164523
166306
168475
169730
171237
173239
174383
175610
176971
178270
179441
180598
181490
182421
184507
186668
188402
189472
190422
191492
192989
193705
194467
194861
195066
195959
196829
197473
198420
198890
199620
200049
200699
201690
202015
202591
203415
204254
204839
204944
206046
206580
207216
208280
208961
209129
209947
210244
210627
211269
212194
213220
213811
214168
214353
214794
215248
215362
215901
216338
216888
216834
216725
217243
217433
217635
218289
218648
219052
219603
219977
220565
220805
220630
220618
221078
221227
221338
221524
221785
222155
222354
221843
221697
221713
221546
221473
222187
222660
222862
223181
223617
223706
223678
223746
224020
223971
224308
224283
224140
224112
223653
224063
224150
224353
224257
224600
224656
224737
224825
225088
225560
225513
224989
224958
225584
225778
225656
225518
225736
225512
225529
225644
225113
225386
225728
226043
225857
226066
225737
225855
225820
225620
225779
225770
225671
226118
226640
227197
227011
226855
226707
226528
226076
225724
225993
226154
226538
227010
227015
227055
227108
226983
226436
225955
225205
225259
225302
225463
225633
225402
225265
224819
225046
225359
225616
225642
225770
226022
226342
226137
226103
226300
226220
226338
226732
227051
227480
226942
226481
226288
226101
226387
226861
227148
227157
227057
226952
226286
226127
226214
226250
226559
226513
226396
226376
226133
225797
225897
225665
225610
225689
225679
225898
225598
225575
225249
225392
225893
225959
225805
225667
225358
225184
225346
225411
225538
225545
225646
225406
225565
225971
225924
225876
226303
226792
227087
227492
227578
227447
226958
226645
226220
226329
226305
226851
227002
226728
226177
226406
226246
226051
225920
226416
226153
226039
226174
226032
225828
225940
226187
226251
226367
226614
226435
226176
226419
226784
226969
227044
227219
227346
227310
227306
227016
227030
226641
226727
226882
226904
227208
227356
227471
227751
227643
227648
227551
227389
227404
227312
227043
227061
227046
227251
227171
227396
227376
227160
226610
226711
226911
227124
226933
226833
227440
227724
227606
227553
227591
227560
227808
227778
227670
227549
227625
227738
227751
227680
227819
228134
