18
41
72
97
116
142
160
179
200
222
248
270
289
317
341
370
391
414
430
455
486
505
529
551
570
583
610
631
652
669
694
717
737
758
780
805
832
854
873
891
922
938
958
983
1003
1022
1042
1074
1095
1120
1144
1172
1195
1221
1245
1261
1278
1292
1308
1321
1350
1370
1389
1405
1425
1453
1473
1495
1522
1544
1566
1595
1616
1636
1654
1671
1693
1712
1738
1758
1776
1796
1813
1833
1855
1877
1897
1910
1927
1951
1964
1978
2000
2022
2042
2065
2086
2109
2129
2152
2174
2201
2220
2236
2255
2283
2312
2335
2356
2380
2402
2424
2450
2473
2510
2538
2548
2568
2589
2615
2643
2667
2692
2711
2735
2753
2769
2784
2798
2815
2840
2868
2890
2920
2947
2963
2984
3004
3019
3043
3058
3072
3091
3116
3131
3152
3174
3196
3216
3233
3257
3272
3290
3313
3336
3361
3384
3418
3436
3458
3473
3488
3509
3528
3547
3567
3592
3615
3637
3660
3686
3720
3738
3765
3785
3804
3829
3850
3872
3892
3913
3929
3955
3975
3998
4021
4038
4067
4081
4106
4125
4149
4166
4178
4197
4221
4239
4254
4272
4298
4323
4342
4368
4391
4419
4444
4465
4491
4508
4534
4560
4578
4605
4629
4650
4666
4686
4711
4727
4746
4770
4791
4813
4829
4851
4870
4896
4908
4930
4956
4984
5004
5014
5037
5057
5070
5089
5111
5134
5152
5181
5194
5218
5239
5261
5286
5306
5323
5340
5352
5379
5402
5421
5444
5467
5490
5503
5523
5535
5554
5570
5591
5617
5637
5648
5665
5691
5712
5734
5764
5781
5796
5818
5843
5865
5887
5917
5940
5963
5989
6011
6028
6050
6065
6092
6110
6130
6150
6170
6190
6211
6228
6251
6275
6296
6315
6337
6359
6377
6403
6424
6451
6467
6487
6504
6530
6548
6578
6591
6615
6631
6653
6668
6686
6711
6732
6750
6774
6798
6825
6839
6854
6873
6889
6915
6938
6956
6978
6995
7017
7048
7069
7090
7115
7138
7154
7170
7188
7208
7223
7246
7267
7288
7309
7341
7353
7382
7399
7424
7452
7478
7499
7516
7537
7562
7595
7616
7636
7659
7682
7700
7717
7741
7760
7780
7799
7823
7845
7866
7885
7913
7940
7955
7979
8002
8025
8050
8075
8094
8120
8139
8163
8187
8214
8244
8258
8281
8301
8327
8347
8365
8383
8400
8421
8449
8466
8490
8500
8521
8543
