23
49
65
84
104
129
155
177
201
224
237
266
293
322
335
352
373
390
418
438
455
475
498
517
536
550
573
591
611
634
659
677
694
713
736
751
773
793
812
837
859
868
882
902
921
943
963
982
1001
1033
1056
1080
1101
1128
1150
1170
1192
1212
1236
1256
1282
1295
1315
1331
1348
1370
1389
1402
1430
1449
1462
1480
1500
1521
1539
1558
1578
1596
1617
1633
1651
1669
1694
1710
1730
1758
1775
1792
1816
1841
1866
1887
1902
1925
1956
1976
1996
2017
2034
2049
2069
2091
2103
2130
2148
2177
2207
2227
2255
2272
2293
2313
2332
2356
2375
2398
2423
2444
2458
2481
2510
2530
2558
2580
2600
2618
2633
2650
2672
2701
2723
2750
2766
2789
2816
2832
2847
2872
2886
2914
2937
2963
2985
3006
3020
3042
3058
3079
3104
3122
3139
3159
3171
3196
3221
3242
3256
3271
3293
3315
3334
3362
3393
3424
3448
3465
3491
3522
3544
3564
3583
3609
3631
3643
3660
3681
3704
3728
3748
3770
3797
3824
3849
3871
3888
3917
3935
3960
3988
4016
4039
4063
4091
4108
4137
4156
4175
4195
4217
4230
4250
4271
4305
4338
4356
4376
4400
4425
4453
4473
4500
4524
4550
4576
4598
4617
4637
4658
4674
4696
4714
4731
4752
4775
4789
4811
4836
4854
4873
4889
4907
4927
4942
4963
4982
5003
5024
5038
5053
5072
5093
5116
5133
5150
5169
5181
5204
5224
5242
5266
5285
5300
5322
5339
5358
5380
5402
5420
5452
5475
5502
5520
5544
5569
5583
5601
5626
5650
5674
5688
5704
5718
5739
5759
5777
5803
5825
5842
5866
5879
5903
5922
5940
5972
5991
6011
6031
6057
6081
6091
6118
6133
6163
6192
6216
6236
6251
6265
6282
6304
6325
6343
6367
6385
6412
6432
6449
6476
6502
6531
6557
6583
6613
6639
6657
6682
6705
6728
6750
6766
6801
6817
6833
6848
6867
6880
6901
6926
6952
6976
6994
7009
7028
7052
7077
7096
7112
7136
7154
7175
7200
7220
7240
7259
7281
7303
7318
7332
7351
7376
7406
7430
7453
7469
7491
7510
7530
7542
7567
7583
7610
7630
7660
7682
7706
7723
7741
7764
7784
7800
7821
7841
7855
7874
7897
7927
7950
7963
7985
8006
8033
8041
8059
8074
8094
8126
8142
8160
8185
8204
8218
8235
8262
8278
8304
8329
8342
8367
8388
8409
