100
136
133
123
124
108
114
92
104
98
86
102
104
109
102
112
113
121
133
129
127
125
138
140
170
174
175
186
183
191
178
178
194
203
201
203
218
238
242
272
274
281
293
309
330
337
337
363
386
411
419
431
444
471
484
491
504
532
540
554
569
594
630
648
691
719
723
747
755
802
838
867
901
920
970
987
1043
1062
1106
1129
1160
1198
1236
1251
1281
1316
1360
1397
1438
1459
1496
1540
1583
1629
1651
1685
1741
1777
1816
1856
1896
1945
1995
2037
2082
2134
2175
2208
2249
2297
2353
2412
2471
2534
2593
2639
2674
2704
2757
2811
2859
2900
2974
3018
3063
3104
3144
3199
3242
3299
3382
3445
3496
3553
3620
3681
3726
3780
3832
3894
3915
3977
3995
4034
4078
4137
4187
4246
4287
4342
4385
4426
4473
4536
4588
4628
4675
4716
4748
4826
4902
4955
5005
5057
5103
5136
5194
5261
5317
5375
5432
5475
5534
5604
5656
5703
5760
5817
5851
5887
5946
5975
6023
6081
6119
6194
6256
6306
6353
6371
6396
6443
6511
6538
6581
6635
6660
6701
6734
6787
6842
6867
6914
6938
6993
7038
7076
7111
7163
7222
7281
7319
7355
7394
7446
7475
7512
7541
7599
7665
7695
7731
7761
7788
7820
7877
7904
7949
7990
8013
8051
8058
8082
8130
8153
8184
8179
8193
8200
8236
8243
8274
8297
8313
8355
8374
8404
8437
8462
8490
8506
8533
8561
8591
8620
8612
8659
8662
8701
8718
8756
8796
8813
8817
8826
8843
8876
8882
8881
8901
8939
8968
9009
9024
9048
9055
9065
9087
9105
9110
9135
9170
9205
9206
9205
9231
9238
9277
9283
9311
9335
9347
9368
9377
9392
9412
9440
9457
9508
9530
9544
9562
9568
9563
9601
9597
9629
9617
9642
9665
9689
9714
9723
9722
9746
9781
9819
9814
9845
9864
9894
9903
9920
9919
9922
9929
9949
9971
9993
10021
10032
10066
10085
10061
10080
10096
10083
10112
10121
10123
10123
10138
10137
10154
10145
10151
10183
10204
10233
10262
10291
10300
10335
10353
10354
10357
10368
10356
10393
10409
10444
10457
10475
10488
10469
10459
10489
10528
10529
10564
10592
10618
10627
10634
10673
10708
10727
10729
10725
10729
10753
10785
10777
10796
10832
10856
10871
10884
10921
10944
10943
10936
10947
10965
10984
11025
11068
11076
11086
11108
