602
730
855
1037
1173
1342
1511
1702
1917
2080
2202
2337
2482
2651
2789
2909
3020
3169
3258
3358
3325
3287
3226
3163
3137
3078
2973
2882
2767
2685
2606
2515
2388
2301
2186
2081
1974
1879
1732
1633
1534
1435
1327
1288
1244
1173
1110
1061
989
948
886
853
808
759
712
639
598
592
553
541
488
469
453
446
431
390
368
380
387
393
400
385
357
328
319
313
300
278
283
271
282
291
270
263
244
239
235
236
228
242
251
246
227
234
231
242
249
246
237
237
230
242
230
236
235
226
213
206
185
177
174
185
194
197
196
201
203
199
212
216
229
237
234
242
266
263
266
263
270
281
281
308
332
328
345
366
362
394
397
435
448
474
468
495
516
520
551
576
587
596
606
631
651
717
780
824
840
895
889
935
957
995
1025
1068
1101
1151
1190
1246
1281
1350
1410
1509
1543
1576
1621
1668
1703
1755
1787
1841
1924
2009
2029
2072
2149
2245
2400
2496
2673
2805
2837
2951
3027
3125
3227
3315
3404
3470
3623
3722
3817
3913
4076
4216
4342
4451
4531
4630
4646
4802
4952
5063
5179
5387
5489
5577
5695
5705
5773
5874
5947
6093
6248
6400
6557
6679
6841
6870
6986
7029
7115
7276
7318
7386
7541
7705
7802
7905
8010
8050
8115
8243
8302
8491
8646
8842
8894
9005
9067
9134
9201
9203
9348
9446
9439
9481
9607
9522
9575
9596
9604
9613
9591
9632
9563
9460
9435
9527
9499
9542
9515
9386
9179
9190
9121
8998
8763
8671
8569
8533
8405
8314
8051
7834
7584
7348
7163
6973
6715
6597
6486
6325
6154
6029
5858
5818
5642
5531
5275
5121
5004
4902
4710
4543
4355
4260
4155
4086
3982
3948
3741
3583
3447
3389
3277
3206
3121
3042
2931
2807
2682
2566
2486
2412
2311
2209
2161
2062
1972
1875
1798
1773
1738
1673
1618
1551
1470
1408
1378
1331
1272
1203
1187
1194
1150
1133
1055
1043
1015
980
918
858
852
834
834
818
797
760
740
678
664
645
639
606
580
543
560
545
518
471
444
404
380
362
342
309
275
280
265
241
242
237
217
230
230
228
220
194
177
172
167
152
147
126
113
113
101
101
109
103
