623
738
890
1062
1277
1477
1638
1776
1980
2170
2336
2495
2649
2818
2976
3175
3288
3365
3447
3481
3586
3587
3635
3670
3613
3592
3598
3485
3458
3330
3229
3172
3097
2959
2844
2751
2651
2511
2415
2315
2201
2157
2058
1928
1883
1790
1717
1655
1577
1465
1379
1297
1212
1136
1102
1082
1083
1039
948
898
833
821
762
779
742
706
655
608
585
556
544
515
543
532
515
495
472
477
452
442
425
424
414
421
400
376
383
379
397
367
348
354
364
363
356
331
327
327
320
331
319
329
326
332
352
358
372
356
353
360
373
366
370
379
384
383
381
398
403
433
448
476
493
497
506
524
515
503
525
523
551
543
583
574
615
624
661
681
692
705
764
827
854
885
887
900
949
1001
1031
1084
1112
1181
1189
1221
1270
1294
1370
1395
1460
1535
1610
1701
1739
1818
1885
1971
2028
2115
2175
2230
2287
2378
2498
2596
2669
2679
2776
2865
2969
3073
3185
3308
3366
3468
3531
3714
3831
3946
4009
4188
4313
4462
4616
4840
5024
5230
5386
5574
5790
6058
6222
6482
6735
6960
7267
7505
7756
8038
8342
8613
8903
9285
9721
10041
10279
10673
11048
11534
11901
12224
12559
12905
13254
13532
13899
14083
14473
14804
15215
15507
15645
15959
16306
16571
16718
16993
17086
17259
17502
17733
18080
18573
18884
19174
19479
19877
20266
20562
20927
21307
21583
21969
22234
22446
22636
22848
23112
23341
23426
23613
23757
23722
23772
23776
23721
23694
23441
23152
22941
22576
22322
22063
21729
21620
21403
20941
20401
19971
19669
19323
18813
18452
17986
17687
17255
16940
16560
16269
15889
15404
15075
14764
14515
13972
13524
13287
12901
12562
12163
11883
11443
11068
10737
10427
10040
9661
9258
8842
8528
8074
7666
7350
7167
6855
6572
6280
5903
5650
5412
5227
5012
4849
4720
4510
4406
4206
4067
3861
3775
3702
3538
3395
3322
3174
3060
2931
2884
2813
2694
2533
2487
2326
2253
2161
2063
1963
1948
1849
1762
1667
1652
1552
1478
1426
1377
1327
1296
1254
1223
1184
1147
1124
1015
998
940
897
846
819
775
723
700
659
640
635
587
540
505
475
454
430
397
392
379
355
322
313
291
284
279
268
251
238
222
197
194
192
152
135
139
134
