0	0
0.1	606.7
0.2	732.1
0.3	882
0.4	1050.5
0.5	1221.3
0.6	1399
0.7	1567.2
0.8	1742.1
0.9	1910.4
1	2093.9
1.1	2238.6
1.2	2385.2
1.3	2517.7
1.4	2647.2
1.5	2754.2
1.6	2873.6
1.7	2947.6
1.8	3011.2
1.9	3068.7
2	3103.7
2.1	3156.4
2.2	3154
2.3	3157.3
2.4	3130.6
2.5	3106.9
2.6	3064.6
2.7	3033.3
2.8	2982.4
2.9	2923.1
3	2845.4
3.1	2769.1
3.2	2682.4
3.3	2563.8
3.4	2466.9
3.5	2371
3.6	2269.5
3.7	2179.7
3.8	2083.6
3.9	1996.1
4	1918
4.1	1826.2
4.2	1761.4
4.3	1689.8
4.4	1620.7
4.5	1559.5
4.6	1486.8
4.7	1407.3
4.8	1351.2
4.9	1302
5	1234.6
5.1	1168.9
5.2	1129.3
5.3	1069.3
5.4	1028.5
5.5	991
5.6	943.6
5.7	906.2
5.8	867.1
5.9	815.5
6	794.2
6.1	753.8
6.2	734.1
6.3	698.1
6.4	688.4
6.5	666.3
6.6	636.7
6.7	611.6
6.8	595.3
6.9	575.6
7	550.9
7.1	532.8
7.2	508
7.3	494.3
7.4	482.2
7.5	466.2
7.6	459.3
7.7	448.8
7.8	443
7.9	432.9
8	415.6
8.1	411.2
8.2	402
8.3	386.3
8.4	380.7
8.5	377.2
8.6	368.1
8.7	367
8.8	356
8.9	359.9
9	351
9.1	352.8
9.2	345.7
9.3	340.1
9.4	337.7
9.5	339.6
9.6	339.9
9.7	337.8
9.8	336.2
9.9	337.3
10	332.8
10.1	336.6
10.2	341.2
10.3	340.8
10.4	338.2
10.5	336
10.6	340.6
10.7	341.7
10.8	344.5
10.9	352.9
11	354.7
11.1	360.2
11.2	369.8
11.3	377.9
11.4	390.5
11.5	399.8
11.6	412.7
11.7	420.4
11.8	431.6
11.9	447.8
12	463
12.1	477
12.2	498.4
12.3	510.2
12.4	525.2
12.5	544.9
12.6	571.3
12.7	586.2
12.8	599.5
12.9	621.6
13	642.4
13.1	662.9
13.2	692.1
13.3	717.2
13.4	739.9
13.5	770.1
13.6	799.7
13.7	832.5
13.8	862
13.9	895.2
14	925
14.1	967
14.2	997.2
14.3	1028.6
14.4	1069.6
14.5	1115.8
14.6	1167.8
14.7	1215.8
14.8	1271.4
14.9	1333
15	1392.5
15.1	1452.1
15.2	1514.7
15.3	1586.6
15.4	1647.7
15.5	1717.4
15.6	1780
15.7	1855.1
15.8	1929.7
15.9	2012
16	2123.7
16.1	2226.4
16.2	2328.4
16.3	2438.1
16.4	2566.7
16.5	2696.5
16.6	2803.4
16.7	2921.1
16.8	3045.6
16.9	3199.4
17	3353
17.1	3497.1
17.2	3673.4
17.3	3842.6
17.4	3986.1
17.5	4146.4
17.6	4306.8
17.7	4473.7
17.8	4673.9
17.9	4843
18	5054.8
18.1	5285.6
18.2	5497.3
18.3	5721.7
18.4	5976.7
18.5	6206.5
18.6	6476.3
18.7	6764.9
18.8	7053.4
18.9	7354.9
19	7652.8
19.1	7947.7
19.2	8270.1
19.3	8564.5
19.4	8868.3
19.5	9212.6
19.6	9552.8
19.7	9915.9
19.8	10268.6
19.9	10635.4
20	10995.5
20.1	11383.7
20.2	11753.9
20.3	12166.4
20.4	12608.5
20.5	13004.7
20.6	13425.1
20.7	13850.6
20.8	14273.3
20.9	14677.1
21	15150.6
21.1	15627.1
21.2	16061.1
21.3	16531.6
21.4	16973.2
21.5	17397.4
21.6	17825.5
21.7	18308.3
21.8	18796.1
21.9	19307.8
22	19800.3
22.1	20321.1
22.2	20776.2
22.3	21310.7
22.4	21827.7
22.5	22349.5
22.6	22816.5
22.7	23344.1
22.8	23828.7
22.9	24291.8
23	24691.5
23.1	25126.5
23.2	25517.8
23.3	25962.8
23.4	26334.1
23.5	26667.3
23.6	27053.1
23.7	27479
23.8	27846.8
23.9	28231.1
24	28537.1
24.1	28859.1
24.2	29206
24.3	29561.6
24.4	29838.4
24.5	30130.3
24.6	30441.5
24.7	30724.1
24.8	30940.4
24.9	31096.4
25	31254.6
25.1	31372
25.2	31498.4
25.3	31600.2
25.4	31694.7
25.5	31747.8
25.6	31807.8
25.7	31871.1
25.8	31904.5
25.9	31773
26	31733.7
26.1	31562.8
26.2	31395.3
26.3	31195.1
26.4	30999.9
26.5	30724.9
26.6	30492.6
26.7	30191
26.8	29966.4
26.9	29681.1
27	29450.7
27.1	29210.2
27.2	28857.5
27.3	28494.1
27.4	28209.3
27.5	27806.4
27.6	27404.8
27.7	27071.6
27.8	26697.1
27.9	26306.6
28	25878.7
28.1	25481.7
28.2	25064.9
28.3	24644.5
28.4	24188.4
28.5	23778.1
28.6	23283.7
28.7	22829.1
28.8	22413.1
28.9	21967.2
29	21463.2
29.1	21008
29.2	20604.8
29.3	20148.1
29.4	19722.7
29.5	19336.1
29.6	18944.1
29.7	18495.9
29.8	18026.6
29.9	17592.6
30	17173.6
30.1	16736.8
30.2	16335.2
30.3	15913.4
30.4	15475.7
30.5	15048.5
30.6	14636.1
30.7	14174.2
30.8	13754.4
30.9	13332.9
31	12905.3
31.1	12470.6
31.2	12090
31.3	11751.8
31.4	11403.2
31.5	11033.9
31.6	10725.7
31.7	10390.2
31.8	10069.8
31.9	9770.2
32	9458.2
32.1	9117.6
32.2	8823.7
32.3	8510.9
32.4	8234.7
32.5	7935.4
32.6	7674.4
32.7	7417.7
32.8	7158.1
32.9	6911.9
33	6642.7
33.1	6378.7
33.2	6141.8
33.3	5921.6
33.4	5700.9
33.5	5494.8
33.6	5266.5
33.7	5069.2
33.8	4873.9
33.9	4675.4
34	4489
34.1	4302.1
34.2	4120.4
34.3	3934.8
34.4	3789.9
34.5	3655.3
34.6	3503.6
34.7	3368.8
34.8	3217.7
34.9	3072.7
35	2940
35.1	2818.8
35.2	2696
35.3	2580.9
35.4	2472.8
35.5	2354.3
35.6	2246.1
35.7	2148.1
35.8	2051
35.9	1965
36	1871.6
36.1	1803.3
36.2	1732.7
36.3	1640.4
36.4	1566.6
36.5	1500.2
36.6	1429.6
36.7	1365.4
36.8	1295.4
36.9	1242.7
37	1180.3
37.1	1114.5
37.2	1070.4
37.3	1011.8
37.4	965.9
37.5	920.5
37.6	865
37.7	813.2
37.8	767.6
37.9	735.5
38	699.7
38.1	664.5
38.2	625.9
38.3	595.6
38.4	568.3
38.5	540.5
38.6	512.1
38.7	495.6
38.8	461.5
38.9	439.8
39	417.3
39.1	404.5
39.2	385.7
39.3	361.6
39.4	337.4
39.5	317.8
39.6	303.8
39.7	284.6
39.8	267.5
39.9	254.3
40	239.4
