1
3
5
12
26
32
42
54
69
86
93
103
117
133
152
167
180
191
198
213
226
235
250
267
278
288
300
324
337
360
370
381
399
415
425
436
446
458
474
491
501
515
532
548
559
570
583
598
611
620
627
641
656
663
669
679
695
712
728
741
750
771
778
794
812
820
829
840
847
859
858
867
882
892
910
924
935
949
951
961
973
988
1005
1011
1016
1030
1040
1050
1060
1070
1086
1098
1109
1120
1124
1138
1151
1158
1176
1190
1198
1202
1213
1221
1227
1236
1248
1258
1273
1280
1280
1290
1299
1310
1315
1335
1338
1340
1352
1361
1366
1379
1382
1391
1400
1411
1420
1433
1439
1445
1456
1469
1476
1473
1472
1481
1486
1495
1501
1507
1516
1528
1538
1542
1543
1549
1558
1563
1568
1578
1584
1589
1596
1605
1617
1621
1629
1643
1656
1661
1664
1667
1663
1666
1669
1672
1685
1686
1692
1698
1709
1725
1735
1735
1746
1750
1760
1766
1775
1781
1790
1792
1796
1802
1811
1821
1831
1834
1841
1849
1858
1858
1859
1866
1872
1870
1874
1891
1895
1904
1907
1913
1912
1914
1915
1929
1934
1946
1953
1949
1960
1964
1972
1969
1971
1972
1976
1983
1993
1997
2001
2010
2015
2016
2019
2023
2027
2028
2039
2045
2052
2057
2061
2071
2078
2094
2100
2100
2106
2104
2120
2113
2112
2115
2120
2128
2135
2146
2152
2161
2162
2168
2172
2182
2185
2192
2199
2201
2199
2207
2213
2214
2216
2221
2230
2232
2236
2237
2240
2249
2239
2245
2251
2258
2261
2253
2261
2273
2275
2275
2280
2284
2284
2286
2296
2300
2308
2305
2308
2315
2314
2314
2320
2327
2330
2332
2334
2333
2343
2340
2341
2338
2342
2353
2350
2343
2348
2352
2355
2372
2375
2370
2384
2385
2386
2389
2393
2400
2401
2403
2402
2406
2413
2415
2420
2430
2429
2436
2438
2451
2443
2443
2444
2441
2440
2450
2448
2463
2466
2477
2480
2491
2498
2498
2501
2508
2510
2507
2513
2520
2521
2525
2525
2524
2530
2529
2537
2530
2538
2533
2537
2540
2550
2553
2557
2561
2558
2549
2543
2538
2541
2546
2546
2546
2542
2540
2540
2551
2555
2558
2563
2563
2565
2561
2570
2573
2574
2581
2589
2596
2588
2586
2577
2574
2580
2584
2577
2576
2583
2576
