959968
921187
883751
847440
812764
779241
746889
715838
686125
657717
630220
604006
578744
554076
530699
508627
487053
466445
446716
427913
409726
392449
375871
360179
345031
330443
316351
302917
290267
278080
266335
255112
244464
234277
224365
214882
205987
197338
189251
181385
173922
166856
160009
153424
147018
140839
135021
129551
124236
119151
114214
109568
105043
100771
96741
92801
88963
85217
81810
78477
75286
72188
69339
66560
63953
61504
59238
56904
54824
52769
50766
48710
46892
45067
43413
41739
40156
38729
37245
35828
34578
33288
32082
30894
29729
28710
27689
26739
25875
25044
24249
23476
22699
21888
21178
20543
19900
19280
18705
18112
17552
17019
16579
16090
15662
15243
14824
14430
14076
13698
13350
12963
12651
12322
12054
11746
11462
11229
11004
10757
10579
10347
10115
9902
9756
9591
9454
9289
9145
8992
8833
8671
8551
8433
8330
8218
8141
8034
7952
7878
7795
7674
7620
7502
7434
7351
7275
7190
7089
7016
6960
6895
6854
6778
6775
6757
6683
6622
6537
6459
6441
6354
6316
6323
6277
6222
6177
6126
6098
6060
6037
6047
6019
6006
6004
6015
6014
6036
6006
6017
5995
5997
5946
5966
5941
5961
5933
5893
5867
5862
5859
5876
5870
5868
5833
5861
5865
5855
5823
5851
5851
5844
5861
5837
5837
5795
5778
5811
5762
5779
5770
5751
5736
5734
5728
5702
5690
5693
5700
5722
5717
5722
5688
5674
5650
5630
5629
5659
5675
5668
5636
5646
5648
5600
5597
5600
5572
5588
5610
5595
5593
5612
5593
5617
5600
5626
5655
5644
5622
5586
5585
5587
5640
5658
5682
5659
5601
5573
5567
5559
5591
5597
5647
5657
5687
5677
5672
5689
5700
5704
5725
5714
5713
5729
5710
5740
5785
5807
5820
5815
5820
5814
5815
5829
5855
5823
5848
5889
5861
5885
5890
5899
5917
5946
5978
6025
6041
6054
6087
6111
6147
6159
6173
6180
6182
6203
6186
6208
6237
6252
6233
6216
6258
6253
6272
6234
6268
6244
6259
6301
6326
6320
6338
6370
6426
6457
6502
6529
6546
6585
6621
6635
6616
6680
6734
6786
6844
6874
6939
7002
7029
7077
7135
7171
7209
7241
7312
7383
7423
7479
7553
7626
7691
7728
7814
7868
7954
8042
8092
8222
8304
8375
8444
8559
8674
8769
8882
8988
9122
9237
9376
9524
9636
9733
9876
10007
10147
10250
10384
10563
10713
10894
11061
11234
11404
11585
11780
11947
12130
12274
12467
12652
12786
12966
13120
13324
13522
13706
13879
14089
