39020
74563
106696
136266
162482
186494
207844
226973
244105
259427
272596
283976
293822
302810
309969
315552
319851
323111
325403
326959
327666
327524
326609
324983
322859
320738
317577
314367
310642
306443
301900
297091
292328
287310
282133
276651
271118
265780
259957
254404
248623
242835
237202
231444
225781
219878
214273
208901
203444
197958
192743
187310
182208
177022
172003
167010
162122
157461
152890
148391
143862
139674
135277
131065
126774
122644
118745
115196
111381
107839
104236
100967
97804
94699
91704
88693
85775
82938
80131
77430
74884
72327
69951
67586
65395
63142
61101
59087
57076
55155
53388
51549
49792
48110
46617
45095
43644
42277
40873
39561
38214
37065
35835
34769
33576
32502
31442
30442
29429
28394
27473
26556
25692
24848
24089
23358
22628
21956
21313
20676
20035
19429
18895
18240
17719
17198
16660
16177
15716
15279
14948
14515
14098
13748
13381
12955
12676
12362
12045
11744
11501
11274
10991
10706
10445
10191
9966
9774
9548
9339
9139
8946
8830
8654
8487
8323
8199
8084
7976
7830
7704
7594
7465
7304
7207
7120
6994
6859
6790
6680
6584
6487
6396
6354
6287
6155
6091
6048
5972
5912
5845
5802
5733
5636
5633
5596
5547
5505
5502
5466
5441
5401
5380
5340
5325
5280
5263
5284
5216
5185
5123
5090
5052
5036
5034
5004
4967
4971
4982
4965
4968
4954
4961
4956
4926
4937
4949
4966
4970
4989
5020
5004
4985
4980
4983
4955
4913
4897
4893
4928
4897
4849
4826
4818
4812
4787
4763
4792
4793
4785
4799
4777
4776
4761
4717
4715
4696
4706
4702
4673
4693
4721
4661
4688
4663
4634
4634
4610
4614
4593
4597
4614
4632
4630
4632
4625
4652
4634
4625
4618
4602
4627
4636
4656
4702
4692
4704
4669
4660
4654
4650
4626
4607
4620
4606
4568
4571
4565
4521
4490
4479
4499
4519
4530
4535
4527
4552
4578
4586
4591
4621
4631
4624
4615
4639
4611
4593
4611
4606
4604
4623
4566
4573
4555
4550
4536
4546
4552
4523
4512
4499
4466
4497
4490
4516
4540
4533
4489
4478
4494
4504
4505
4515
4496
4491
4478
4480
4468
4448
4362
4352
4363
4359
4354
4312
4280
4248
4236
4236
4195
4189
4163
4126
4090
4041
4044
4019
4001
3936
3897
3833
3798
3753
3686
3642
3599
3543
3499
3453
3405
3348
3288
3262
3217
3189
3145
3085
3048
3020
2976
2946
2947
2935
2907
2866
2835
2790
2713
2612
2531
2447
2354
2290
2175
2065
1974
1888
1814
1735
1642
