39210
74680
107017
136852
163509
187606
209372
228528
245288
260720
273952
285444
295171
303487
310694
315936
320388
323540
325899
327296
327736
327671
326858
325310
323399
320898
317956
314527
310665
306510
302306
297641
292566
287248
281585
276182
270558
264982
259213
253585
248046
242207
236432
230660
225136
219309
213671
208034
202694
197157
191884
186508
181188
176144
171151
166122
161290
156639
152094
147550
143172
138692
134574
130488
126526
122459
118662
114891
111301
107829
104407
101124
97967
94809
91683
88724
85779
82874
80234
77557
74941
72438
70147
67819
65471
63282
61153
59093
57073
55309
53459
51617
49957
48417
46735
45193
43651
42191
40823
39438
38098
36858
35659
34506
33366
32326
31296
30329
29399
28423
27436
26519
25676
24804
23989
23254
22525
21804
21145
20485
19877
19254
18646
18000
17440
16935
16449
15974
15531
15078
14644
14231
13854
13466
13134
12818
12485
12170
11861
11578
11283
11038
10759
10499
10256
9972
9745
9577
9363
9235
9033
8825
8671
8534
8378
8216
8076
7947
7820
7696
7681
7537
7355
7290
7194
7075
6940
6811
6691
6618
6519
6449
6345
6302
6264
6212
6170
6124
6071
6019
5950
5917
5855
5803
5734
5714
5728
5643
5608
5570
5523
5467
5414
5401
5343
5350
5303
5273
5242
5214
5209
5193
5211
5189
5173
5148
5112
5086
5096
5075
5085
5087
5070
5050
5042
5018
5017
4987
4941
4881
4825
4841
4837
4822
4822
4844
4841
4811
4843
4821
4812
4808
4821
4843
4813
4802
4805
4785
4749
4739
4730
4700
4692
4702
4725
4722
4687
4700
4710
4707
4710
4742
4710
4695
4692
4666
4700
4694
4697
4732
4742
4780
4773
4774
4779
4766
4774
4803
4804
4837
4808
4783
4794
4784
4749
4739
4750
4782
4754
4744
4694
4688
4669
4682
4725
4675
4673
4699
4694
4657
4676
4632
4614
4644
4634
4637
4653
4656
4627
4612
4592
4580
4525
4515
4515
4467
4458
4443
4436
4402
4411
4421
4390
4390
4371
4376
4347
4312
4289
4299
4283
4259
4235
4160
4118
4088
4033
4034
3979
3971
3958
3927
3910
3882
3880
3866
3848
3831
3820
3775
3772
3747
3661
3635
3574
3506
3425
3390
3346
3282
3204
3174
3098
3007
2949
2887
2814
2734
2698
2629
2605
2524
2480
2435
2397
2335
2277
2222
2190
2153
2112
2056
2014
1949
1905
1857
1796
1726
1676
1645
1597
1578
1610
1661
1742
1782
1822
1840
1848
1819
1776
1753
1739
1691
1640
1607
1544
1500
1448
1406
