0	0
0.1	39039.2
0.2	74604.2
0.3	106919
0.4	136606
0.5	163197
0.6	187271
0.7	208848
0.8	228018
0.9	245046
1	260134
1.1	273469
1.2	284767
1.3	294631
1.4	303026
1.5	309968
1.6	315470
1.7	319898
1.8	323194
1.9	325533
2	327025
2.1	327590
2.2	327476
2.3	326605
2.4	325078
2.5	323085
2.6	320565
2.7	317627
2.8	314112
2.9	310269
3	306114
3.1	301687
3.2	296999
3.3	292097
3.4	287011
3.5	281648
3.6	276173
3.7	270619
3.8	265008
3.9	259306
4	253635
4.1	247950
4.2	242167
4.3	236415
4.4	230687
4.5	225006
4.6	219342
4.7	213785
4.8	208221
4.9	202769
5	197345
5.1	192030
5.2	186686
5.3	181438
5.4	176341
5.5	171309
5.6	166366
5.7	161473
5.8	156738
5.9	152082
6	147562
6.1	143142
6.2	138811
6.3	134545
6.4	130455
6.5	126390
6.6	122373
6.7	118528
6.8	114832
6.9	111192
7	107661
7.1	104120
7.2	100811
7.3	97578
7.4	94461.7
7.5	91401.4
7.6	88467.3
7.7	85571.7
7.8	82784.7
7.9	80062.6
8	77424.9
8.1	74827.7
8.2	72360.3
8.3	69978.5
8.4	67657.5
8.5	65418.7
8.6	63260.3
8.7	61157
8.8	59141.2
8.9	57177.5
9	55283.6
9.1	53462.2
9.2	51647.9
9.3	49937.6
9.4	48311.6
9.5	46691.5
9.6	45136
9.7	43629.3
9.8	42176.3
9.9	40768.5
10	39407.1
10.1	38107.5
10.2	36855.2
10.3	35652.9
10.4	34501.7
10.5	33365.7
10.6	32277.7
10.7	31219.6
10.8	30248.4
10.9	29248.9
11	28291
11.1	27391.2
11.2	26520
11.3	25662.9
11.4	24849.5
11.5	24078.9
11.6	23327.5
11.7	22601
11.8	21919.7
11.9	21235.4
12	20584.5
12.1	19955.7
12.2	19348.4
12.3	18781.7
12.4	18242.6
12.5	17711.9
12.6	17176.3
12.7	16673.6
12.8	16213.5
12.9	15727.8
13	15274.3
13.1	14864.8
13.2	14452
13.3	14057.9
13.4	13671.5
13.5	13308.8
13.6	12962.8
13.7	12647.6
13.8	12323.2
13.9	12025.2
14	11723.4
14.1	11448.1
14.2	11192.5
14.3	10918.8
14.4	10677.4
14.5	10427.3
14.6	10185.5
14.7	9963
14.8	9740.1
14.9	9523.8
15	9320.9
15.1	9125.9
15.2	8938.1
15.3	8762.9
15.4	8589.7
15.5	8418.2
15.6	8265.8
15.7	8125.7
15.8	7997.5
15.9	7870.1
16	7743.4
16.1	7623.9
16.2	7494.9
16.3	7382.9
16.4	7285.3
16.5	7185.3
16.6	7086.4
16.7	6977.7
16.8	6870.9
16.9	6762.9
17	6671.4
17.1	6588.4
17.2	6510.4
17.3	6419.6
17.4	6350.5
17.5	6277.9
17.6	6215.8
17.7	6150.8
17.8	6073.2
17.9	6010.2
18	5947.2
18.1	5903.6
18.2	5853.2
18.3	5811.7
18.4	5749.3
18.5	5697.3
18.6	5654.6
18.7	5610.2
18.8	5565.4
18.9	5538.4
19	5499.8
19.1	5460.6
19.2	5416.6
19.3	5373.4
19.4	5336.2
19.5	5300.5
19.6	5276.1
19.7	5253.6
19.8	5234.5
19.9	5205.5
20	5169.3
20.1	5141.2
20.2	5125.4
20.3	5105.1
20.4	5088.1
20.5	5070.7
20.6	5054.1
20.7	5042.1
20.8	5027.8
20.9	5021.1
21	5010
21.1	5002.4
21.2	4986.3
21.3	4969.9
21.4	4959
21.5	4949
21.6	4933.2
21.7	4921.3
21.8	4905.1
21.9	4898.7
22	4889.9
22.1	4891.6
22.2	4885.8
22.3	4885.4
22.4	4873.2
22.5	4865.5
22.6	4860.5
22.7	4847.8
22.8	4824.8
22.9	4823.5
23	4819.1
23.1	4806.1
23.2	4787.6
23.3	4790.6
23.4	4790.3
23.5	4773.2
23.6	4761.8
23.7	4746.4
23.8	4744.7
23.9	4739.2
24	4746.1
24.1	4743.6
24.2	4728.9
24.3	4729.4
24.4	4724.7
24.5	4715.6
24.6	4710.1
24.7	4700.7
24.8	4703.9
24.9	4703.7
25	4699.4
25.1	4707.4
25.2	4705.3
25.3	4691.3
25.4	4680.2
25.5	4683.1
25.6	4664.3
25.7	4676.1
25.8	4678.5
25.9	4671.3
26	4669.8
26.1	4663.4
26.2	4665.1
26.3	4660.9
26.4	4651.8
26.5	4644.8
26.6	4647.4
26.7	4656.7
26.8	4667.7
26.9	4669.7
27	4665.8
27.1	4669.9
27.2	4662.6
27.3	4664.2
27.4	4662.8
27.5	4659.4
27.6	4647.6
27.7	4647.9
27.8	4640.9
27.9	4636.5
28	4635.4
28.1	4629.6
28.2	4624.6
28.3	4626.3
28.4	4627.1
28.5	4620.2
28.6	4613.6
28.7	4611.4
28.8	4603.5
28.9	4609.4
29	4595.2
29.1	4585
29.2	4578.4
29.3	4583.2
29.4	4583.2
29.5	4575.3
29.6	4568.7
29.7	4578.2
29.8	4578.1
29.9	4578.8
30	4570.8
30.1	4570.6
30.2	4567.9
30.3	4568.4
30.4	4562.1
30.5	4565.6
30.6	4560.6
30.7	4560.2
30.8	4557.6
30.9	4550.4
31	4544.1
31.1	4538.6
31.2	4529.7
31.3	4516.5
31.4	4512.3
31.5	4497.9
31.6	4490.4
31.7	4486.6
31.8	4476.4
31.9	4465.4
32	4450.7
32.1	4430.4
32.2	4408.4
32.3	4400.6
32.4	4390.2
32.5	4382.3
32.6	4379.1
32.7	4378
32.8	4364.3
32.9	4348.5
33	4331.4
33.1	4330.6
33.2	4312.4
33.3	4292.3
33.4	4279.1
33.5	4262.9
33.6	4245
33.7	4227.8
33.8	4208.5
33.9	4183.8
34	4139.1
34.1	4118.8
34.2	4098.9
34.3	4069.7
34.4	4036.9
34.5	3996.4
34.6	3960.3
34.7	3922.6
34.8	3897.2
34.9	3865.1
35	3822.2
35.1	3782.2
35.2	3751.8
35.3	3705
35.4	3661.4
35.5	3610.9
35.6	3569.8
35.7	3521.5
35.8	3488.5
35.9	3447.7
36	3396.2
36.1	3352.7
36.2	3302.2
36.3	3256.7
36.4	3209.8
36.5	3164.1
36.6	3120.6
36.7	3065.8
36.8	3023.7
36.9	2986.8
37	2946.3
37.1	2899.7
37.2	2846.1
37.3	2806.6
37.4	2755.5
37.5	2701
37.6	2652.6
37.7	2591.7
37.8	2546.4
37.9	2491.7
38	2444.9
38.1	2400.5
38.2	2353.9
38.3	2303
38.4	2260
38.5	2218.1
38.6	2175
38.7	2115.6
38.8	2066.7
38.9	2008.9
39	1955.5
39.1	1898.7
39.2	1838.7
39.3	1786.1
39.4	1732.6
39.5	1672.9
39.6	1620.1
39.7	1566.3
39.8	1521.3
39.9	1464.5
40	1412.5
