6427
3354
2216
1648
1331
1173
1059
986
938
888
821
770
769
744
737
682
690
672
708
693
668
648
661
622
661
714
693
715
728
730
771
739
770
801
825
780
820
883
853
891
865
920
950
983
1020
993
1034
1069
1099
1115
1236
1160
1166
1188
1224
1368
1437
1357
1493
1566
1512
1619
1620
1670
1812
1801
1816
1932
1927
2042
2113
2240
2319
2338
2505
2520
2504
2613
2761
2820
2910
3107
3110
3246
3386
3446
3555
3603
3740
3816
4044
4213
4435
4544
4672
4746
4984
5199
5260
5547
5656
6082
6000
6236
6529
6589
6732
7074
7296
7484
7681
7955
8051
8400
8612
9067
9344
9488
9832
10083
10352
10628
10971
11422
11833
11887
12320
12745
13034
13512
13887
14270
14728
14921
15358
15743
16124
16238
16680
17199
17536
17901
18622
19049
19703
19744
20085
20266
20779
21279
21863
22217
22450
23077
23912
24160
24361
24756
25289
25382
25832
26370
26607
26711
27100
27499
27791
28085
28504
28764
29319
29666
29992
30064
30445
30602
30825
31370
31544
32134
32425
32602
32954
32975
33087
33259
33683
33870
34134
34314
34308
34956
35243
35531
35716
35729
35926
36004
36151
36245
36466
36538
36770
36537
36902
36941
37037
36894
37116
37272
37565
37468
37480
37712
38039
38097
38248
38337
38349
38393
38633
38687
38523
38472
38439
38598
39056
39283
39346
39347
39414
39329
39387
39557
39511
39381
39525
39980
40118
40333
40712
40634
40634
40621
40301
40197
40229
40173
40116
39952
39951
40101
40311
40460
40335
40357
40182
39932
39787
39922
39976
39927
39840
39669
39691
39738
40024
40065
40353
40335
40414
40258
40340
40070
40152
40608
40516
40619
40788
40526
40442
40816
40743
40678
40813
40719
40669
40879
40572
40469
40624
40572
40690
40669
40997
40994
41098
41017
40786
40607
40533
40547
40642
40766
40794
40794
40823
40557
40399
40564
40608
40583
40713
40889
40898
41259
41161
41356
41094
41284
41202
41107
41067
41116
41390
41483
41551
41353
40975
40961
41232
41248
41366
41356
41541
41767
41800
41967
41836
41908
42031
42038
42156
42160
42403
42421
42920
43180
43369
43699
43824
44024
44144
44155
44119
44275
44500
44469
44729
44794
44850
45179
45488
45533
45759
45650
45800
45874
46057
46018
45849
46135
46473
46633
47299
47921
48389
48923
49314
49918
50478
50829
51083
51361
51654
52056
52560
53132
53674
54035
54457
55145
55533
56064
56727
57589
58355
59281
60200
61294
