7617
22592
33013
41047
47409
52459
56580
60066
62471
64916
67133
68534
69822
70581
71349
72232
72868
73401
73569
73892
74080
74382
74532
74672
74975
74877
74561
74723
74542
74623
74542
74654
74701
74719
74485
74569
74713
74586
74355
74421
74353
74397
74537
74529
74603
74596
74580
74491
74624
74640
74518
74429
74287
74188
74487
74104
74133
74244
74612
74620
74585
74550
74255
74463
73880
74044
73633
73778
73814
74256
74475
74518
74251
73735
73502
73380
73048
73267
73416
73639
73873
73591
73514
73774
73990
73761
73595
73729
73603
73464
73600
73241
73006
72913
73060
73039
72751
72603
72405
72518
72473
72204
72001
72076
71974
71985
72171
72182
71925
71817
71603
71697
71635
71353
71438
71389
71250
70951
71081
70697
70673
70321
70469
70211
69796
69672
69827
69734
69833
69501
69448
69443
69628
69498
69330
69196
69084
69095
68632
68385
68009
67988
67841
68156
67971
67509
67454
67261
66981
66880
66806
66752
66637
66576
66230
65959
65954
65642
65618
65722
65907
65875
65822
65605
65729
65655
65490
65271
65062
65122
65151
65201
65019
64919
64588
64642
64524
64498
64295
64264
64191
64236
64444
64429
64228
64099
64168
63828
63863
63641
63700
63567
63359
63336
63467
63274
63342
63275
63349
63505
63432
63279
63292
63431
63405
63243
63032
63296
63335
63085
63103
63368
63331
63092
62772
62745
62726
62622
62580
62777
62823
63122
63180
62941
63133
63260
63244
63190
63356
63392
63433
63476
63679
63632
63369
63075
62933
63008
62908
62998
63072
62947
62616
62750
62969
62846
63216
62913
62702
62659
62936
62855
62811
62518
62784
62879
62689
62527
62492
62814
62794
62655
62642
62733
62608
62650
62759
62821
62900
62886
62945
62977
63046
63375
63528
63599
63546
63545
63437
63230
63151
63097
62798
62683
62666
62671
62441
62623
62236
62179
62061
61953
61770
61945
62058
62383
62524
62590
62853
62762
62609
62491
62635
62585
62410
62315
62644
62688
62879
62681
62743
62707
62927
62729
62675
62615
62515
62342
62077
62208
62331
62316
62167
62258
62228
62250
62217
62352
62392
62179
61958
61833
61767
61703
61350
61232
61455
61410
61501
61617
61479
61397
61406
61442
60986
60924
60875
60596
60751
60475
60398
60189
59913
59862
59874
59923
59871
59616
59532
59295
59328
59011
58917
58944
58560
58257
57994
57790
57894
57741
57326
57350
56802
56386
56032
55794
55610
55475
55486
55606
55750
55789
55625
55478
55160
54736
54206
53730
53196
52483
52127
51290
50473
49859
49341
48754
48277
47521
46944
46246
