7763
22617
33041
41129
47400
52536
56408
59979
62669
65243
66976
68437
69727
70378
71098
71846
72270
72897
73270
73494
73893
73992
74161
74185
74202
74304
74354
74708
74851
74866
74653
74494
74516
74520
74637
74427
74366
74554
74653
74396
74532
74663
74824
74703
74861
74758
74614
74702
74591
74583
74893
74560
74415
74222
74388
74144
74246
74279
74247
74255
74155
73996
74070
74272
74432
74138
74240
74451
74341
74368
74388
74367
74152
74502
74390
74258
74556
74345
74034
74140
74187
73914
73890
73663
73477
73455
73338
73347
73181
73124
72870
72650
72339
72577
72578
72455
72502
72391
72531
72635
72401
72373
72560
72560
72470
72341
72401
72211
72341
72089
71930
71853
72051
71620
71640
71698
71607
71241
71227
71057
71015
70645
70556
70468
70222
70274
70255
70326
70085
69920
69622
69756
69493
69286
69021
68794
68994
68586
68551
68796
68528
68422
68290
68179
68076
68168
67931
67580
67445
67247
67136
67211
67154
66742
66621
66444
66393
66179
66165
65912
66022
65978
65932
65751
66036
65989
65867
65592
65546
65216
65199
64969
64847
64890
64663
64760
64582
64335
64241
64140
64545
64455
64246
64083
64313
64225
64289
64316
64261
63894
63688
63519
63713
63908
63854
63844
63835
63746
63893
63713
63636
63418
63461
63325
63370
63425
63653
63677
63462
63478
63477
63375
63418
63149
62744
62840
62889
62640
62641
62450
62679
62993
63011
62945
62939
62783
62633
62850
62760
62637
62668
62785
62799
62920
62977
62880
62779
63051
62822
62879
62974
62667
62781
62778
62935
62887
62725
62805
63048
63037
62928
62927
62962
62895
63041
63137
62941
63014
62796
62895
62734
62881
62984
62983
62994
63042
62878
62838
62707
62663
62734
62661
62741
62715
62733
62372
62503
62470
62576
62422
62463
62793
62756
62952
63041
62932
62820
62752
62591
62628
62608
62527
62405
62541
62591
62736
63107
63069
62927
62637
62801
62716
62536
62578
62567
62824
62689
62535
62388
62405
62457
62858
62609
62630
62379
62280
62146
62368
62392
62267
62188
62074
62216
62281
62474
62418
62165
62061
61797
61752
61845
61661
61559
61701
61860
61767
61859
61711
61502
61203
60705
60542
60530
60285
59892
59443
59232
59036
59060
58905
58893
58878
58654
58423
58120
57926
57489
57215
56814
56365
56125
55503
54803
54721
54103
53713
53187
52778
52582
52637
52349
52440
52061
52093
52080
51689
51468
50986
50196
49248
48524
47761
46660
45549
44459
43374
42548
41557
40641
39657
38554
37564
36341
35323
34273
33097
32251
31287
30167
29333
