7619
22550
32934
40904
47440
52401
56559
59868
62744
65000
66722
68225
69555
70571
71323
71974
72791
73141
73698
74093
74182
74353
74157
74214
74188
74183
74331
74238
74171
74132
74071
74165
74110
74287
74573
74626
74523
74389
74560
74471
74506
74575
74653
74621
74761
74653
74287
74142
74363
73970
74063
74089
73983
73686
73608
73687
74046
74145
74299
74045
73578
73910
73481
73741
74047
73793
73861
73644
73781
73710
74006
73955
73912
74058
74227
73974
73795
73728
73785
73712
73597
73583
73464
73570
73520
73661
73639
73706
73657
73684
73420
73238
73686
73500
73434
73193
73134
73055
72752
72688
72978
72739
72564
72585
72542
72539
72251
72157
72193
72087
72013
72121
72182
71885
71704
71711
71700
71346
71238
70956
70770
70367
70350
70511
70087
70360
70082
69923
69846
69658
69658
69671
69526
69358
69270
69145
69246
69115
68923
68665
68653
68679
68553
68180
68046
68018
67915
68016
67733
67380
67420
67123
66993
66850
66712
66522
66154
66202
66206
66030
65944
65889
65856
65804
65756
65686
65327
65290
64976
64957
64979
65156
65265
65182
65076
64822
64857
64641
64452
64235
64082
63849
63704
63459
63567
63465
63581
63579
63488
63771
63557
63679
63604
63467
63564
63705
63597
63714
63794
63836
63834
63735
63547
63417
63340
63453
63286
63302
63453
63287
63163
63274
63307
63148
63259
63465
63429
62994
62766
62620
62589
62776
62902
62834
62834
62619
62694
62620
62752
63018
63230
63145
63348
63465
63350
63495
63151
63053
63208
63282
63197
63203
63018
62797
62685
62860
62808
62993
62611
62575
62881
62917
62760
62336
62570
62406
62250
62365
62874
63184
63165
63250
62993
62948
62901
62951
62720
62829
62842
62802
62880
62992
63092
62853
63148
62927
63130
62915
62850
62918
62886
62937
62997
62935
62912
63020
62916
62757
62788
62833
62738
62664
62601
62553
62414
62217
62248
62321
62383
62282
61874
62027
61945
61777
62193
62051
61908
62086
62120
62208
62176
62135
62157
62365
62126
62233
62005
62266
62540
62385
62282
62305
62201
62254
62158
62127
61976
61928
61843
62005
62093
61941
61883
61794
61800
61571
61725
61705
61569
61502
61285
61503
61364
61318
61364
60798
60668
60841
60626
60672
60525
60035
60024
59896
59837
59851
59908
59826
59806
59284
59051
59088
58669
58400
58159
58103
57792
57828
57745
57813
57375
57174
56763
56571
56227
55760
55570
55308
55150
54854
54460
54181
53498
53239
52903
52317
51991
51738
51488
51078
50876
50736
50283
50140
49528
49453
49265
48753
48530
48116
