0
0
0
0
0
0
1
1
2
2
2
3
3
4
4
4
6
6
6
7
7
7
7
8
10
10
11
15
17
19
20
22
21
23
25
26
27
29
31
35
36
37
38
37
40
46
46
48
48
53
54
55
53
58
59
63
62
59
59
58
59
59
61
63
65
63
64
65
64
66
65
67
68
70
73
73
78
77
77
76
73
72
71
67
68
67
65
65
65
65
65
65
65
65
66
67
64
63
62
62
59
59
60
57
56
56
54
54
53
54
54
58
58
56
55
54
54
51
50
49
47
47
47
45
45
46
45
45
44
43
40
39
39
40
40
39
39
39
40
39
38
36
36
34
33
33
32
32
32
32
32
33
32
31
31
31
31
31
30
29
28
27
27
26
27
26
25
26
27
26
25
22
22
22
22
21
21
21
21
21
21
22
22
22
22
22
22
22
20
20
20
19
19
19
17
18
17
16
16
17
17
16
16
15
15
15
15
14
15
15
15
16
16
15
15
15
15
15
15
15
13
14
14
14
14
13
13
13
13
12
13
12
12
12
13
12
12
13
13
14
14
14
14
14
14
14
13
13
12
12
12
11
11
11
11
11
11
11
11
10
10
10
10
9
9
9
9
9
9
8
8
8
8
8
9
9
8
8
8
9
9
9
9
10
10
9
8
7
7
7
7
7
8
8
8
8
8
10
10
9
8
8
7
7
7
7
7
7
7
7
7
7
7
6
5
6
5
5
5
7
8
7
6
6
6
6
6
6
6
6
6
6
5
5
5
5
5
5
7
7
7
8
8
8
8
7
7
6
6
6
6
7
8
8
8
8
8
8
9
10
10
10
10
10
9
10
10
10
10
9
9
10
10
10
10
10
10
10
10
10
10
11
11
9
9
9
9
10
10
10
10
11
11
11
11
11
11
11
11
11
