24
45
63
75
93
115
140
161
188
212
231
250
267
289
304
328
350
371
388
415
429
444
461
480
503
529
542
557
573
601
626
644
658
682
705
723
743
765
779
801
833
855
873
892
917
945
956
981
997
1017
1030
1050
1074
1102
1125
1143
1159
1179
1205
1229
1260
1280
1300
1311
1321
1339
1358
1373
1406
1431
1447
1469
1498
1522
1543
1570
1594
1615
1629
1651
1683
1702
1714
1738
1759
1783
1812
1836
1847
1863
1878
1901
1919
1945
1967
1988
2009
2033
2057
2071
2092
2110
2136
2150
2174
2191
2213
2235
2256
2270
2292
2313
2330
2348
2364
2386
2414
2436
2458
2482
2501
2519
2537
2547
2571
2591
2614
2638
2656
2675
2699
2720
2739
2774
2793
2819
2850
2871
2890
2904
2925
2939
2959
2977
2994
3012
3027
3040
3057
3082
3109
3129
3154
3168
3192
3211
3231
3258
3272
3286
3317
3339
3361
3384
3412
3429
3448
3483
3505
3533
3550
3562
3586
3605
3619
3640
3662
3676
3700
3720
3745
3765
3786
3810
3832
3856
3875
3898
3914
3936
3953
3978
4001
4021
4036
4057
4078
4089
4104
4123
4147
4171
4191
4207
4222
4234
4250
4274
4287
4303
4328
4348
4368
4387
4408
4429
4445
4468
4494
4515
4536
4566
4581
4600
4622
4638
4654
4684
4702
4726
4759
4780
4799
4822
4846
4868
4879
4898
4921
4944
4961
4978
4997
5010
5038
5056
5082
5098
5118
5148
5167
5187
5221
5242
5257
5282
5309
5331
5350
5370
5395
5417
5437
5462
5480
5497
5525
5539
5562
5586
5601
5618
5639
5654
5672
5692
5708
5732
5756
5779
5806
5826
5849
5863
5893
5915
5935
5957
5975
6002
6035
6051
6070
6090
6124
6147
6163
6185
6204
6223
6240
6263
6284
6314
6337
6363
6386
6401
6423
6443
6475
6504
6523
6541
6568
6595
6622
6640
6666
6680
6704
6722
6743
6766
6795
6810
6836
6858
6887
6904
6915
6939
6952
6971
6997
7017
7035
7059
7087
7114
7139
7155
7174
7185
7207
7228
7252
7272
7296
7305
7324
7342
7365
7385
7403
7429
7447
7466
7482
7501
7529
7547
7567
7589
7614
7635
7649
7672
7696
7724
7741
7764
7787
7813
7836
7860
7874
7888
7917
7929
7954
7971
7990
8011
8028
8053
8082
8102
8118
8143
8163
8186
8207
8227
8245
8263
8289
8312
8324
8342
