20
45
69
90
114
130
154
174
201
222
241
265
290
313
339
357
377
394
410
428
444
466
483
500
516
534
549
568
600
618
639
652
667
682
697
712
728
745
762
779
799
825
840
869
891
906
916
936
956
973
991
1013
1031
1053
1075
1093
1114
1132
1159
1176
1204
1230
1247
1275
1301
1320
1350
1378
1408
1433
1457
1477
1494
1506
1533
1555
1577
1597
1620
1641
1665
1684
1709
1737
1750
1766
1783
1803
1828
1847
1869
1887
1903
1920
1942
1964
1975
1997
2009
2032
2057
2077
2095
2127
2142
2159
2185
2203
2223
2249
2263
2282
2307
2322
2345
2366
2378
2394
2409
2432
2453
2473
2498
2521
2546
2573
2595
2616
2641
2667
2682
2701
2726
2752
2772
2800
2816
2832
2852
2873
2894
2916
2940
2961
2982
3005
3026
3041
3060
3076
3093
3110
3134
3153
3177
3184
3206
3229
3254
3284
3300
3334
3352
3375
3388
3410
3423
3441
3468
3494
3516
3537
3555
3573
3595
3612
3626
3647
3661
3687
3704
3724
3743
3766
3783
3808
3827
3851
3880
3900
3925
3951
3974
3991
4010
4026
4042
4065
4085
4106
4127
4150
4163
4186
4207
4229
4247
4274
4293
4312
4335
4356
4380
4404
4432
4459
4485
4502
4522
4539
4558
4579
4592
4620
4633
4660
4674
4698
4716
4739
4773
4788
4801
4812
4833
4859
4885
4909
4940
4957
4976
4991
5013
5037
5054
5077
5105
5126
5139
5163
5187
5207
5229
5249
5283
5306
5316
5338
5363
5384
5407
5427
5446
5463
5484
5496
5506
5534
5559
5574
5598
5621
5645
5665
5685
5711
5730
5749
5768
5791
5813
5834
5853
5868
5887
5911
5927
5959
5981
6001
6031
6055
6072
6092
6111
6129
6151
6169
6190
6213
6226
6246
6270
6288
6306
6324
6343
6361
6380
6406
6417
6446
6470
6493
6506
6526
6552
6568
6587
6606
6628
6654
6670
6688
6709
6726
6756
6782
6799
6812
6832
6856
6876
6889
6910
6938
6958
6970
6989
7008
7025
7048
7065
7084
7109
7131
7159
7178
7198
7219
7236
7254
7276
7295
7317
7341
7363
7390
7406
7419
7438
7460
7481
7511
7528
7540
7556
7579
7592
7616
7639
7670
7692
7718
7741
7767
7789
7806
7837
7860
7887
7904
7920
7936
7964
7988
8002
8018
8034
8053
8072
8099
8122
8144
8164
8187
8211
8232
8253
8270
