0
1
4
6
7
13
25
36
45
58
67
75
82
93
108
124
134
136
149
163
180
186
196
202
202
214
219
215
218
222
226
233
231
232
233
242
244
247
256
267
258
258
263
268
275
276
286
287
292
296
300
301
305
313
314
316
311
313
313
315
306
308
307
299
303
308
303
300
302
304
295
292
291
289
287
280
279
278
278
276
279
277
280
286
283
275
280
273
270
264
262
265
263
262
257
254
257
256
255
254
252
262
255
257
264
259
256
255
251
247
246
245
245
239
235
233
229
232
232
229
228
221
222
221
214
215
218
223
218
219
217
217
213
216
214
207
207
205
208
204
203
202
208
210
212
213
212
206
201
198
197
189
185
180
174
176
173
175
177
182
183
183
185
187
187
187
181
180
174
172
170
172
171
170
168
165
166
165
165
163
163
161
166
161
161
161
157
152
149
151
150
153
151
150
151
151
153
156
162
159
156
157
158
158
150
144
143
142
143
141
138
137
138
140
135
140
145
146
142
140
139
138
140
140
136
138
139
139
140
138
133
136
135
133
132
130
130
135
134
135
136
139
141
137
136
136
137
140
144
143
149
148
146
149
152
150
156
156
163
164
163
164
163
164
170
175
176
176
179
178
178
180
181
184
185
187
184
190
191
190
185
182
179
187
182
186
189
188
184
190
193
195
197
200
199
193
195
194
198
205
210
215
217
215
214
212
213
213
209
204
195
199
197
198
195
191
193
188
196
193
194
192
196
196
192
191
198
199
202
204
201
202
204
203
205
197
200
202
203
207
209
211
212
212
210
208
202
200
204
202
199
201
203
203
197
192
189
192
194
190
186
183
187
188
183
180
179
174
173
173
172
174
167
166
161
160
159
157
155
151
153
152
151
150
149
150
153
153
154
155
153
148
150
148
147
148
149
148
150
147
