16
27
33
33
40
48
56
53
55
54
46
49
42
42
38
35
30
40
39
33
29
34
32
28
22
30
36
36
35
34
34
27
25
23
28
28
33
38
42
38
38
33
34
32
32
35
36
31
36
41
43
36
43
49
59
62
56
58
57
56
59
63
65
66
62
61
67
73
81
81
79
77
84
84
83
79
79
85
87
93
89
92
100
103
105
109
113
119
124
130
132
137
134
141
160
164
171
180
190
198
211
218
224
229
230
237
238
245
244
246
244
249
251
253
258
263
267
272
275
285
287
291
289
288
293
305
305
310
306
308
316
322
333
343
344
344
352
359
364
374
383
399
407
410
422
428
426
428
436
446
450
467
481
482
483
490
505
512
524
529
540
540
549
554
566
578
589
594
594
600
603
606
621
625
630
637
640
645
648
665
672
678
688
696
695
699
707
714
718
724
728
732
738
747
761
765
773
783
805
814
824
828
828
835
846
850
860
867
879
885
893
891
903
907
914
919
923
927
930
933
943
945
954
960
968
981
987
992
994
1005
1013
1017
1021
1023
1031
1044
1049
1051
1053
1061
1068
1072
1075
1080
1088
1085
1091
1103
1108
1118
1123
1127
1132
1147
1149
1155
1159
1156
1157
1165
1166
1169
1176
1183
1184
1181
1182
1187
1197
1200
1202
1203
1199
1209
1214
1213
1214
1221
1229
1236
1244
1253
1263
1277
1279
1282
1286
1289
1295
1300
1305
1317
1324
1329
1336
1344
1347
1354
1360
1372
1379
1383
1386
1389
1393
1398
1401
1411
1414
1419
1421
1425
1425
1419
1429
1433
1439
1453
1455
1470
1471
1474
1479
1482
1490
1498
1500
1508
1508
1506
1509
1519
1521
1530
1534
1543
1548
1559
1562
1571
1575
1578
1586
1592
1592
1598
1606
1605
1607
1611
1616
1620
1626
1640
1641
1647
1657
1663
1667
1673
1689
1698
1703
1712
1712
1718
1720
1723
1730
1733
1739
1744
1758
1767
1775
1779
1779
1785
1791
1803
1814
1822
1831
1843
1857
1865
1870
1882
1884
1890
1896
1906
1911
1921
1928
1935
1945
1961
1970
1978
