9
18
24
38
53
53
51
49
45
43
47
49
48
63
51
45
41
48
48
45
41
39
39
40
40
33
29
33
29
36
38
35
45
40
41
45
47
48
47
42
47
46
53
50
52
52
49
53
50
48
55
59
59
58
55
48
57
61
64
66
65
73
72
77
71
67
66
63
68
64
70
77
76
83
92
97
100
107
108
114
116
123
125
124
124
135
135
136
140
145
148
152
154
155
156
166
168
176
183
195
198
197
205
209
206
213
221
226
227
235
242
246
253
256
254
260
269
269
272
279
284
291
295
301
309
317
317
317
326
329
337
350
357
359
367
367
376
379
390
396
405
404
404
415
418
424
428
443
447
458
468
470
475
483
495
503
520
528
540
541
538
542
555
555
561
566
572
578
584
591
596
602
613
618
625
627
632
637
643
648
650
656
660
666
674
681
686
694
700
713
721
729
740
738
738
744
749
756
762
768
777
788
795
796
808
815
816
828
836
843
860
868
873
877
884
887
889
895
909
919
929
940
946
953
960
965
973
983
987
994
1003
1009
1022
1033
1039
1044
1050
1054
1061
1063
1068
1072
1082
1091
1099
1108
1117
1121
1126
1135
1140
1143
1152
1154
1161
1167
1171
1175
1181
1182
1188
1197
1202
1202
1208
1217
1231
1239
1245
1249
1255
1261
1266
1270
1271
1270
1277
1279
1287
1294
1303
1314
1317
1314
1316
1316
1316
1320
1334
1337
1343
1343
1348
1345
1344
1349
1354
1354
1354
1362
1370
1379
1383
1386
1393
1394
1397
1398
1407
1419
1430
1433
1439
1441
1446
1457
1471
1482
1479
1486
1492
1498
1514
1516
1520
1522
1525
1527
1532
1528
1541
1542
1555
1568
1575
1583
1591
1588
1590
1592
1598
1600
1605
1610
1611
1617
1630
1641
1646
1647
1646
1646
1650
1650
1660
1671
1675
1678
1683
1692
1704
1708
1710
1716
1727
1736
1744
1758
1769
1775
1790
1794
1810
1815
1828
1837
1845
1855
1865
1874
1879
1888
1894
1898
1906
1910
1920
1926
1935
1947
1953
1962
1969
1979
1986
2000
2005
2011
2019
2029
