13
21
28
41
42
44
40
42
45
45
46
41
36
36
33
35
33
35
31
30
28
30
33
37
36
42
37
35
34
36
41
44
42
43
44
40
38
38
36
30
40
43
44
41
37
41
45
44
45
44
55
48
48
54
55
63
66
63
62
69
72
70
66
73
79
86
91
83
78
79
79
80
82
90
93
89
97
104
111
112
114
118
122
126
127
126
134
144
147
151
155
156
157
152
161
162
161
165
164
169
168
173
176
184
188
188
196
195
192
195
198
203
209
216
226
227
235
236
236
244
252
259
261
270
275
283
294
303
305
311
317
317
324
333
337
344
348
354
361
366
373
379
379
383
396
406
406
415
420
430
439
443
452
459
469
473
481
490
494
493
509
517
528
537
543
549
557
560
569
579
592
598
601
613
614
618
624
627
635
647
652
660
668
671
672
675
679
685
695
703
709
716
724
729
739
744
750
753
761
763
769
776
783
785
798
802
809
817
827
834
835
843
852
860
872
879
892
893
906
913
919
921
925
921
926
936
944
951
961
964
971
973
980
987
988
998
1003
1015
1015
1021
1036
1045
1049
1052
1051
1057
1061
1067
1079
1089
1099
1100
1108
1110
1107
1109
1111
1118
1122
1126
1130
1139
1149
1153
1154
1154
1162
1168
1172
1174
1180
1181
1188
1195
1200
1203
1204
1207
1214
1219
1223
1225
1230
1241
1245
1255
1264
1263
1268
1277
1283
1287
1297
1299
1302
1307
1305
1312
1316
1333
1347
1349
1351
1354
1358
1361
1360
1365
1375
1383
1390
1398
1397
1399
1390
1393
1394
1394
1396
1400
1401
1405
1404
1413
1414
1416
1420
1425
1435
1438
1438
1445
1451
1460
1471
1477
1473
1480
1484
1490
1502
1512
1513
1523
1529
1531
1540
1542
1547
1545
1554
1558
1564
1569
1575
1573
1577
1578
1585
1597
1600
1604
1608
1611
1618
1619
1623
1630
1637
1634
1638
1640
1642
1637
1636
1641
1640
1651
1658
1665
1676
1682
1685
1696
1701
1709
1713
1728
1731
1732
1737
1738
1741
1747
1757
1763
1764
1765
1778
1786
