560
619
674
725
816
898
986
1103
1213
1313
1416
1531
1646
1759
1894
2031
2209
2362
2515
2705
2853
3023
3214
3412
3634
3859
4051
4230
4474
4744
4968
5265
5520
5799
6095
6305
6622
6893
7210
7505
7832
8195
8539
8847
9217
9522
9800
10072
10336
10667
10969
11304
11569
11866
12150
12432
12642
12902
13263
13587
13863
14239
14555
14887
15167
15521
15759
16113
16343
16644
16759
16996
17158
17393
17470
17640
17859
18079
18231
18426
18560
18787
18846
19004
19070
19159
19265
19303
19362
19423
19680
19822
19979
20118
20282
20327
20532
20623
20884
20982
21036
21091
21186
21221
21303
21438
21486
21603
21635
21768
21664
21690
21658
21656
21652
21757
21712
21769
21782
21766
21614
21649
21518
21403
21198
21224
21194
21046
20997
20939
20871
20825
20777
20735
20691
20501
20480
20377
20201
20002
20016
19948
19866
19786
19750
19694
19569
19362
19182
19033
19015
18918
18814
18725
18583
18438
18372
18177
17984
17975
17825
17732
17565
17426
17240
17243
17250
17168
16994
16892
16728
16548
16323
16219
16139
16003
15942
15833
15642
15509
15383
15140
15017
14975
14783
14672
14611
14421
14297
14140
13923
13803
13689
13532
13415
13345
13180
13069
12824
12640
12524
12231
12008
11778
11668
11408
11260
11197
11057
10912
10688
10480
10296
10179
10017
9801
9634
9486
9326
9145
8945
8732
8505
8211
8027
7889
7684
7468
7317
7250
7102
6998
6863
6671
6587
6441
6325
6193
6078
5945
5725
5622
5567
5415
5281
5221
5109
4958
4846
4709
4571
4399
4261
4169
4117
3978
3861
3766
3678
3595
3482
3398
3300
3214
3175
3121
3037
2928
2852
2741
2619
2541
2478
2421
2339
2228
2157
2066
1947
1898
1835
1781
1724
1644
1616
1546
1518
1464
1408
1362
1304
1265
1197
1170
1124
1070
1048
995
958
938
922
883
830
789
781
747
715
675
646
603
566
544
534
506
469
450
434
413
389
375
369
359
345
320
314
326
317
310
283
254
242
222
219
219
210
200
184
170
149
142
132
134
127
127
115
115
100
96
87
84
86
77
71
62
61
59
59
54
46
48
43
40
37
38
33
32
33
31
28
26
22
22
22
19
19
19
16
17
17
19
21
22
18
19
18
11
7
5
4
5
3
2
1
1
1
1
1
1
1
1
