0
4
17
44
94
159
223
307
389
498
584
694
772
873
980
1058
1146
1244
1353
1455
1571
1680
1801
1919
2053
2169
2272
2369
2492
2612
2737
2858
2982
3085
3190
3295
3408
3547
3663
3752
3846
3951
4054
4160
4265
4363
4479
4606
4719
4824
4909
5048
5156
5264
5379
5485
5585
5683
5804
5921
6026
6131
6248
6348
6456
6545
6637
6765
6890
7003
7109
7223
7328
7443
7529
7642
7735
7840
7952
8050
8154
8245
8356
8455
8534
8638
8735
8818
8930
9047
9137
9241
9338
9417
9520
9633
9715
9806
9910
9987
10065
10139
10206
10278
10344
10393
10476
10541
10622
10696
10777
10859
10941
11029
11093
11149
11209
11268
11320
11393
11445
11490
11558
11618
11673
11724
11736
11754
11780
11827
11865
11896
11938
11970
12011
12037
12071
12104
12123
12135
12149
12162
12178
12189
12190
12192
12213
12223
12231
12244
12240
12236
12235
12231
12241
12214
12201
12197
12190
12174
12146
12136
12110
12081
12061
12030
11997
11966
11913
11894
11867
11841
11833
11807
11766
11733
11715
11671
11643
11599
11564
11515
11487
11447
11420
11381
11347
11312
11278
11248
11214
11167
11127
11083
11032
10983
10942
10912
10863
10819
10785
10754
10713
10676
10651
10617
10578
10536
10495
10459
10416
10389
10356
10321
10279
10238
10210
10169
10125
10085
10040
10008
9973
9921
9893
9857
9824
9782
9747
9713
9656
9611
9575
9528
9494
9452
9407
9377
9339
9300
9260
9227
9198
9162
9128
9097
9051
9013
8987
8945
8908
8879
8849
8801
8762
8729
8699
8669
8642
8607
8568
8537
8508
8477
8435
8398
8365
8337
8302
8267
8238
8201
8174
8142
8115
8087
8059
8027
7987
7957
7923
7890
7863
7825
7789
7767
7741
7709
7684
7658
7639
7604
7568
7535
7501
7473
7446
7416
7375
7342
7320
7290
7255
7233
7202
7177
7147
7120
7091
7071
7035
7018
6997
6969
6937
6919
6888
6860
6831
6803
6770
6751
6716
6684
6661
6627
6603
6579
6556
6535
6508
6478
6457
6435
6416
6385
6353
6325
6293
6263
6232
6207
6184
6162
6144
6109
6088
6068
6046
6020
5990
5963
5936
5915
5895
5873
5846
5823
5795
5774
5753
5731
5704
5682
5666
5640
5616
5597
5576
5552
5533
5516
5495
5459
5438
5418
5392
5377
5358
5342
5320
5286
5263
5246
5237
5213
5184
5161
5146
5123
5101
5079
5061
5031
5012
4999
4980
4966
4949
4931
