0
5
21
45
93
157
218
303
387
486
571
648
748
868
964
1068
1185
1297
1413
1519
1651
1757
1882
2006
2142
2265
2378
2527
2649
2800
2940
3053
3183
3285
3406
3532
3657
3770
3898
4012
4122
4259
4358
4470
4578
4681
4784
4902
5025
5147
5265
5356
5465
5583
5683
5795
5908
6038
6164
6277
6380
6470
6609
6705
6802
6891
6985
7081
7161
7264
7374
7489
7596
7672
7784
7875
7966
8069
8154
8268
8355
8456
8540
8648
8738
8851
8945
9047
9161
9261
9356
9459
9548
9628
9718
9794
9880
9985
10079
10171
10249
10331
10404
10517
10617
10690
10774
10859
10920
10974
11058
11112
11175
11250
11337
11395
11451
11504
11549
11613
11681
11715
11748
11776
11828
11879
11913
11962
11989
12049
12084
12107
12153
12173
12201
12212
12224
12248
12274
12292
12284
12285
12280
12297
12288
12293
12272
12259
12259
12263
12251
12280
12255
12244
12227
12228
12204
12156
12124
12083
12053
12038
12024
12010
11991
11979
11964
11942
11920
11879
11837
11814
11774
11726
11700
11678
11651
11622
11573
11546
11505
11464
11429
11398
11374
11344
11306
11261
11232
11190
11148
11118
11087
11050
11030
10979
10939
10904
10859
10831
10792
10743
10704
10671
10628
10594
10544
10497
10464
10416
10371
10335
10300
10253
10220
10174
10133
10087
10030
9997
9960
9926
9892
9853
9813
9783
9748
9707
9670
9637
9602
9567
9522
9484
9445
9401
9369
9339
9311
9271
9240
9201
9160
9123
9084
9047
9008
8967
8929
8902
8863
8831
8796
8764
8728
8698
8661
8618
8580
8542
8514
8473
8428
8390
8357
8330
8291
8263
8235
8198
8171
8142
8104
8077
8044
8015
7982
7952
7913
7882
7854
7827
7794
7758
7728
7695
7669
7628
7599
7557
7524
7500
7465
7433
7403
7372
7340
7308
7273
7246
7215
7191
7163
7127
7096
7073
7046
7008
6977
6943
6913
6883
6855
6821
6807
6777
6752
6728
6700
6668
6634
6614
6590
6568
6533
6506
6485
6462
6447
6421
6399
6363
6344
6320
6300
6281
6247
6217
6194
6165
6130
6102
6072
6052
6025
6006
5987
5961
5938
5913
5888
5861
5829
5800
5775
5751
5719
5701
5682
5671
5640
5610
5594
5578
5564
5536
5519
5499
5477
5461
5434
5406
5382
5361
5337
5318
5301
5279
5256
5242
5217
5197
5166
5143
5130
5114
5098
5075
5056
5041
5010
4985
4963
4943
4925
4897
4876
4861
4843
4830
