995788
991581
987398
983119
979010
974852
970643
966357
962204
958111
953944
949766
945589
941392
937360
933324
929365
925218
921108
917163
913060
909097
905167
901390
897375
893587
889624
885868
882052
878176
874316
870401
866524
862737
859059
855318
851645
847953
844337
840703
837105
833529
829906
826362
822804
819100
815552
812027
808461
805040
801701
798259
794760
791282
787877
784512
781085
777725
774354
771073
767805
764502
761117
757912
754616
751379
748192
745055
741807
738618
735442
732296
729156
725993
722988
719900
716867
713879
710855
707924
705105
702280
699463
696633
694007
691464
689059
686739
684411
682243
680231
678444
676923
675757
674793
673825
673299
673019
672970
673004
673001
673050
673133
673210
673313
673395
673469
673545
673624
673718
673791
673879
673970
674044
674136
674213
674290
674376
674465
674548
674640
674719
674791
674884
674951
675040
675110
675200
675283
675371
675441
675541
675618
675694
675768
675844
675927
676009
676099
676206
676309
676390
676479
676569
676650
676723
676816
676898
676983
677064
677129
677194
677289
677355
677433
677510
677583
677653
677719
677798
677868
677947
678044
678108
678183
678268
678357
678433
678522
678607
678690
678767
678842
678923
679009
679078
679168
679247
679326
679401
679475
679566
679644
679710
679785
679877
679948
680020
680110
680188
680273
680351
680442
680526
680590
680685
680762
680852
680914
681002
681083
681159
681232
681297
681375
681444
681545
681607
681681
681753
681857
681923
682011
682084
682167
682253
682346
682422
682482
682564
682633
682716
682793
682862
682918
682991
683065
683132
683206
683319
683387
683463
683543
683609
683688
683753
683831
683925
684004
684072
684142
684210
684301
684366
684437
684514
684581
684656
684749
684827
684895
684973
685064
685145
685222
685310
685401
685469
685553
685635
685724
685814
685897
685974
686054
686138
686230
686308
686378
686454
686525
686605
686694
686779
686853
686935
687021
687093
687160
687237
687314
687382
687455
687532
687598
687695
687768
687857
687928
688005
688094
688170
688244
688321
688403
688473
688544
688614
688692
688766
688843
688937
689010
689090
689173
689251
689328
689414
689495
689582
689669
689759
689830
689916
689990
690060
690120
690197
690271
690356
690433
690507
690593
690674
690750
690828
690910
690983
691066
691139
691220
691296
691365
691455
691537
691609
691693
691779
691862
691924
692019
692102
692177
692262
692332
692405
692482
692562
692648
692718
692785
692855
692941
693031
693103
693179
693265
693335
693415
693488
693555
693625
693698
693770
693857
693943
694035
694128
694195
694288
694363
694450
694540
694618
694704
694765
694846
694917
694973
695033
695111
695179
695247
695326
695397
695461
695541
695616
695691
695757
695848
695916
696007
696090
696154
696230
696317
696392
696478
696552
