995752
991730
987572
983343
979200
975145
970938
966593
962418
958131
953997
949834
945777
941675
937631
933606
929508
925506
921366
917349
913269
909219
905330
901403
897585
893838
889965
885995
882111
878263
874470
870782
867064
863421
859629
855884
852171
848428
844808
841038
837350
833791
830220
826634
823035
819471
815921
812389
808846
805421
801861
798378
794940
791460
788029
784632
781268
778005
774668
771320
768038
764801
761391
758069
754859
751664
748401
745162
742009
738935
735724
732535
729464
726373
723362
720184
717163
714222
711130
708044
705100
702100
699362
696527
693761
691098
688528
685939
683498
681236
679080
677004
675119
673483
672116
670911
669787
668908
668326
667888
667686
667587
667481
667301
667271
667296
667288
667308
667369
667455
667542
667625
667708
667800
667876
667958
668047
668129
668206
668293
668356
668440
668538
668626
668704
668777
668864
668960
669045
669126
669208
669280
669353
669442
669522
669604
669671
669748
669823
669901
669984
670064
670140
670226
670322
670403
670501
670596
670667
670752
670827
670902
670994
671076
671160
671233
671334
671426
671504
671584
671663
671749
671813
671896
671973
672061
672131
672223
672317
672392
672474
672562
672643
672727
672803
672881
672959
673048
673123
673203
673293
673371
673450
673539
673620
673705
673794
673879
673957
674029
674103
674184
674274
674359
674429
674509
674592
674670
674741
674818
674887
674969
675054
675128
675198
675281
675364
675436
675529
675595
675690
675771
675851
675959
676043
676124
676193
676261
676318
676393
676480
676566
676655
676726
676792
676879
676962
677040
677118
677197
677282
677360
677452
677541
677611
677668
677749
677819
677896
677970
678066
678137
678215
678296
678347
678434
678506
678594
678687
678764
678834
678937
679024
679107
679194
679265
679345
679425
679513
679593
679668
679749
679825
679908
679985
680049
680144
680232
680302
680388
680472
680557
680636
680712
680783
680874
680968
681053
681139
681232
681303
681384
681474
681559
681634
681722
681799
681893
681968
682044
682117
682212
682285
682375
682450
682530
682611
682691
682771
682844
682942
683021
683097
683170
683240
683325
683402
683483
683569
683662
683724
683818
683885
683966
684047
684121
684194
684280
684368
684439
684513
684582
684664
684735
684806
684883
684945
685023
685098
685159
685223
685298
685390
685461
685544
685618
685706
685791
685875
685948
686022
686116
686199
686278
686377
686460
686539
686625
686709
686776
686854
686931
687013
687098
687191
687281
687352
687429
687511
687577
687655
687738
687815
687893
687972
688063
688127
688213
688280
688363
688436
688505
688555
688621
688705
688798
688870
688942
689008
689084
689155
689239
689318
689388
689476
689560
689639
689718
689803
689879
689945
690020
690095
690189
690260
690336
690415
690487
690562
690648
