4070
7738
11404
14918
18292
21353
24339
27189
29760
32263
34611
36759
38836
40799
42566
44268
46030
47684
49118
50522
51854
52972
54199
55214
56063
56841
57713
58526
59291
59950
60611
61089
61771
62211
62717
63089
63427
63690
63924
64271
64504
64657
65005
65179
65132
65254
65388
65455
65423
65288
65321
65174
65248
65125
65204
65219
65121
65096
64986
64888
64752
64605
64490
64381
64244
63979
63796
63722
63586
63417
63294
62971
62838
62624
62476
62334
62158
61934
61562
61317
60952
60684
60328
60071
59644
59050
58576
58044
57335
56364
55148
53956
52588
50730
48725
46632
44344
42148
39980
37970
35984
34055
32343
30601
28953
27536
26081
24704
23370
22110
20927
19817
18795
17775
16878
15965
15105
14319
13566
12857
12215
11594
10977
10423
9861
9367
8884
8426
7976
7576
7196
6809
6463
6111
5805
5536
5277
4983
4709
4455
4204
3983
3788
3584
3396
3206
3034
2889
2741
2596
2434
2312
2194
2061
1931
1822
1734
1642
1539
1457
1388
1312
1252
1175
1123
1056
994
934
878
843
796
751
714
677
633
604
570
539
508
476
451
424
405
383
353
333
315
295
279
261
241
234
222
208
198
181
173
168
155
148
136
127
124
121
116
107
103
99
91
87
82
75
67
64
59
58
54
53
51
45
45
42
36
32
30
29
29
28
26
24
23
21
21
18
17
16
15
15
14
13
12
12
10
10
10
10
9
9
9
7
6
6
6
6
6
4
4
4
4
4
3
3
3
3
2
2
2
2
2
2
2
2
2
2
2
2
2
2
1
1
1
1
1
1
0
0
0
0
0
0
0
0
0
0
0
0
0
0
0
0
0
0
0
0
0
0
0
0
0
0
0
0
0
0
0
0
0
0
0
0
0
0
0
0
0
0
0
0
0
0
0
0
0
0
0
0
0
0
0
0
0
0
0
0
0
0
0
0
0
0
0
0
0
0
0
0
0
0
0
0
0
0
0
0
0
0
0
0
0
0
0
0
0
0
0
0
0
0
0
0
0
0
0
0
0
0
0
0
0
0
0
0
0
0
0
0
0
0
0
0
