103760
131592
122288
105043
90395
78765
70914
64414
59390
55386
52297
49520
47251
45111
43622
42326
40789
39890
38747
37648
36835
36516
35561
34512
34390
34091
33430
33189
32947
32495
32137
32056
31578
31323
31313
30814
31001
30869
30704
30822
30552
30404
30342
30199
30323
30444
29789
29973
29923
30137
29695
29972
29703
29978
30358
30516
29993
30275
30195
30361
30318
30192
30196
30506
30384
30446
30289
30439
30920
30861
30836
31115
30931
31139
31116
31302
31484
31304
31512
31980
31782
32095
32456
32800
33002
32940
33360
33727
33784
34887
34859
35412
36107
36610
37927
37929
39486
40555
42280
43635
45802
47640
49805
51804
54000
56786
58988
61061
63726
65998
68361
71186
73740
77019
79481
81985
84972
88423
91398
94404
97665
100784
103559
106677
109958
113479
116616
119694
124080
126736
130476
133246
136754
140388
143533
146568
149786
152622
155904
159400
162218
165347
168262
171601
174543
177132
180137
182308
184824
187585
189960
192162
194559
196148
198443
200337
202567
204480
206360
208394
210349
212341
214152
215943
217262
218636
220288
221481
223029
224380
225786
227231
228395
229575
230548
231591
232369
233473
234347
235295
236240
236823
237278
237862
238402
238871
239408
239878
240453
240920
241469
241951
242436
242730
243165
243522
243781
244119
244465
244783
244826
245181
245430
245668
245874
246097
246262
246492
246628
246778
246901
247079
247224
247416
247595
247738
247874
248067
248201
248178
248262
248247
248302
248384
248539
248584
248676
248745
248748
248861
248983
249092
249163
249243
249304
249322
249357
249367
249415
249455
249489
249527
249549
249588
249620
249663
249678
249713
249754
249770
249790
249781
249798
249830
249854
249830
249820
249819
249835
249843
249854
249848
249855
249849
249860
249882
249895
249894
249918
249937
249947
249955
249966
249968
249966
249969
249974
249974
249969
249969
249967
249961
249975
249975
249978
249987
249997
249998
249998
249998
249999
250000
250000
250000
250000
250000
250000
250000
250000
250000
250000
250000
250000
250000
250000
250000
250000
250000
250000
250000
250000
250000
250000
250000
250000
250000
250000
250000
250000
250000
250000
250000
250000
250000
250000
250000
250000
250000
250000
250000
250000
250000
250000
250000
250000
250000
250000
250000
250000
250000
250000
250000
250000
250000
250000
250000
250000
250000
250000
250000
250000
250000
250000
250000
250000
250000
250000
250000
250000
250000
250000
250000
250000
250000
250000
250000
250000
250000
250000
250000
250000
250000
250000
250000
250000
250000
250000
250000
250000
250000
250000
250000
250000
250000
250000
250000
250000
250000
250000
250000
250000
250000
250000
250000
250000
250000
250000
250000
250000
250000
