103905
130761
121717
104313
88788
78539
70442
64360
59218
55160
51976
49329
47032
45384
43751
42141
40864
39901
38483
37696
37204
36517
35605
35175
34788
34253
33510
32914
32720
32354
32095
31956
31767
31461
31468
31324
31006
30845
30693
30515
30461
30456
30278
30422
30326
30183
30201
30045
30162
29773
29919
29921
30014
29951
30129
30140
29909
30030
30385
30214
30128
30269
30493
30319
30379
30690
30491
30483
30542
30834
30949
30854
30824
31100
31223
31461
31825
31984
32059
32031
32304
32104
32760
32844
32947
33369
33126
33918
33975
34760
35282
36018
37396
38236
39584
40435
41425
43213
44574
46103
48078
49743
51613
53793
55613
57608
59752
61726
63916
66489
68372
71070
73831
76691
79484
82263
85214
87698
91437
94667
97169
100329
103296
106518
109814
112794
116227
119621
122215
125438
128973
132423
135738
138688
142200
145126
148157
151690
154630
157697
160378
163406
166556
169343
172123
174947
177719
180269
182788
185166
187933
190508
192924
194979
196987
199049
201146
202958
205242
207004
209301
211285
212983
214757
216067
217835
219113
220537
222099
223477
224502
225725
227209
228121
228706
229433
230287
231340
232312
232955
233597
234356
235190
235827
236431
236847
237634
238075
238562
239079
239617
240344
241049
241473
241956
242329
242720
243092
243466
243858
244341
244590
244966
245341
245743
245923
246049
246182
246450
246727
246842
247028
247175
247350
247472
247653
247795
247857
248005
248089
248179
248199
248297
248338
248377
248443
248588
248677
248690
248722
248785
248836
248867
248902
248993
248992
249015
249049
249120
249191
249237
249310
249308
249343
249374
249411
249445
249491
249464
249484
249460
249519
249522
249538
249584
249642
249712
249778
249780
249767
249756
249773
249799
249811
249827
249866
249868
249866
249878
249886
249912
249939
249964
249964
249978
249988
249997
249998
249999
250000
250000
250000
250000
250000
250000
250000
250000
250000
250000
250000
250000
250000
250000
250000
250000
250000
250000
250000
250000
250000
250000
250000
250000
250000
250000
250000
250000
250000
250000
250000
250000
250000
250000
250000
250000
250000
250000
250000
250000
250000
250000
250000
250000
250000
250000
250000
250000
250000
250000
250000
250000
250000
250000
250000
250000
250000
250000
250000
250000
250000
250000
250000
250000
250000
250000
250000
250000
250000
250000
250000
250000
250000
250000
250000
250000
250000
250000
250000
250000
250000
250000
250000
250000
250000
250000
250000
250000
250000
250000
250000
250000
250000
250000
250000
250000
250000
250000
250000
250000
250000
250000
250000
250000
250000
250000
250000
250000
250000
250000
250000
250000
250000
250000
250000
250000
250000
250000
250000
250000
250000
