10020
53173
118239
187407
250706
305113
352756
393817
428454
458985
485346
508584
527959
544817
559252
571921
583295
592433
600911
608685
614585
618859
623172
627241
630611
633382
637272
639674
642562
644273
646066
647604
648848
649841
651528
652023
651837
653163
654213
654913
655310
655631
656237
656957
657565
658549
658826
658910
658714
658032
658717
658631
658839
658985
658326
658249
659117
659032
658551
658338
658125
658110
657638
657312
657421
657406
657027
657074
658150
658004
658334
658153
658690
657858
657204
656942
656630
655935
656076
656139
655764
655264
655141
654722
653564
653131
652415
652015
650940
650265
649742
648178
646597
644155
642070
639626
635444
632474
628029
623115
618271
613150
607546
601461
595421
589593
583205
575849
568730
560439
552894
544548
537002
528987
521183
513018
504432
496326
487798
479239
469730
460921
451579
442132
433335
424025
414450
404875
395381
385590
375940
366205
356184
346946
336955
327642
318128
308863
299636
290124
281213
271851
262972
254532
246068
237879
229720
221532
213370
205549
197555
189823
182377
174819
167631
160324
153501
146988
140835
134777
128882
123019
117411
112231
107142
102256
97704
93235
88492
84796
80726
76679
72820
69084
65986
62447
59429
56776
53906
51065
48464
45950
43597
41258
39186
37006
35022
33337
31462
29676
28071
26430
24998
23632
22373
21133
19832
18791
17889
16899
15927
15026
14182
13526
12918
12225
11592
11058
10497
9950
9480
8876
8336
7892
7462
6953
6541
6202
5851
5464
5181
4799
4574
4315
4031
3703
3397
3185
3040
2877
2732
2482
2332
2226
2070
1912
1765
1674
1552
1462
1386
1286
1219
1158
1088
1043
1015
942
891
833
772
738
704
699
655
632
557
500
485
463
422
396
371
363
316
291
271
257
229
212
189
184
182
190
189
188
197
189
180
155
136
132
125
109
92
80
60
48
40
32
29
25
21
17
15
13
8
8
5
4
3
3
2
1
1
1
1
1
0
0
0
0
0
0
0
0
0
0
0
0
0
0
0
0
0
0
0
0
0
0
0
0
0
0
0
0
0
0
0
0
0
0
0
0
0
0
0
0
0
0
0
0
0
0
0
0
0
0
0
0
0
0
0
0
0
0
0
0
0
0
0
0
0
0
0
0
0
0
0
0
0
0
0
0
0
0
0
0
0
0
0
0
0
0
0
0
0
0
0
0
