12
20
32
46
59
74
87
97
105
117
128
138
148
159
168
175
190
204
209
222
233
236
239
247
261
271
273
283
289
304
310
317
332
341
346
353
364
372
379
391
408
414
420
427
436
448
449
458
467
478
481
485
492
502
506
513
530
527
535
540
546
552
555
567
580
588
594
601
603
609
615
619
628
633
636
641
645
649
663
663
676
688
699
708
718
725
733
741
745
752
762
764
767
768
777
783
790
796
805
813
823
822
830
837
843
859
861
866
873
878
883
894
905
917
930
940
947
957
964
975
986
989
994
1002
1013
1025
1028
1038
1051
1061
1070
1086
1098
1111
1124
1127
1137
1148
1162
1166
1174
1182
1190
1199
1207
1215
1226
1241
1252
1259
1271
1284
1296
1303
1313
1322
1333
1340
1348
1357
1370
1381
1388
1399
1406
1417
1430
1439
1452
1460
1470
1481
1497
1506
1514
1521
1535
1547
1555
1560
1571
1582
1595
1603
1616
1627
1635
1651
1661
1673
1679
1695
1702
1709
1729
1744
1761
1781
1789
1798
1807
1816
1830
1842
1850
1867
1880
1889
1904
1916
1928
1936
1945
1956
1967
1977
1985
1992
2008
2017
2020
2034
2044
2051
2066
2073
2083
2086
2095
2110
2117
2130
2137
2151
2161
2169
2188
2196
2206
2219
2234
2246
2256
2268
2276
2283
2289
2299
2314
2330
2345
2356
2367
2376
2392
2403
2417
2429
2438
2444
2454
2465
2479
2493
2510
2525
2539
2548
2557
2576
2586
2594
2603
2615
2620
2632
2637
2645
2653
2664
2673
2687
2701
2711
2725
2733
2748
2757
2770
2779
2789
2801
2807
2819
2824
2833
2842
2853
2864
2876
2886
2898
2906
2917
2926
2933
2944
2956
2967
2975
2989
3005
3016
3023
3039
3052
3064
3072
3081
3091
3107
3118
3127
3139
3152
3161
3175
3184
3195
3206
3212
3226
3247
3254
3263
3273
3283
3289
3298
3310
3314
3331
3346
3364
3371
3385
3396
3406
3419
3429
3444
3461
3471
3480
3499
3511
3517
3524
3530
3538
3552
3562
3578
3588
3599
3608
3624
3633
3644
3662
3672
3681
3693
3704
3716
3726
3732
3741
3749
3757
3768
3780
3796
3802
3808
3824
3834
3844
3850
3861
3873
3883
3894
3908
3924
3934
3944
3952
3957
3965
