615
743
890
1105
1325
1594
1908
2293
2756
3310
3939
4683
5538
6458
7490
8716
10038
11507
13047
14696
16560
18667
20796
22824
25002
27314
29816
32209
34434
36616
38593
40511
42314
43682
45039
46246
47020
47398
47472
47676
47511
46847
46014
45021
43688
42110
40396
38634
36807
34814
32656
30443
28251
26158
24100
21990
20039
18099
16281
14479
12957
11380
10018
8715
7675
6678
5756
4922
4257
3643
3037
2578
2177
1872
1599
1312
1088
894
714
564
472
373
293
222
177
156
129
106
90
59
45
36
33
29
24
17
12
10
5
2
0
0
0
0
0
0
0
0
0
0
0
0
0
0
0
0
0
0
0
0
0
0
0
0
0
0
0
0
0
0
0
0
0
0
0
0
0
0
0
0
0
0
0
0
0
0
0
0
0
0
0
0
0
0
0
0
0
0
0
0
0
0
0
0
0
0
0
0
0
0
0
0
0
0
0
0
0
0
0
0
0
0
0
0
0
0
0
0
0
0
0
0
0
0
0
0
0
0
0
0
0
0
0
0
0
0
0
0
0
0
0
0
0
0
0
0
0
0
0
0
0
0
0
0
0
0
0
0
0
0
0
0
0
0
0
0
0
0
0
0
0
0
0
0
0
0
0
0
0
0
0
0
0
0
0
0
0
0
0
0
0
0
0
0
0
0
0
0
0
0
0
0
0
0
0
0
0
0
0
0
0
0
0
0
0
0
0
0
0
0
0
0
0
0
0
0
0
0
0
0
0
0
0
0
0
0
0
0
0
0
0
0
0
0
0
0
0
0
0
0
0
0
0
0
0
0
0
0
0
0
0
0
0
0
0
0
0
0
0
0
0
0
0
0
0
0
0
0
0
0
0
0
0
0
0
0
0
0
0
0
0
0
0
0
0
0
0
0
0
0
0
0
0
0
0
0
0
0
0
0
0
0
0
0
0
0
0
0
0
0
0
0
0
0
0
0
0
0
0
0
