0
2
7
17
24
37
47
58
72
87
94
113
136
151
164
181
192
206
220
233
253
263
275
290
305
316
328
343
354
368
382
400
418
434
448
469
475
489
499
503
517
530
543
556
563
576
589
607
616
633
647
656
665
679
686
706
715
719
726
735
744
749
759
774
784
791
810
820
831
843
848
857
867
878
892
900
909
916
929
942
951
965
973
986
998
1010
1024
1025
1039
1049
1058
1073
1076
1086
1088
1100
1111
1121
1128
1141
1149
1165
1179
1190
1191
1195
1201
1214
1224
1235
1241
1249
1264
1272
1276
1287
1299
1305
1310
1322
1328
1339
1346
1356
1370
1380
1388
1398
1406
1412
1423
1426
1433
1442
1449
1461
1468
1468
1474
1475
1479
1481
1487
1487
1492
1497
1506
1511
1521
1526
1529
1532
1534
1540
1546
1552
1563
1576
1584
1586
1588
1584
1591
1597
1616
1614
1618
1628
1633
1639
1645
1643
1657
1656
1663
1662
1666
1674
1680
1680
1682
1688
1698
1700
1700
1706
1704
1711
1718
1720
1721
1732
1737
1735
1738
1738
1747
1750
1748
1750
1761
1757
1766
1768
1771
1778
1784
1788
1793
1783
1788
1789
1790
1795
1802
1811
1813
1815
1822
1835
1839
1839
1839
1843
1842
1848
1855
1861
1869
1869
1869
1872
1878
1879
1891
1892
1889
1891
1896
1905
1902
1903
1909
1910
1913
1910
1911
1914
1918
1923
1923
1926
1925
1924
1927
1922
1930
1930
1932
1935
1943
1940
1949
1956
1958
1960
1963
1968
1972
1970
1974
1982
1989
1994
1999
2006
2008
2013
2011
2016
2012
2012
2019
2019
2024
2034
2029
2033
2034
2027
2034
2040
2044
2050
2050
2059
2062
2070
2067
2068
2076
2079
2073
2070
2070
2070
2076
2081
2088
2082
2080
2084
2079
2076
2084
2089
2090
2100
2096
2101
2106
2107
2109
2112
2113
2116
2118
2112
2116
2117
2124
2130
2135
2135
2130
2130
2125
2126
2126
2137
2146
2153
2162
2160
2151
2155
2153
2148
2149
2157
2160
2157
2162
2166
2163
2170
2176
2180
2185
2195
2196
2203
2212
2210
2213
2214
2220
2225
2228
2226
2231
2240
2242
2244
2242
2243
2250
2246
2247
2253
2257
2256
2250
2252
2265
2266
2273
2269
2265
2269
2276
2274
2271
2273
2265
2261
2268
2267
2269
2269
2271
2268
2270
2269
2266
2273
2272
2274
2274
2284
2287
2290
2286
2285
2279
2280
2286
2288
2291
2294
2287
2286
2292
2299
2284
2287
2284
2293
2292
2285
2288
2287
2276
2289
2294
2296
2304
2304
2312
2312
2310
2311
2308
2302
2307
2309
2305
2302
2302
2307
2309
2308
2312
2308
2301
2296
2294
2303
2305
2304
2299
2297
2293
2296
2294
2297
2304
2302
2303
2310
2310
2321
2317
2323
2329
2326
2329
2329
2334
2340
2335
2332
2336
2335
2335
2338
2336
2347
2350
2348
2347
2354
2360
2363
2366
2365
2370
2374
2375
2373
2372
2367
2369
2358
2362
2364
2368
2369
2368
2367
2368
2369
2369
2373
2369
2373
2376
2374
2379
2387
2388
2396
2394
2391
2393
2395
2390
2380
2379
2373
2375
2378
2372
2361
2362
2354
2356
2355
2351
2349
2349
2348
2351
2349
2342
2337
2341
2347
2333
2334
2327
2327
2328
2318
2311
2310
2305
2303
2302
2301
2293
2292
2299
2296
2289
2286
2286
2287
2283
2275
2270
2271
2271
2270
2272
2270
2269
2272
2268
2264
2263
2264
2263
2267
2266
2261
2255
2255
2258
2264
2261
2262
2259
2253
2250
2246
2239
2241
2241
2239
