959682
920755
883424
847317
812551
778972
746663
715574
685942
657222
629863
603439
578057
553720
530140
507736
486472
466200
446610
427733
409685
392301
375490
359656
344300
329925
315866
302633
289940
277855
266169
255080
244355
234075
224259
214892
205879
197280
189129
181327
173798
166538
159467
152836
146517
140562
134736
129136
123873
118788
113916
109170
104681
100386
96379
92500
88703
85114
81696
78471
75300
72160
69377
66635
64004
61509
59077
56846
54575
52435
50430
48465
46602
44788
43151
41501
39892
38357
36917
35603
34265
33066
31851
30737
29694
28672
27646
26637
25684
24771
23885
23184
22454
21770
21057
20388
19773
19156
18571
18075
17551
17029
16557
16072
15643
15235
14800
14442
14030
13655
13341
13011
12665
12378
12124
11794
11481
11239
10995
10775
10547
10326
10087
9863
9726
9560
9409
9231
9090
8960
8819
8679
8561
8430
8302
8234
8136
8054
7949
7845
7728
7644
7520
7451
7396
7316
7240
7172
7126
7067
7046
6957
6920
6894
6848
6786
6738
6684
6640
6598
6559
6519
6501
6484
6437
6414
6421
6437
6437
6424
6443
6420
6407
6340
6316
6254
6228
6212
6197
6156
6100
6083
6076
6097
6057
6025
5995
5999
5974
5963
5951
5937
5898
5904
5928
5917
5873
5871
5850
5849
5849
5819
5796
5791
5804
5783
5793
5787
5812
5800
5801
5797
5790
5804
5776
5751
5747
5706
5685
5701
5713
5709
5661
5632
5617
5653
5712
5650
5646
5632
5624
5629
5644
5633
5614
5627
5639
5656
5655
5609
5598
5585
5596
5607
5611
5619
5663
5642
5665
5660
5663
5677
5715
5698
5675
5653
5650
5619
5662
5691
5709
5721
5733
5747
5699
5676
5648
5666
5652
5620
5606
5628
5635
5632
5668
5672
5710
5702
5701
5729
5749
5728
5739
5701
5668
5653
5615
5599
5604
5645
5634
5619
5610
5572
5570
5531
5547
5555
5558
5561
5576
5565
5572
5586
5597
5611
5617
5598
5590
5621
5654
5646
5666
5652
5637
5628
5619
5645
5613
5623
5641
5614
5607
5608
5625
5618
5611
5584
5567
5570
5590
5577
5580
5582
5576
5566
5566
5572
5581
5615
5598
5615
5616
5632
5638
5651
5663
5652
5684
5741
5733
5731
5720
5721
5696
5696
5693
5691
5673
5731
5762
5763
5776
5771
5783
5813
5786
5773
5778
5761
5737
5729
5736
5729
5717
5753
5745
5760
5791
5804
5775
5774
5775
5768
5741
5694
5728
5747
5726
5717
5744
5693
5690
5691
5697
5736
5727
5724
5710
5716
5711
5720
5751
5766
5759
5766
5747
5773
5748
5761
5812
5809
5844
5862
5902
5836
5859
5885
5899
5915
5937
5925
5969
5979
5991
6027
6059
6093
6110
6111
6146
6170
6230
6261
6290
6321
6369
6392
6418
6438
6490
6555
6590
6634
6709
6746
6813
6885
6940
7034
7099
7201
7254
7296
7335
7390
7429
7518
7598
7665
7734
7842
7932
8043
8131
8248
8337
8424
8487
8538
8629
8705
8842
8910
9038
9173
9293
9439
9614
9749
9910
10081
10270
10471
10607
10808
11037
11247
11489
11668
11877
12070
12267
12474
12705
12920
13181
13422
13664
13897
14138
14395
14630
14875
15112
15335
15593
15865
16123
16377
16635
16872
17096
17322
17568
17810
18058
18275
18538
18765
19000
19253
19494
19738
19988
20226
20480
20737
20993
21228
21483
21737
21998
22251
22491
22717
22943
23178
23414
23656
23884
24142
24381
24616
24847
25066
25298
25536
25769
26002
26242
26509
26765
27017
27262
27470
27715
27921
28148
28361
28601
28831
29089
29343
29614
29861
30083
30335
30593
30818
31062
31300
31571
31823
32061
32295
32563
32835
33061
33271
33529
33774
34004
34248
34486
34737
34989
35241
35482
35711
35961
36202
36423
36661
36886
37149
37370
37616
37876
38117
