38199
70847
98743
122927
143140
160317
174661
186359
195502
202249
207790
211636
214126
215152
215287
214669
213057
210765
207911
204836
201131
197282
192865
188349
183850
179053
174059
169105
164100
159160
154145
149061
144670
139672
135001
129883
125008
120423
116019
111788
107781
103845
100146
96391
92855
89192
85881
82536
79136
76102
73209
70504
67721
65312
62722
60299
57936
55616
53268
51189
49170
47175
45346
43485
41815
40130
38677
37204
35711
34266
32893
31641
30531
29381
28144
26987
25909
24901
23919
23018
22137
21331
20519
19746
19080
18352
17647
16887
16331
15797
15268
14668
14108
13697
13164
12614
12213
11777
11401
10992
10545
10217
9944
9620
9268
8992
8625
8384
8058
7848
7634
7370
7152
6857
6645
6538
6371
6213
6043
5885
5772
5621
5454
5315
5144
5002
4914
4827
4694
4608
4499
4424
4359
4309
4215
4106
4011
3885
3867
3804
3745
3715
3647
3609
3545
3451
3411
3345
3298
3271
3181
3183
3155
3107
3068
3037
3031
2985
2988
2940
2887
2832
2824
2821
2787
2777
2769
2783
2777
2751
2745
2727
2730
2715
2719
2715
2715
2685
2651
2655
2626
2609
2592
2596
2590
2569
2541
2531
2482
2474
2467
2448
2435
2382
2362
2337
2369
2371
2343
2331
2323
2294
2297
2321
2390
2382
2377
2391
2382
2406
2393
2384
2382
2363
2384
2378
2354
2304
2332
2346
2335
2320
2278
2275
2273
2281
2273
2289
2299
2307
2302
2301
2276
2334
2324
2315
2322
2361
2386
2371
2370
2390
2423
2448
2434
2405
2413
2405
2410
2410
2383
2351
2315
2324
2320
2340
2394
2386
2339
2331
2313
2294
2301
2285
2270
2295
2296
2293
2299
2310
2302
2306
2305
2282
2299
2328
2322
2315
2290
2289
2282
2275
2293
2297
2325
2264
2277
2295
2284
2333
2329
2324
2358
2331
2334
2329
2319
2364
2343
2332
2339
2312
2296
2303
2304
2291
2328
2292
2298
2252
2260
2308
2364
2362
2363
2329
2326
2309
2305
2347
2345
2368
2364
2339
2327
2344
2333
2353
2330
2300
2275
2251
2247
2272
2269
2282
2318
2305
2304
2260
2263
2272
2269
2313
2317
2342
2319
2315
2345
2325
2359
2352
2346
2332
2318
2335
2317
2350
2362
2355
2343
2371
2390
2360
2310
2343
2303
2297
2333
2358
2327
2306
2311
2321
2317
2290
2276
2248
2279
2275
2262
2254
2277
2260
2219
2239
2202
2212
2181
2205
2213
2204
2173
2225
2192
2213
2234
2225
2202
2219
2165
2210
2186
2185
2185
2193
2209
2245
2253
2294
2287
2297
2308
2318
2309
2296
2289
2252
2258
2251
2223
2209
2262
2242
2228
2239
2261
2276
2237
2293
2273
2254
2255
2268
2222
2188
2176
2146
2143
2164
2161
2165
2146
2160
2151
2155
2182
2169
2155
2141
2111
2079
2083
2079
2044
2009
2018
2021
2048
2003
1980
1990
2004
2025
2039
2009
1980
2017
1997
2007
1997
2032
1983
1983
1994
2004
1953
1952
1942
1925
1886
1856
1859
1823
1809
1767
1711
1690
1675
1675
1654
1653
1659
1665
1633
1613
1585
1558
1517
1489
1475
1450
1456
1447
1420
1434
1481
1482
1470
1464
1469
1470
1522
1552
1552
1548
1567
1605
1601
1590
1637
1648
1636
1680
1670
1618
1604
1602
1613
1589
1582
1572
1584
1539
1530
1510
1467
1386
1304
1267
1213
1154
1095
1045
1002
990
975
1002
1061
1083
1093
1123
1142
1130
1190
1228
1233
1231
1225
1266
1300
1309
1322
1304
1264
1203
1142
1061
1003
909
819
753
686
640
578
518
466
418
379
342
300
271
243
214
185
165
145
135
124
106
98
85
73
64
58
53
45
44
41
40
