37643
70326
98722
122758
143630
160410
174821
186301
195656
203014
208303
212032
214657
216284
215998
215215
213787
211694
208721
205396
201673
197862
193754
189403
184660
179771
174799
169768
164799
160046
155146
150187
145042
140131
135131
130226
125646
121322
116680
112566
108499
104482
100570
96841
93137
89539
86060
82873
79433
76306
73352
70500
67752
65174
62573
60004
57567
55293
52930
50815
48809
46852
45023
43322
41657
39861
38381
36770
35393
33941
32603
31390
30204
29006
27845
26764
25818
24936
24037
23063
22101
21241
20399
19718
19035
18255
17634
16985
16269
15654
15114
14502
13976
13469
12983
12461
11986
11549
11186
10760
10392
10019
9697
9378
9037
8745
8519
8234
7941
7679
7476
7244
7084
6878
6668
6474
6254
6102
5937
5774
5649
5481
5365
5190
5052
4927
4850
4724
4621
4499
4397
4303
4191
4086
3988
3924
3872
3753
3639
3575
3548
3515
3450
3400
3403
3302
3262
3211
3189
3130
3131
3068
3079
3041
2970
2951
2890
2881
2840
2798
2736
2667
2673
2615
2615
2624
2634
2628
2621
2605
2601
2603
2613
2599
2605
2580
2576
2557
2545
2550
2576
2566
2529
2564
2549
2529
2499
2469
2483
2455
2452
2429
2428
2385
2352
2341
2336
2324
2340
2323
2336
2326
2347
2313
2308
2312
2312
2317
2269
2287
2291
2303
2309
2288
2334
2340
2307
2328
2360
2356
2360
2350
2316
2337
2309
2330
2323
2340
2371
2372
2352
2352
2363
2376
2379
2396
2341
2343
2366
2379
2364
2337
2328
2345
2303
2291
2333
2326
2356
2322
2321
2307
2331
2335
2357
2315
2357
2362
2362
2355
2334
2323
2303
2304
2335
2318
2339
2346
2351
2334
2327
2320
2339
2359
2380
2390
2379
2380
2386
2374
2345
2345
2318
2366
2354
2414
2401
2419
2382
2371
2376
2381
2405
2435
2436
2454
2473
2430
2412
2399
2390
2389
2379
2347
2346
2325
2325
2308
2327
2336
2348
2408
2395
2364
2329
2314
2331
2324
2317
2306
2317
2296
2283
2267
2261
2289
2324
2316
2271
2268
2270
2272
2279
2298
2323
2323
2291
2319
2310
2317
2320
2331
2346
2332
2334
2316
2318
2290
2281
2290
2296
2272
2261
2282
2270
2284
2270
2245
2235
2222
2213
2237
2254
2267
2293
2300
2305
2292
2297
2309
2312
2326
2289
2295
2291
2253
2231
2281
2251
2266
2271
2290
2303
2338
2341
2335
2317
2364
2370
2369
2384
2386
2354
2340
2374
2347
2306
2301
2319
2290
2338
2349
2344
2365
2358
2359
2351
2373
2380
2347
2344
2341
2339
2343
2369
2414
2395
2394
2364
2372
2361
2367
2375
2373
2350
2373
2352
2350
2351
2404
2386
2398
2396
2393
2382
2350
2369
2372
2369
2376
2354
2336
2358
2375
2357
2364
2350
2360
2336
2331
2325
2326
2346
2344
2365
2384
2351
2332
2298
2281
2280
2279
2229
2237
2230
2213
2150
2141
2176
2155
2167
2127
2109
2113
2078
2066
2027
2009
1966
1950
1939
1904
1884
1884
1833
1801
1832
1836
1864
1856
1863
1838
1812
1812
1787
1760
1743
1686
1621
1581
1555
1518
1458
1450
1433
1426
1425
1403
1407
1401
1364
1348
1298
1280
1245
1216
1149
1090
1040
986
945
899
855
784
772
753
741
720
703
700
673
610
590
576
555
527
494
457
423
376
329
292
265
227
206
184
168
147
130
113
110
103
97
84
74
66
61
54
46
44
37
32
29
25
21
21
21
16
16
16
13
11
11
10
9
8
7
7
7
5
5
5
4
4
4
4
4
4
3
3
3
3
3
3
2
2
2
2
2
1
