6795
3594
2281
1831
1586
1366
1253
1200
1127
1069
1069
981
1054
984
1015
1026
1109
1022
1011
1061
1109
1095
1087
1159
1192
1236
1331
1321
1382
1416
1386
1531
1573
1603
1671
1752
1760
1800
1816
1880
2048
2124
2223
2263
2301
2408
2563
2631
2761
2866
2936
3232
3341
3298
3492
3589
3760
3945
4101
4370
4339
4682
4654
4921
5137
5280
5591
5751
5995
6233
6518
6697
6908
7239
7596
7792
8193
8425
8790
9345
9501
9950
10117
10414
10758
11310
11762
12327
12459
12834
13532
13821
14402
14833
15379
16009
16712
17338
17703
18442
19094
19637
20201
20762
21293
21947
22489
22913
23727
24538
25294
25936
26772
27855
28253
28737
29345
29966
30661
31491
32169
32548
33379
34278
34581
35177
36122
37044
37713
38528
39428
39902
40632
41378
42168
42789
43541
44430
45105
45691
46389
47021
47532
48125
48890
49223
49537
50266
50694
51142
51709
52089
52786
53093
53866
54433
55036
55479
56043
56594
57103
57887
58148
58560
59085
59592
60029
60346
60794
61232
61416
61982
62428
62480
62775
63151
62846
63011
63639
63983
64426
64526
64613
64510
64647
64732
64587
64937
64920
65004
65181
65475
65259
65455
65444
65632
65784
65799
65984
66118
66337
66347
66322
66500
66491
66600
66656
66826
67346
67246
67248
66896
67027
66924
67021
67020
67127
67202
67326
67760
68046
68107
67965
68146
67993
67800
67816
67957
67952
68067
68148
68413
68468
68355
68150
68218
68358
68350
68434
68277
68029
68037
68111
68254
68460
68866
69318
69551
69776
69885
70271
70334
70299
70254
70300
70291
70190
70234
70275
70366
70876
71047
70949
71063
71089
70941
70855
70532
70299
70111
70201
69983
70004
69897
69998
70062
69904
69884
69788
69696
69537
69128
68960
68701
68786
68834
68711
68647
68767
68833
68990
68949
69117
69065
68781
68819
68949
68984
69016
69182
69328
69081
68865
69082
69032
69134
69067
69032
69171
69410
69575
69796
69921
69803
69436
69322
69223
69128
68835
68572
68625
68704
68689
68609
68719
68597
68583
68523
68417
68214
68362
68183
68103
68140
68217
68258
68642
68726
68864
69165
69221
69393
69441
69738
70095
70349
70648
70673
70543
70717
70744
70859
70842
70687
70601
70423
70082
69448
69456
69362
69392
69278
69471
69583
69421
69294
69373
69683
69903
69716
69376
69526
69355
69455
69504
69722
69890
70163
70250
70314
70141
70321
70196
69883
69779
69745
69882
69424
69799
69942
69979
69961
70230
70800
70857
71329
71484
71474
71350
71340
71449
71382
71420
71380
71103
71128
71097
70991
70672
71055
70798
70903
71139
71120
71129
71241
71202
71147
71321
71016
70856
70713
70631
70672
70723
70580
70765
70929
70833
71341
71540
71773
72233
72501
72507
72722
72690
72938
73185
73406
73612
73677
73919
74090
74273
74589
74883
75277
75714
76262
76719
77428
77988
78562
78700
78799
78746
79116
79566
79502
79700
80234
80601
81073
81671
82240
83106
83520
84364
84990
85868
86531
87118
87780
88452
89332
90620
91991
93086
94279
95753
97471
99314
101020
103089
105169
107142
109335
111525
113543
116235
118575
120944
123355
126121
128965
131897
135036
138507
141788
145104
148478
151800
155337
158821
162074
165410
168805
172029
175250
178323
181418
184457
187535
190348
193031
195649
198255
200710
203076
205345
207496
209576
211615
213557
215398
217214
218934
220512
222050
223550
224915
226357
227631
228849
229955
231036
231997
232962
233890
234787
235617
236398
237111
237818
238567
239205
239831
240436
240974
241487
241992
242451
242882
243255
243643
244022
244340
244681
245012
245308
245588
245869
246108
246364
246587
246774
246963
247128
247300
247478
247652
247794
247964
248086
248184
248299
248393
248499
248582
248659
248737
248810
248876
248946
249005
249063
249129
249180
249231
249273
249317
249367
249400
249438
249473
249503
249527
249551
249566
