6532
3280
2156
1687
1394
1239
1037
967
903
831
798
792
754
762
725
694
704
736
711
665
678
697
672
660
677
685
659
695
678
665
730
746
776
777
730
794
782
851
883
874
889
944
889
968
959
996
1006
1019
998
1152
1116
1192
1196
1256
1296
1330
1334
1398
1486
1486
1499
1620
1678
1678
1736
1705
1872
1942
1974
2079
2177
2151
2324
2379
2426
2518
2566
2553
2701
2811
2982
3050
2978
3381
3370
3528
3504
3673
3789
4027
4026
4204
4238
4512
4747
4664
4952
5177
5127
5535
5642
5842
6078
6298
6463
6638
6716
6988
7336
7590
7733
8020
8363
8662
8749
8939
9259
9569
9918
10263
10622
10753
11117
11399
11699
12070
12443
12765
13297
13401
13863
14224
14573
14720
15212
15727
16214
16516
16639
17406
17749
18323
18762
18989
19342
19649
20221
20722
21018
21606
21810
22349
22666
22988
23403
23549
24028
24432
24583
24975
25279
25860
26127
26656
27074
27625
28141
28482
28985
29085
29422
29727
30126
30452
30774
31062
31312
31620
31780
32065
32465
32773
32772
33240
33559
33892
33959
34137
34368
34524
34861
34902
35115
35161
35498
35801
36023
36037
36279
36333
36585
36678
36840
36897
36912
37027
37193
37282
37509
37624
37781
38076
38071
38144
38495
38681
38874
38810
38706
38895
39229
39144
39504
39559
39579
39610
39467
39322
39283
39305
39414
39625
39768
39634
39747
39534
39676
39510
39346
39515
39603
39617
40093
40122
40234
39920
40068
40182
40169
40083
39927
39785
39802
39436
39669
39908
40048
39927
39979
40136
40449
40451
40408
40676
40802
40691
40692
40384
40234
40182
40047
40036
40036
39784
39764
40049
40214
40172
40019
39974
39880
39813
39926
39695
39650
39906
39519
39483
39584
39895
39785
39817
39534
39531
39448
39521
39453
39544
39777
39823
39711
39734
39723
39698
39810
39912
40245
40350
40467
40564
40629
40662
40831
40707
40818
40721
40727
41039
41358
41403
41285
41302
41404
41339
41592
41691
41659
41814
41737
41923
41972
42091
42080
41926
42132
42298
42710
42813
42907
43062
43205
43358
43489
43827
43910
44085
43848
44231
44481
44253
44494
44893
45089
45175
45516
45850
46002
46069
46361
46806
47322
47333
47607
47679
47832
47887
48513
48976
49469
49887
50301
50431
50686
51302
51451
51670
52016
52176
52304
52485
53141
53828
54049
54371
55008
55749
56410
57184
57819
58531
59333
59944
60541
61354
62287
63210
64616
65741
67068
68692
70461
72117
73939
75991
78066
79955
81809
83545
85336
86872
88262
89610
91287
92898
94459
96034
97207
98004
98877
99631
99986
100161
99905
99616
99406
99438
99306
99201
99172
99278
99517
99679
99909
100281
100749
101641
102568
103607
104563
105785
107226
108552
110100
111676
113375
115224
117336
119502
121730
123762
125891
128064
130403
132924
135269
137594
139983
142349
144797
147127
149501
151860
154153
156503
158756
161134
163259
165366
167480
169704
171781
173681
175749
177731
179856
182044
183867
185979
187929
189723
191553
193284
195119
196982
198857
200667
202467
204189
205880
207528
209056
210684
212217
213560
214890
216229
217453
218581
219659
220599
221682
222802
223859
224877
225819
226718
227541
228457
229273
230165
230989
231851
232553
233227
233874
234568
235199
235757
236285
236837
237354
237845
238388
238910
239382
239804
240203
240621
241008
241360
241717
242076
242386
242785
243087
243373
243653
243950
244217
244487
244707
244915
245136
245349
245550
245726
245896
246057
246238
246406
246553
246727
246864
246986
247128
247265
247390
247520
247650
247790
247924
248046
248153
248260
248368
248472
248552
248644
248707
248780
248862
248933
248999
249068
249132
249190
249231
249279
249304
249354
249383
249422
249455
249487
249512
249550
249580
249604
249634
249653
249668
249687
249699
249711
249728
249745
249758
249776
249786
249809
