7409
22112
32746
40445
46991
51975
56064
59669
62415
64581
66438
68116
69375
70386
70983
71800
72682
73126
73391
73709
73882
74119
74100
74109
74122
74338
74299
74120
74165
73786
73613
73798
73767
74079
74187
74554
74503
74383
74302
74282
74272
74486
74510
74551
74366
74427
74497
74727
74754
75003
74692
74534
74754
74780
74744
74849
74753
74592
74278
74227
74095
74029
74000
73810
74029
74188
74286
74171
74320
74474
74375
74340
74293
74378
74328
74118
74239
74310
74114
74135
74232
74229
74103
74013
73730
73463
73502
73636
73764
73446
73459
73404
73338
73164
73132
72903
72848
72564
72705
72559
72648
72685
72606
72592
72674
72432
72360
72150
71830
71678
71628
71599
71525
71390
71294
71385
71252
71113
70618
70664
70885
70757
70559
70744
70639
70528
70443
70445
70189
70224
69864
69775
69508
69428
69150
68969
69193
69189
68890
68670
68867
68633
68385
68200
68083
67827
67623
67503
67389
67340
67351
67169
67007
67214
67044
66991
66765
66359
65754
65649
65852
65803
65821
65677
65650
65388
65291
65034
64685
64947
64558
64469
64469
64341
64401
64165
63919
64045
63986
64057
64089
63998
63952
64151
64253
64073
64004
64079
63781
63874
63877
63715
63511
63448
63597
63528
63556
63353
63521
63817
63843
63828
63548
63315
63434
63268
63211
63225
63098
63028
63339
63450
63673
64036
64079
64028
64115
63992
63878
63560
63423
63374
63217
63089
63130
62833
62794
62795
63118
62935
62977
63061
62814
62672
62848
62878
62870
62765
62745
62861
62904
62615
62597
62670
62566
62432
62602
62449
62267
62216
62351
62360
62329
62140
62182
62150
62402
62539
62657
62833
62769
62958
62812
62881
62873
62797
62904
62846
62577
62512
62287
62262
62353
62383
62271
62117
62032
62112
62374
62366
62488
62668
62691
62724
62682
62687
62590
62566
62591
62557
62293
62567
62749
62725
62702
62508
62557
62416
62382
62616
62634
62806
62684
62996
62900
62803
63047
63086
62886
63011
62983
62847
62712
62557
62469
62252
62282
62104
61993
61870
61945
62131
62051
62042
62213
62352
62545
62275
62246
62471
62729
62890
62748
62580
62552
62212
61990
61905
61589
61510
61448
61241
61020
61139
60951
60922
60711
60764
60592
60602
60534
60471
60216
59986
59785
59865
59659
59549
59500
59688
59514
59376
59284
59195
58644
58393
58152
57861
57927
57445
57483
57354
57322
56941
56850
56793
56517
56218
56057
55903
55654
55130
54600
54045
53465
52819
51910
51105
50263
49431
48602
47838
46964
45984
45167
44353
43712
42730
41917
40932
39968
39118
38212
37184
36368
35331
34435
33274
32377
31453
30514
29798
29034
28203
27375
26681
25976
25287
24627
23887
23156
22214
21463
20688
19889
19103
18312
17569
16939
16305
15768
15287
14689
14126
13469
12831
12252
11798
11290
10942
10543
10033
9545
9187
8729
8375
8011
7680
7416
7059
6763
6462
6187
5926
5706
5508
5217
4910
4648
4518
4262
4055
3831
3628
3403
3261
3034
2868
2767
2686
2674
2554
2446
2380
2273
2182
2106
2058
1993
1911
1886
1808
1771
1785
1704
1675
1657
1579
1531
1472
1406
1348
1292
1198
1148
1114
1090
1047
978
899
878
839
804
793
757
716
690
641
558
529
479
443
411
363
321
303
273
260
250
248
234
221
210
200
185
181
174
172
174
177
163
181
184
159
159
173
167
160
130
109
87
75
61
46
35
27
23
15
14
12
7
5
4
4
4
3
3
3
2
2
2
2
1
1
1
1
1
1
1
1
0
0
0
0
0
0
0
0
0
0
0
0
0
0
0
0
0
0
0
0
0
0
0
0
0
0
0
0
0
0
