7548
22287
32631
40546
46996
51890
56093
59651
62307
64913
66658
68189
69491
70452
71169
71978
72537
72819
73249
73529
73993
74246
74455
74259
74445
74269
74429
74389
74465
74659
74306
74640
74712
74517
74491
74327
74333
74199
73927
73952
74143
74181
74176
74154
74151
74141
74031
73752
73965
73718
73845
74145
74130
74092
73839
73670
73516
73647
73733
73585
73631
73397
73031
73251
73042
72817
72787
72526
72523
72576
72467
72385
72421
72149
72249
72015
71816
71633
71491
71315
71134
70694
70968
70950
70889
70514
70004
69866
69372
69258
69169
68958
68858
68726
68827
68510
68499
68429
68201
67849
67430
67086
67120
66690
66520
66436
66294
65973
65621
65373
65078
64766
64553
64142
64269
64044
63723
63572
63372
63508
63154
62771
62462
62313
62017
61744
61665
61194
61199
61012
60900
60930
60612
60297
60311
59904
59599
59360
59194
59174
58850
58571
58430
58290
58090
57851
57895
57989
57932
57584
57552
57373
57339
57274
56947
56926
56482
56385
56538
56464
56232
56124
55743
55885
55617
55496
55603
55510
55773
55573
55435
55774
55741
55777
55826
55725
55421
55086
55035
54753
54830
54861
54732
54479
53996
53875
53692
53683
53734
53871
54072
53986
54087
54257
54116
53937
53774
53447
53478
53376
53358
53376
53554
53710
53670
53766
53846
54290
54388
54584
54814
54877
55066
55318
55372
55142
55129
54851
54619
54186
53985
53973
54241
54056
53564
53343
53373
53069
52855
52856
53089
53347
53471
53594
53998
54022
54198
54213
54157
54234
54198
54125
54382
54397
54385
54311
54209
54171
54216
54275
54183
54157
53866
54103
54291
54479
54431
54411
54377
54147
53983
54092
53895
54070
54143
54336
54197
54130
53939
53879
54015
53740
53470
53520
53583
53581
53784
53838
53908
53988
54121
54249
54376
54468
54439
54484
54305
54198
54007
54211
54067
53920
53727
53635
53570
53837
53822
53731
53899
54007
54206
54134
54031
53900
53610
53631
53743
53813
53999
54154
54474
54567
54261
54429
54619
54746
54662
54493
54392
54501
54497
54516
54597
54628
54817
54904
54806
54621
54214
53900
54135
53964
53755
53995
54413
54519
54532
54550
54263
53885
53568
53604
53765
53926
53952
53807
53642
53876
53829
53520
53449
53659
53657
53932
53939
53816
53847
53823
54265
54323
54599
54619
54625
54676
54719
54629
54876
54837
54853
54762
54655
54642
54851
54831
54889
55005
55124
55278
55340
55312
55493
55287
55358
55274
54934
54604
54474
54364
54377
54618
54304
54054
54241
54252
54601
54494
54423
54412
54570
54774
54883
54796
54485
54360
54291
54518
54528
54482
54593
54473
54200
54147
54003
53811
53452
53402
53221
53123
53079
53189
53391
53157
53221
53507
53691
53864
53989
53952
53893
53980
53948
53872
53740
53947
53704
53806
53835
53959
53978
54239
54176
54275
54099
54207
54340
54218
54227
53780
53616
53591
53456
53392
53122
52874
52598
52409
52332
52633
52721
52839
52852
52923
52970
52955
52809
52490
52115
51768
51416
51180
50920
50734
50432
50497
50597
50408
50596
50619
50787
50643
50615
50463
50123
49650
49236
48879
48254
48081
47604
47286
46862
46376
45774
45289
44532
43823
43300
43243
42984
42933
42970
43076
43394
43806
43954
43931
44113
44529
44426
44299
44418
44497
44934
44904
44805
44849
44688
44438
44095
43749
43369
43226
43129
42930
42213
41345
40478
39697
38840
38177
37682
37579
37311
37232
37137
36981
37059
36945
36910
36968
37072
37330
37608
37740
37924
37790
37641
37695
38000
37968
37904
37405
37029
36219
35649
35109
34461
33647
33052
32493
31991
31830
31672
31690
31998
32724
33790
35139
36274
37502
38438
39044
39197
39847
40386
41112
42067
42949
44194
45706
46797
48401
49958
50984
51418
51930
52420
52248
52149
51750
51360
50652
49521
48690
47895
47185
46154
45280
43864
42638
