7619
22223
32740
40827
47527
52940
56872
60249
62636
64973
67043
68110
69304
70257
71017
71572
71996
72409
72760
72951
73398
73559
73516
73462
73491
73768
73880
74084
74132
74186
74369
74515
74094
74017
74123
74043
74145
74162
74113
73891
73646
73862
74027
73973
74058
73994
74055
73945
73792
73735
73535
73751
73553
73750
73528
73592
73750
73410
73446
73618
73434
73106
73307
73078
72653
72660
72721
72917
72827
72596
72474
72526
72252
72403
72263
71930
71799
71707
71365
71379
71313
70985
71074
70788
70782
70302
70100
70063
69605
69653
69785
69588
69125
68966
69124
68891
68795
68800
68476
68334
68061
67714
67479
67306
66884
66582
66030
65977
65918
65568
65317
65314
65059
64707
64246
63909
63815
63696
63412
63084
63126
62639
62296
62088
61865
61380
61279
61252
61075
60828
60325
60229
59965
59937
59749
60076
59653
59334
59157
58731
58860
58761
58601
58418
58335
57949
57973
57730
57563
57206
57058
57055
57207
56975
56819
56748
56806
56936
56750
56736
56483
56297
56038
55950
55820
55726
55501
55568
55511
55566
55622
55509
55651
55700
55830
55895
55786
55773
55835
55790
56014
55858
55435
55375
55067
55143
54758
54678
54332
54357
54137
54030
53940
53877
53599
53452
53288
53363
53100
53083
53007
52918
52886
53293
53465
53599
53825
54151
54230
54167
54284
54672
54535
54565
54546
54597
54572
54451
54184
54157
54198
54158
53599
53464
53430
53347
53252
53396
53502
53536
53879
54047
54175
54082
54123
54345
54514
54350
54428
54574
54721
54878
55108
55285
55372
55645
55529
55519
55448
55263
55069
54671
54562
54174
54182
54334
54533
54696
54424
54186
54030
54229
54164
54296
54004
53616
54009
53964
53930
53886
53903
54013
53959
53825
53654
53816
54014
54061
53900
54056
53888
53644
53613
53881
54241
54155
54037
53747
53707
53918
53920
54142
54241
54519
54462
54411
54213
54204
54529
54563
54671
54798
54636
54304
54117
54177
54175
53906
53955
53734
53683
53673
53832
54001
54413
54100
54227
54224
54096
54290
54500
54619
54756
54814
54733
54665
54474
54387
54624
54278
54094
53867
53762
53826
53902
54197
54007
54088
54321
54349
54249
53998
53982
53866
54145
54293
54247
54205
54346
54371
54392
54628
54724
54901
54600
54415
54382
54491
54454
54345
54262
54125
54332
54506
54350
54407
54011
53940
53796
54138
54341
54169
53939
53840
53960
54039
53818
53564
53653
53607
53578
53397
53365
53565
53362
53163
53181
53242
52864
52859
53089
52926
52806
52848
52917
52959
53095
53305
53087
52988
53139
53132
53216
53193
53179
53159
53368
53269
53685
53904
54048
54255
54620
54471
54865
54968
54831
54865
54676
54291
53813
53823
53877
53799
53865
53709
53573
53683
53728
54003
54381
54140
54256
53954
53789
53438
52962
52852
52254
52195
52285
52254
52339
52449
52446
52579
52746
52952
53182
52990
52753
52522
52610
52234
51977
52051
51924
51592
51521
51362
51319
51191
51442
51900
51883
51986
51965
51772
51624
51686
51681
52032
51963
51847
51798
51629
51346
51368
51366
51322
50959
50676
50493
50140
49870
49693
49168
49120
48828
48651
48352
47909
47974
47822
47964
47630
47315
46991
46906
46530
46290
45909
45635
45380
44952
44917
45132
45533
45815
45856
45926
46034
46030
46438
46735
46995
47304
47580
48040
48120
48272
48592
48842
49085
49273
49133
48781
48591
48489
48403
48506
48260
48197
48038
47845
47538
47172
46533
45834
44786
43785
42716
41700
40722
39668
38733
37928
37540
37801
37967
38224
38599
39243
39614
40033
40734
41472
42066
42347
43017
43607
44128
44644
45096
45378
44932
44286
43339
42151
40715
38920
37029
35413
33601
32002
30211
28410
26753
25182
23604
22165
20607
19180
17754
16363
15075
13824
12800
11919
10949
10062
9254
8483
7701
6976
6355
5726
5172
4770
4353
