16
33
45
72
88
105
134
153
176
196
213
230
252
283
305
326
349
367
393
416
440
460
477
506
524
539
560
575
592
611
636
654
666
686
705
727
749
779
798
819
840
870
892
913
931
956
972
998
1019
1041
1059
1075
1097
1119
1136
1149
1170
1195
1214
1239
1264
1279
1302
1322
1337
1362
1380
1391
1409
1431
1457
1481
1501
1518
1535
1559
1582
1610
1632
1656
1679
1704
1726
1742
1764
1799
1820
1843
1861
1878
1900
1921
1945
1969
1990
2009
2034
2053
2072
2092
2110
2125
2144
2167
2192
2218
2244
2269
2294
2305
2333
2358
2378
2403
2429
2458
2479
2498
2520
2543
2558
2580
2605
2632
2664
2691
2709
2725
2756
2772
2790
2814
2832
2862
2882
2907
2932
2948
2965
2994
3019
3043
3059
3079
3106
3128
3159
3187
3215
3238
3261
3283
3302
3326
3343
3361
3385
3412
3436
3455
3483
3508
3531
3556
3574
3603
3618
3648
3665
3684
3701
3718
3742
3762
3779
3795
3819
3837
3860
3882
3904
3925
3940
3955
3982
4004
4019
4041
4065
4085
4114
4139
4156
4174
4193
4214
4231
4251
4274
4291
4313
4335
4353
4371
4392
4415
4427
4447
4468
4496
4526
4543
4565
4587
4615
4637
4663
4682
4703
4720
4746
4768
4791
4811
4832
4859
4874
4893
4911
4927
4953
4972
5001
5022
5040
5061
5082
5101
5120
5141
5158
5172
5204
5223
5242
5265
5285
5307
5329
5353
5373
5395
5417
5438
5461
5483
5513
5534
5555
5579
5602
5616
5635
5666
5687
5704
5730
5746
5768
5791
5819
5842
5862
5886
5912
5937
5963
5979
5998
6013
6032
6061
6078
6101
6112
6132
6150
6179
6202
6222
6244
6259
6281
6304
6321
6340
6359
6389
6411
6427
6455
6471
6487
6514
6528
6547
6577
6597
6620
6643
6663
6679
6697
6722
6751
6777
6790
6811
6837
6867
6895
6913
6929
6951
6983
7004
7031
7051
7065
7092
7116
7137
7157
7175
7199
7217
7244
7263
7291
7307
7325
7352
7378
7398
7434
7450
7466
7485
7508
7530
7558
7577
7593
7611
7630
7652
7671
7698
7722
7750
7768
7789
7814
7830
7850
7866
7889
7898
7931
7954
7972
7990
8006
8024
8042
8065
8087
8108
8138
8154
8183
8206
8226
8239
8263
8288
8309
8328
8344
8371
8390
8413
8439
8459
8481
8505
8523
8546
8567
8584
8601
8626
8652
8673
8697
8720
8750
8779
8802
8830
8853
8875
8893
8924
8949
8971
8998
9019
9039
9063
9078
9101
9127
9160
9177
9193
9214
9237
9253
9276
9300
9323
9343
9365
9382
9400
9419
9439
9469
9489
9510
9523
9544
9562
9579
9600
9622
9639
9658
9680
9701
9724
9742
9772
9784
9809
9833
9855
9867
9883
9902
9921
9944
9968
9988
10009
10026
10042
10065
10085
10103
10127
10159
10190
10213
10237
10260
10276
10293
10322
10339
10367
10380
10401
10414
10432
10458
10470
10491
10513
10531
10556
10577
10590
10619
10641
10667
10686
10706
10720
10735
10758
10779
10803
10819
10833
10843
10862
10882
10903
10928
10948
10970
10993
11018
11047
11069
11093
11115
11140
11161
11177
11209
11238
11268
11290
11308
11331
11350
11370
11388
11405
11425
11434
11456
11476
11498
11517
11526
11538
11556
11586
11608
11627
11647
11666
11686
11701
11715
11745
11767
11789
11817
11833
11848
11868
11897
11915
11933
11960
11988
12003
12022
12037
12060
12075
12093
12119
12132
12150
12170
12194
12215
12231
12260
12270
12292
12319
12342
12359
12379
12401
12429
12442
12461
12482
12501
12518
12532
12552
12571
12590
12604
12625
12646
12671
12704
12725
12746
12767
