0
0
1
5
9
14
16
21
29
38
47
52
60
70
81
96
107
113
121
125
130
134
136
141
152
160
158
161
168
172
181
182
186
184
186
191
183
185
192
187
185
189
188
187
194
193
191
197
203
211
212
212
218
218
219
231
233
233
238
243
241
241
236
235
229
231
225
224
226
225
220
227
231
233
235
231
229
225
226
226
222
223
222
218
216
213
208
210
210
210
211
214
210
208
204
194
190
189
193
191
189
190
184
187
188
184
182
180
180
177
172
172
175
174
171
166
162
155
152
153
148
145
142
138
139
140
139
139
135
128
125
123
120
120
120
119
116
116
115
109
106
104
103
101
102
98
98
98
99
99
98
98
98
94
94
94
94
95
93
93
93
95
100
100
100
97
94
91
92
97
97
96
93
95
91
89
88
88
87
85
88
85
85
88
85
86
86
83
82
81
80
83
86
85
85
85
89
90
87
92
96
94
91
93
96
98
101
106
107
106
107
110
111
109
109
106
109
109
111
108
110
110
107
103
98
96
94
102
106
106
100
104
108
110
111
106
104
105
112
112
108
103
107
111
113
110
116
119
114
116
117
118
116
117
116
117
112
115
115
116
115
118
121
124
119
119
117
118
120
118
117
117
120
116
117
117
123
126
126
124
124
126
125
125
124
123
127
129
130
132
135
133
131
130
131
134
136
132
135
137
136
134
135
135
131
135
136
135
138
139
140
143
143
144
143
144
147
150
150
155
154
155
155
154
151
153
154
156
151
148
146
146
145
143
146
147
147
144
140
147
149
150
152
155
154
152
151
150
148
148
147
147
150
153
148
146
145
147
145
147
149
149
148
149
149
151
151
156
156
155
153
155
155
155
156
156
160
163
161
161
168
167
168
167
164
162
163
164
161
164
163
171
172
179
179
180
181
187
185
182
184
184
188
194
194
195
193
199
197
198
196
195
202
198
198
198
198
198
202
204
207
205
202
200
202
199
199
198
198
199
196
197
207
208
207
202
204
207
203
200
202
197
197
194
193
195
194
190
190
189
186
188
188
189
189
192
198
193
196
191
186
186
182
182
183
180
176
176
175
174
172
175
178
177
176
175
174
168
167
168
165
163
163
162
163
162
162
163
166
163
165
161
163
159
162
160
159
157
161
158
160
157
163
163
160
162
165
166
172
169
171
169
174
182
181
177
173
172
164
165
163
165
162
161
165
161
165
165
157
158
157
158
152
150
146
150
149
150
146
144
138
134
133
129
126
128
127
117
117
113
106
103
100
98
98
97
97
96
90
89
86
84
81
79
78
75
75
75
72
69
67
63
59
56
55
54
51
51
49
45
44
43
40
41
40
39
39
39
38
38
37
35
33
31
30
30
30
30
30
29
