18
28
38
45
50
48
44
47
51
53
54
53
47
50
48
51
49
51
42
40
39
46
52
47
47
47
45
42
43
47
44
49
54
55
55
61
62
63
68
76
80
82
82
86
96
94
101
99
97
106
102
105
110
114
122
126
130
127
132
135
144
151
150
152
156
156
160
164
166
163
165
170
173
178
185
187
197
213
215
218
226
231
237
246
251
262
261
270
273
286
287
294
298
296
301
311
316
325
334
337
345
353
366
371
382
396
410
417
421
430
436
444
447
457
466
470
483
487
492
503
508
523
528
536
541
551
554
560
568
579
585
591
598
608
615
624
628
636
643
657
670
677
682
695
701
712
719
730
739
745
752
755
765
766
772
776
786
792
801
810
813
819
826
839
846
857
864
872
875
879
891
902
914
915
919
927
936
942
949
956
966
970
973
979
982
993
998
999
1007
1020
1028
1034
1041
1047
1058
1072
1077
1084
1091
1103
1107
1118
1128
1137
1141
1151
1163
1175
1182
1189
1195
1201
1208
1216
1215
1221
1223
1229
1239
1252
1259
1263
1270
1276
1279
1286
1291
1301
1311
1318
1324
1333
1340
1342
1345
1351
1358
1365
1372
1375
1388
1399
1403
1417
1421
1430
1435
1447
1454
1460
1465
1468
1475
1486
1499
1502
1511
1517
1528
1538
1551
1556
1560
1562
1570
1570
1569
1575
1582
1592
1596
1608
1611
1619
1627
1635
1645
1653
1661
1668
1675
1678
1695
1703
1706
1717
1731
1740
1752
1761
1768
1773
1777
1785
1793
1797
1803
1806
1810
1816
1825
1831
1831
1837
1845
1844
1851
1864
1870
1870
1873
1876
1874
1884
1889
1894
1907
1913
1916
1921
1921
1935
1940
1944
1954
1959
1967
1971
1978
1985
1983
1993
2007
2013
2011
2021
2030
2032
2036
2042
2047
2058
2065
2066
2072
2082
2086
2091
2094
2106
2114
2118
2122
2127
2130
2129
2133
2136
2145
2148
2153
2162
2171
2178
2179
2185
2194
2197
2203
2208
2212
2214
2215
2217
2226
2225
2239
2241
2248
2250
2254
2260
2267
2277
2285
2285
2298
2307
2311
2313
2314
2318
2322
2328
2335
2338
2342
2354
2353
2361
2362
2368
2376
2376
2378
2393
2401
2407
2409
2413
2415
2424
2428
2435
2440
2451
2451
2460
2466
2470
2481
2479
2478
2482
2483
2491
2498
2502
2507
2510
2513
2520
2527
2529
2541
2542
2551
2555
2559
2566
2564
2572
2574
2578
2584
2585
2602
2603
2601
2611
2614
2619
2624
2633
2637
2649
2654
2655
2662
2670
2674
2675
2679
2686
2699
2702
2707
2712
2723
2727
2735
2750
2750
2757
2760
2763
2772
2782
2793
2801
2808
2812
2825
2834
2839
2843
2851
2857
2865
2875
2882
2893
2895
2904
2919
2928
2938
2952
2956
2963
2976
2992
3010
3021
3032
3038
3049
3059
3071
3084
3090
3102
3111
3121
3133
3142
3159
3169
3182
3193
3203
3209
3224
3238
3250
3259
3264
3271
3281
3293
3307
3315
3324
3334
3344
3356
3369
3382
3395
3411
3420
3430
3439
3452
3461
3468
3478
3488
3495
3508
3522
3531
3544
3555
3560
3572
3581
3590
3600
3618
3632
3647
3656
3666
3672
3682
3690
3699
3713
3720
3728
3747
3762
3774
3783
3791
3798
3807
3819
3834
3849
3863
3870
3884
3890
3898
3905
3914
3929
3935
3944
3955
3962
3976
3988
3993
4010
4022
4034
4042
