9
17
22
33
37
44
39
42
45
45
45
49
51
44
39
35
35
29
29
30
27
28
29
33
33
28
28
25
25
35
37
46
47
41
44
45
49
50
49
50
50
44
49
63
61
60
64
61
67
57
55
53
58
64
56
53
57
60
60
54
57
52
57
58
63
67
69
73
70
69
68
77
80
86
90
92
96
99
102
107
106
107
113
122
126
131
136
134
137
142
144
145
141
150
155
163
162
169
165
167
172
169
171
179
182
187
190
197
200
201
204
206
213
220
228
231
240
247
253
259
262
269
277
288
294
301
308
316
319
324
325
328
331
337
344
353
358
368
383
392
401
404
416
417
421
420
428
429
442
447
450
453
457
462
477
484
493
500
504
509
515
522
528
537
544
545
553
554
558
560
569
578
583
583
589
597
601
608
610
618
622
625
632
641
645
655
666
675
684
691
697
711
716
720
727
733
741
750
755
764
771
789
794
801
798
807
814
821
835
836
848
853
861
865
874
882
892
900
912
923
927
935
939
939
943
948
955
959
965
974
979
980
979
981
988
995
1002
1006
1015
1018
1028
1023
1023
1025
1026
1031
1030
1032
1037
1046
1049
1051
1057
1056
1058
1059
1062
1074
1079
1088
1093
1103
1106
1111
1116
1120
1122
1126
1132
1137
1139
1133
1135
1133
1134
1139
1149
1159
1169
1169
1171
1180
1186
1193
1202
1206
1217
1228
1229
1230
1235
1242
1251
1256
1267
1274
1285
1292
1300
1303
1305
1316
1322
1320
1324
1327
1335
1346
1353
1353
1353
1361
1366
1372
1385
1382
1383
1389
1393
1394
1393
1402
1403
1401
1405
1412
1406
1417
1424
1431
1434
1444
1446
1445
1446
1453
1461
1465
1468
1469
1466
1469
1470
1469
1475
1487
1497
1503
1507
1508
1514
1515
1525
1529
1525
1535
1542
1545
1557
1558
1569
1574
1578
1580
1587
1596
1600
1607
1613
1620
1625
1636
1641
1649
1649
1658
1670
1676
1683
1694
1698
1703
1708
1721
1729
1739
1745
1747
1754
1762
1767
1775
1784
1787
1792
1798
1806
1817
1823
1825
1835
1838
1852
1856
1869
1877
1885
1891
1898
1906
1916
1926
1940
1949
1947
1949
1963
1973
1980
1990
2002
2013
2026
2038
2052
2056
2061
2071
2089
2104
2110
2121
2127
2135
2146
2160
2166
2177
2188
2195
2205
2213
2224
2235
2244
2248
2258
2266
2274
2279
2292
2306
2320
2324
2333
2339
2351
2365
2373
2389
2399
2404
2412
2422
2429
2439
2450
2454
2460
2472
2478
2490
2503
2519
2529
2540
2546
2556
2566
2578
2589
2597
2606
2622
2630
2640
2648
2655
2665
2672
2683
2698
2712
2722
2728
2734
2744
2748
2759
2770
2786
2798
2806
2816
2830
2842
2854
2865
2875
2882
2896
2908
2913
2923
2933
2949
2957
2967
2978
2985
3000
3016
3028
3042
3052
3069
3075
3084
3099
3110
3120
3133
3140
3153
3161
3168
3181
3189
3206
3211
3220
3227
3241
3253
3265
3277
3284
3293
3306
3317
3326
3341
3351
3360
3371
3384
3399
3411
3420
3431
3439
3450
3459
3473
3478
3497
3506
3513
3520
3529
3536
3542
3555
3567
3576
3586
3599
3608
3619
3630
3641
3653
3670
3682
3693
3703
3714
3728
3738
3748
3759
3769
3781
3790
3801
3806
3817
3834
3843
3859
