13
28
35
37
45
48
47
44
47
45
43
41
43
39
32
27
28
29
29
33
31
30
30
28
37
32
23
31
31
31
37
40
36
40
35
40
50
49
47
44
44
41
51
49
56
56
53
55
51
50
49
55
54
61
55
52
51
56
65
65
65
70
70
69
68
78
72
83
77
82
87
86
88
93
104
111
107
113
114
116
118
122
126
122
122
124
125
130
142
143
152
153
160
170
174
178
182
181
192
192
193
189
191
197
207
207
208
208
216
222
223
225
233
233
233
240
246
260
267
272
273
281
284
289
297
300
309
314
321
336
338
339
338
343
358
374
382
394
400
400
407
417
423
422
420
422
428
427
432
441
449
458
474
478
486
487
491
493
500
506
515
515
526
532
538
548
555
554
556
561
568
574
584
596
602
607
614
621
633
643
653
657
658
665
669
674
677
687
691
696
704
710
714
723
733
742
748
749
758
764
771
776
784
795
804
814
819
819
829
837
841
846
850
861
861
871
878
881
887
895
902
909
913
916
924
933
935
941
944
946
954
963
973
975
974
979
975
980
982
981
991
999
1011
1018
1023
1026
1029
1034
1041
1048
1055
1064
1066
1072
1074
1083
1089
1091
1095
1097
1104
1107
1118
1122
1128
1142
1152
1155
1155
1159
1165
1173
1178
1180
1185
1189
1195
1194
1201
1206
1205
1203
1206
1211
1220
1223
1225
1235
1237
1244
1252
1260
1260
1262
1265
1274
1277
1276
1279
1286
1286
1281
1295
1299
1301
1301
1303
1308
1314
1322
1326
1327
1330
1335
1341
1350
1357
1364
1371
1377
1383
1380
1383
1387
1392
1396
1406
1408
1416
1413
1418
1419
1421
1422
1426
1435
1438
1441
1442
1447
1446
1451
1456
1471
1479
1482
1487
1481
1489
1501
1507
1513
1517
1525
1529
1530
1529
1529
1527
1533
1541
1550
1562
1568
1569
1563
1571
1571
1575
1581
1585
1588
1593
1601
1608
1613
1621
1629
1632
1640
1653
1657
1667
1669
1672
1674
1682
1688
1696
1702
1708
1712
1721
1728
1731
1735
1737
1746
1755
1763
1773
1781
1785
1787
1794
1795
1804
1811
1823
1830
1837
1846
1855
1862
1873
1886
1897
1912
1919
1927
1937
1944
1954
1965
1972
1973
1988
1997
2010
2016
2024
2033
2041
2053
2069
2074
2089
2100
2113
2126
2129
2145
2161
2170
2176
2182
2196
2205
2221
2229
2240
2250
2265
2281
2285
2296
2308
2316
2329
2348
2362
2365
2377
2392
2398
2409
2419
2424
2434
2444
2451
2463
2471
2478
2489
2502
2516
2529
2542
2551
2563
2575
2585
2601
2613
2627
2640
2660
2673
2680
2692
2698
2708
2720
2736
2746
2755
2765
2773
2780
2794
2814
2824
2837
2849
2858
2867
2879
2889
2894
2904
2914
2924
2934
2939
2952
2961
2973
2986
3001
3018
3030
3040
3056
3064
3074
3086
3097
3104
3115
3131
3143
3153
3167
3180
3186
3193
3201
3216
3224
3233
3249
3266
3277
3295
3304
3312
3321
3335
3343
3352
3364
3381
3392
3406
3419
3429
3437
3446
3454
3466
3476
3484
3493
3503
3515
3528
3538
3546
3552
3565
3572
3584
3595
3601
3614
3625
3639
3651
3660
3666
3682
3694
3709
3725
3737
3749
3756
3765
3777
3786
3798
3811
3820
3830
3835
3845
3854
3868
3884
