0
4
10
16
26
36
47
57
68
76
86
96
112
126
141
159
170
183
198
215
229
242
257
273
286
303
318
327
344
357
367
376
390
399
411
419
435
445
458
468
481
491
498
505
513
525
532
544
550
564
577
597
608
622
644
659
674
690
689
695
713
724
734
751
769
777
789
801
813
828
844
859
864
881
887
898
911
927
937
953
963
983
1000
1018
1028
1043
1060
1071
1087
1097
1099
1117
1129
1139
1158
1176
1188
1191
1199
1216
1223
1226
1236
1253
1258
1260
1275
1277
1291
1301
1318
1326
1333
1350
1358
1365
1370
1379
1381
1393
1400
1406
1418
1427
1428
1443
1451
1464
1474
1486
1491
1505
1520
1524
1531
1538
1544
1549
1551
1556
1567
1576
1587
1593
1603
1606
1616
1621
1635
1639
1642
1643
1645
1651
1662
1674
1683
1689
1700
1717
1723
1738
1741
1738
1741
1744
1755
1752
1762
1765
1765
1767
1774
1774
1784
1796
1796
1801
1806
1814
1816
1820
1827
1831
1842
1852
1860
1867
1872
1883
1885
1892
1912
1912
1922
1926
1931
1933
1940
1942
1949
1964
1968
1975
1980
1982
1994
1987
1990
1993
1991
1993
1994
2001
2001
2002
2004
2005
2018
2020
2025
2019
2022
2022
2019
2019
2027
2031
2032
2031
2033
2038
2038
2041
2043
2036
2040
2033
2032
2029
2023
2029
2030
2025
2024
2019
2016
2010
2013
2009
2004
2002
1997
1990
1985
1976
1969
1965
1959
1956
1951
1948
1945
1942
1938
1933
1932
1926
1920
1920
1916
1913
1910
1904
1898
1894
1892
1885
1876
1869
1867
1859
1853
1850
1844
1839
1835
1829
1824
1820
1815
1810
1803
1801
1792
1782
1777
1774
1770
1759
1755
1746
1745
1735
1729
1724
1720
1716
1709
1703
1695
1687
1681
1677
1670
1668
1659
1648
1642
1637
1629
1622
1615
1608
1601
1591
1586
1581
1575
1568
1564
1561
1555
1553
1547
1544
1538
1530
1523
1515
1509
1506
1499
1498
1490
1487
1481
1478
1470
1461
1454
1445
1433
1422
1412
1408
1400
1397
1388
1382
1375
1370
1363
1354
1348
1343
1342
1334
1331
1329
1323
1313
1311
1309
1301
1295
1293
1290
1284
1279
1270
1263
1258
1249
1242
1236
1229
1225
1221
1217
1211
1208
1206
1201
1194
1188
1184
1184
1180
1176
