1
3
11
18
27
38
56
71
87
98
112
133
148
159
167
185
198
212
231
246
253
272
300
315
328
346
362
377
400
408
422
442
448
461
469
484
496
506
519
535
552
573
590
601
609
617
632
643
656
671
684
701
713
718
729
737
754
760
775
789
798
817
821
838
847
857
880
896
904
912
926
942
950
963
966
974
986
997
1012
1021
1035
1043
1052
1058
1074
1078
1082
1104
1112
1119
1125
1129
1140
1140
1157
1164
1174
1184
1194
1199
1207
1217
1226
1234
1245
1253
1263
1271
1282
1286
1293
1303
1312
1317
1320
1335
1344
1351
1359
1357
1369
1380
1383
1392
1400
1409
1422
1433
1443
1457
1458
1470
1476
1491
1498
1498
1500
1505
1512
1519
1530
1539
1544
1548
1562
1569
1575
1573
1573
1578
1581
1587
1593
1604
1605
1606
1615
1622
1631
1634
1641
1641
1653
1655
1662
1680
1678
1681
1690
1696
1704
1708
1717
1729
1738
1751
1749
1758
1772
1774
1771
1780
1780
1792
1794
1798
1794
1799
1807
1808
1808
1811
1815
1823
1827
1830
1841
1844
1842
1848
1852
1857
1859
1857
1862
1872
1875
1877
1883
1883
1885
1897
1899
1904
1902
1906
1909
1907
1909
1899
1900
1899
1900
1906
1904
1912
1906
1902
1902
1902
1897
1894
1896
1895
1895
1892
1893
1888
1892
1885
1880
1879
1868
1867
1866
1860
1852
1850
1849
1842
1837
1831
1827
1826
1822
1818
1816
1813
1810
1809
1803
1797
1793
1783
1775
1771
1765
1759
1756
1751
1745
1738
1731
1724
1722
1715
1705
1699
1698
1690
1686
1681
1677
1672
1670
1671
1664
1660
1655
1648
1644
1636
1630
1625
1621
1616
1613
1607
1601
1597
1595
1588
1581
1576
1569
1563
1557
1550
1548
1539
1535
1528
1524
1521
1517
1512
1505
1502
1501
1494
1487
1476
1471
1468
1461
1459
1456
1452
1446
1441
1436
1430
1423
1417
1413
1408
1404
1400
1395
1390
1386
1386
1379
1372
1362
1358
1354
1350
1343
1340
1337
1331
1325
1321
1314
1308
1302
1296
1293
1287
1283
1281
1275
1274
1270
1262
1255
1252
1249
1243
1237
1233
1230
1222
1220
1214
1203
1199
1195
1191
1187
1181
1174
1169
1165
1160
1155
1148
1144
1141
1139
1134
1131
1123
1118
1115
1112
1109
1105
1099
