0	0
0.1	0.2
0.2	3.6
0.3	8.9
0.4	16.5
0.5	26.5
0.6	36.8
0.7	47.8
0.8	58.4
0.9	71.3
1	83.3
1.1	96.8
1.2	110.9
1.3	125.5
1.4	137.6
1.5	149.8
1.6	164.2
1.7	176.9
1.8	190.4
1.9	205.3
2	221
2.1	233.3
2.2	247.8
2.3	262.6
2.4	277.1
2.5	289.7
2.6	305.2
2.7	320.2
2.8	332
2.9	347.9
3	359.3
3.1	371.5
3.2	384.2
3.3	397.5
3.4	411.4
3.5	422.6
3.6	434.4
3.7	447
3.8	460.2
3.9	475.1
4	487.2
4.1	502
4.2	516
4.3	528.9
4.4	539.5
4.5	552.8
4.6	563.9
4.7	577.2
4.8	589.6
4.9	602.4
5	617.1
5.1	629.3
5.2	642.5
5.3	655.3
5.4	668.8
5.5	679.1
5.6	692
5.7	704.2
5.8	714.9
5.9	723.2
6	734.5
6.1	747.8
6.2	760.3
6.3	772.8
6.4	782.2
6.5	793
6.6	802.7
6.7	815.3
6.8	826.8
6.9	837.8
7	849.6
7.1	861
7.2	874.3
7.3	884.9
7.4	896.3
7.5	904
7.6	916.5
7.7	928.1
7.8	939.9
7.9	952
8	963.4
8.1	974
8.2	983.3
8.3	994.7
8.4	1007.1
8.5	1018.4
8.6	1027.3
8.7	1035.6
8.8	1047.7
8.9	1058.1
9	1067.6
9.1	1078.1
9.2	1089.2
9.3	1099.9
9.4	1108.4
9.5	1117.1
9.6	1126.9
9.7	1135.8
9.8	1144.6
9.9	1154
10	1165.7
10.1	1174.4
10.2	1185.4
10.3	1194.7
10.4	1205.2
10.5	1213.8
10.6	1221.4
10.7	1230.9
10.8	1239.6
10.9	1247.4
11	1256.9
11.1	1266.4
11.2	1273.8
11.3	1281.6
11.4	1289.5
11.5	1297.8
11.6	1309.6
11.7	1318.9
11.8	1327.5
11.9	1337.6
12	1347.1
12.1	1357.7
12.2	1367
12.3	1377.2
12.4	1385.8
12.5	1392.4
12.6	1401.9
12.7	1410.1
12.8	1418.3
12.9	1425.4
13	1433.6
13.1	1440.2
13.2	1447.6
13.3	1458.7
13.4	1467.3
13.5	1474.9
13.6	1484.7
13.7	1493.3
13.8	1501.2
13.9	1507.6
14	1515.3
14.1	1524
14.2	1530.8
14.3	1538.8
14.4	1543.4
14.5	1551.4
14.6	1557.9
14.7	1564.3
14.8	1568.9
14.9	1575.4
15	1581.5
15.1	1585.7
15.2	1592.6
15.3	1599.7
15.4	1606.7
15.5	1612.9
15.6	1621.8
15.7	1629.5
15.8	1635.8
15.9	1646.1
16	1651.4
16.1	1657.4
16.2	1666.1
16.3	1673.3
16.4	1676.5
16.5	1684.9
16.6	1690.4
16.7	1697.2
16.8	1701.2
16.9	1710.1
17	1714.4
17.1	1718.4
17.2	1722.7
17.3	1729.3
17.4	1735.9
17.5	1743.4
17.6	1750.8
17.7	1754.7
17.8	1760.8
17.9	1768.6
18	1772.6
18.1	1776.5
18.2	1783.5
18.3	1787.9
18.4	1792.3
18.5	1799.3
18.6	1806.1
18.7	1810.6
18.8	1816.7
18.9	1821.3
19	1828.1
19.1	1832.3
19.2	1838.5
19.3	1846.3
19.4	1850.4
19.5	1853.7
19.6	1857.7
19.7	1860.7
19.8	1864.7
19.9	1868
20	1873.8
20.1	1876.8
20.2	1880.5
20.3	1882.8
20.4	1886.5
20.5	1891.6
20.6	1893.9
20.7	1899.1
20.8	1900.3
20.9	1904.1
21	1906.5
21.1	1907.6
21.2	1912.7
21.3	1915.8
21.4	1920.6
21.5	1923.6
21.6	1927.7
21.7	1929.2
21.8	1929.1
21.9	1934.3
22	1934.8
22.1	1937.6
22.2	1939.7
22.3	1942.7
22.4	1944
22.5	1943.8
22.6	1946.1
22.7	1948.8
22.8	1950.2
22.9	1953.2
23	1951.8
23.1	1952.9
23.2	1953.3
23.3	1954.2
23.4	1955.8
23.5	1955.1
23.6	1955.1
23.7	1956.5
23.8	1953.2
23.9	1953.6
24	1950.4
24.1	1950.3
24.2	1951.4
24.3	1950.7
24.4	1947.7
24.5	1947.4
24.6	1946.7
24.7	1945.6
24.8	1943
24.9	1941.7
25	1941.8
25.1	1940
25.2	1937.7
25.3	1934.3
25.4	1932
25.5	1929.2
25.6	1924.1
25.7	1920.6
25.8	1919.1
25.9	1915.4
26	1912.7
26.1	1909
26.2	1907.2
26.3	1903.1
26.4	1899.2
26.5	1895.9
26.6	1892.9
26.7	1889.6
26.8	1886.8
26.9	1884.3
27	1880.4
27.1	1876.8
27.2	1872.8
27.3	1868.7
27.4	1861.4
27.5	1856.8
27.6	1852.5
27.7	1848.3
27.8	1843.9
27.9	1839.3
28	1833.5
28.1	1829.1
28.2	1825
28.3	1820.7
28.4	1816.5
28.5	1811
28.6	1808.9
28.7	1803.4
28.8	1797.8
28.9	1789.8
29	1784.7
29.1	1779.5
29.2	1774.5
29.3	1767.6
29.4	1762.4
29.5	1756.4
29.6	1750.6
29.7	1746.1
29.8	1740.6
29.9	1735.9
30	1729.5
30.1	1723.4
30.2	1716.3
30.3	1710.6
30.4	1705
30.5	1698.4
30.6	1692.7
30.7	1687.8
30.8	1681.3
30.9	1675.8
31	1670.5
31.1	1665.7
31.2	1660.3
31.3	1654.6
31.4	1647.9
31.5	1643.2
31.6	1637.4
31.7	1630.8
31.8	1623.5
31.9	1618.3
32	1612.1
32.1	1604.7
32.2	1598.6
32.3	1592.8
32.4	1587.9
32.5	1580.6
32.6	1575
32.7	1568.5
32.8	1562.8
32.9	1556.9
33	1550.8
33.1	1544.8
33.2	1539.4
33.3	1533.5
33.4	1527.2
33.5	1521.9
33.6	1516.7
33.7	1511.5
33.8	1504.9
33.9	1499
34	1491.3
34.1	1485.7
34.2	1481.3
34.3	1475.6
34.4	1470.6
34.5	1464.3
34.6	1459
34.7	1453.7
34.8	1447.8
34.9	1442.4
35	1437.8
35.1	1432.1
35.2	1426.2
35.3	1418.7
35.4	1412.2
35.5	1405.6
35.6	1399.4
35.7	1393.8
35.8	1388.5
35.9	1383.6
36	1376.2
36.1	1371.6
36.2	1365.3
36.3	1359.3
36.4	1353.8
36.5	1349
36.6	1343.6
36.7	1339.3
36.8	1332.2
36.9	1328
37	1322.3
37.1	1317.1
37.2	1310.9
37.3	1305.6
37.4	1300.5
37.5	1296.2
37.6	1291.1
37.7	1284.5
37.8	1279.9
37.9	1274.3
38	1269.1
38.1	1263.8
38.2	1258.1
38.3	1253.7
38.4	1248.5
38.5	1243
38.6	1238.4
38.7	1232.7
38.8	1227.5
38.9	1222.8
39	1217
39.1	1212.5
39.2	1208.4
39.3	1204
39.4	1198.9
39.5	1193.6
39.6	1188
39.7	1183.9
39.8	1179.6
39.9	1175.4
40	1171.7
