959973
921507
883970
848420
813685
779978
747974
717100
687319
659063
631778
605690
580297
556146
533274
511227
490179
469934
450664
431893
414140
396777
380133
364257
349058
334632
320748
307321
294648
282391
270554
259078
248177
237773
227802
218445
209359
200723
192202
184329
176586
169344
162409
155707
149248
143185
137359
131854
126451
121432
116526
111783
107312
102974
98744
94756
90982
87303
83919
80710
77518
74525
71621
68893
66230
63703
61213
58861
56609
54556
52448
50538
48663
46887
45166
43421
41824
40338
38911
37516
36200
35006
33827
32648
31610
30614
29635
28691
27765
26894
26048
25293
24471
23749
23031
22301
21609
20939
20388
19771
19235
18676
18105
17659
17149
16718
16279
15849
15453
15089
14730
14397
14111
13802
13498
13197
12949
12706
12461
12236
12003
11820
11600
11437
11300
11119
10921
10750
10585
10428
10280
10209
10121
9989
9888
9808
9765
9636
9572
9511
9425
9371
9279
9188
9146
9054
9005
8956
8914
8840
8846
8802
8825
8840
8799
8789
8756
8754
8715
8712
8724
8713
8725
8773
8842
8898
8996
9088
9140
9188
9228
9302
9366
9438
9545
9638
9755
9838
9919
10053
10161
10289
10416
10532
10635
10744
10894
11037
11172
11295
11446
11544
11666
11777
11934
12058
12207
12329
12518
12638
12809
12955
13095
13264
13449
13631
13829
14022
14168
14365
14577
14783
14981
15200
15419
15658
15910
16155
16442
16678
16926
17143
17404
17650
17889
18136
18392
18639
18888
19150
19400
19673
19922
20175
20419
20650
20884
21115
21371
21596
21819
22084
22299
22520
22738
22984
23217
23458
23706
23938
24175
24404
24643
24867
25097
25348
25587
25849
26102
26340
26582
26814
27050
27302
27518
27757
28014
28262
28500
28765
29000
29239
29480
29738
29972
30203
30460
30708
30916
31184
31424
31659
31881
32102
32324
32558
32812
33036
33281
33542
33760
33996
34262
34496
34752
34979
35220
35442
35668
35913
36141
36391
36622
36852
37109
37350
37577
37826
38066
38278
38527
38787
39028
39302
39530
39757
39989
40250
40480
40723
40982
41235
41466
41686
41905
42131
42362
42594
42866
43107
43366
43607
43844
44096
44332
44585
44820
45057
45303
45533
45763
45996
46244
46517
46740
46995
47242
47490
47745
47982
48215
48448
48694
48951
49178
49410
49657
49904
50130
50401
50629
50850
51099
51352
51611
51835
52070
52324
52596
52827
53072
53286
53523
53745
53944
54172
54411
54602
54817
55056
55302
55554
55797
56048
56257
56489
56703
56945
57195
57444
57693
57943
58183
58445
58685
58927
59168
59397
59641
59851
