959673
921012
883540
847677
813150
780018
747696
717247
687723
659591
632447
606364
581015
557117
534094
511801
490683
470182
450661
431918
414002
396692
380388
364722
349752
335257
321266
307704
294763
282421
270619
259601
248919
238658
228786
219286
210188
201417
193257
185467
177829
170436
163407
156821
150240
144143
138244
132714
127316
122062
117178
112443
107943
103702
99519
95613
91760
88068
84701
81446
78181
75198
72338
69490
66704
64087
61614
59212
56991
54822
52736
50724
48902
47073
45346
43789
42183
40730
39293
37874
36503
35267
34062
32828
31704
30565
29560
28557
27553
26682
25801
24996
24199
23428
22693
22021
21299
20686
20071
19484
18933
18422
17910
17376
16917
16419
15965
15606
15205
14873
14511
14184
13832
13543
13252
13018
12764
12520
12250
12019
11845
11678
11496
11337
11136
10968
10834
10644
10500
10330
10191
10050
9894
9769
9682
9530
9428
9288
9246
9146
9049
8959
8859
8737
8655
8592
8520
8451
8369
8290
8259
8229
8248
8195
8161
8082
8026
8005
7979
7950
7914
7894
7884
7877
7861
7863
7899
7903
7890
7911
7894
7866
7882
7872
7825
7791
7831
7861
7824
7819
7835
7836
7849
7893
7937
7994
7979
8002
8033
8069
8120
8188
8229
8276
8309
8336
8391
8419
8495
8569
8615
8631
8713
8772
8867
8946
9033
9114
9194
9314
9413
9508
9563
9638
9716
9756
9822
9889
9950
10022
10108
10178
10266
10368
10479
10585
10687
10802
10913
11064
11158
11270
11437
11568
11731
11886
12065
12196
12336
12445
12598
12778
12943
13083
13222
13433
13594
13798
13994
14193
14388
14568
14744
14904
15109
15322
15512
15772
16010
16245
16485
16716
16956
17212
17473
17715
17973
18215
18464
18689
18927
19157
19376
19636
19865
20125
20368
20607
20844
21086
21336
21599
21843
22101
22317
22569
22812
23036
23294
23534
23815
24038
24250
24480
24713
24919
25144
25396
25633
25878
26142
26399
26637
26867
27127
27365
27604
27846
28104
28343
28573
28811
29042
29292
29561
29804
30052
30304
30524
30751
31006
31235
31474
31720
31945
32215
32428
32705
32936
33185
33412
33657
33896
34150
34402
34617
34863
35103
35318
35553
35812
36072
36300
36535
36748
37006
37231
37476
37707
37963
38178
38417
38642
38897
39139
39405
39649
39901
40150
40411
40632
40890
41132
41357
41625
41875
42076
42306
42510
42753
42995
43240
43480
43715
43946
44172
44381
44624
44885
45117
45348
45592
45836
46083
46362
46600
46829
47075
47315
47543
47785
48034
48273
48499
48726
48968
49197
49441
49662
49886
