38766
74575
106735
135770
162719
186843
208229
227186
244368
259027
271634
282980
292682
301077
308138
313640
318203
321464
323929
325226
325768
325874
324961
323531
321503
319052
316079
312579
308763
304476
299999
295490
290670
285334
280186
274976
269558
264165
258682
253202
247539
241883
235961
230538
224942
219386
213956
208415
202990
197729
192449
187389
182189
177050
171902
166986
162090
157378
152596
148147
143662
139384
135015
130900
126694
122676
118929
115135
111515
108077
104798
101563
98314
95106
91954
89068
86225
83401
80575
77975
75278
72934
70623
68376
66217
64047
62049
59875
57794
55931
54023
52228
50516
48877
47198
45572
44049
42598
41176
39856
38564
37321
36144
34949
33822
32739
31753
30748
29647
28688
27792
26901
26004
25239
24510
23742
23018
22254
21602
20935
20247
19593
19021
18486
17924
17367
16905
16378
15880
15398
14993
14629
14226
13873
13473
13070
12791
12398
12116
11807
11523
11206
10907
10606
10290
10029
9801
9602
9375
9164
8909
8700
8513
8367
8213
7981
7833
7663
7431
7261
7122
7011
6903
6731
6621
6492
6380
6264
6153
6041
5970
5845
5753
5660
5528
5421
5330
5208
5144
5047
4989
4861
4771
4694
4601
4446
4422
4351
4260
4164
4079
4036
3983
3925
3942
3859
3815
3755
3679
3615
3587
3564
3529
3477
3413
3346
3281
3207
3115
3006
2915
2842
2711
2599
2506
2415
2343
2253
2168
2077
1978
1893
1796
1697
1599
1515
1428
1351
1288
1218
1148
1095
1032
983
937
879
831
796
757
721
683
652
614
581
538
511
484
464
442
422
403
373
353
333
311
295
282
264
251
241
235
219
212
206
194
179
168
157
148
143
139
132
129
115
107
103
96
92
88
81
77
72
70
68
65
62
59
53
51
51
49
43
40
38
36
33
31
28
24
23
23
20
19
19
17
17
17
17
17
17
17
17
17
17
14
14
13
12
11
11
11
10
9
9
8
8
8
7
7
7
7
7
7
6
6
6
6
6
6
6
6
5
5
5
5
5
5
5
5
4
4
3
3
3
3
3
3
2
1
1
1
1
1
1
1
1
1
1
1
1
1
1
1
1
1
1
1
1
1
1
1
1
1
1
1
1
1
1
1
1
1
1
1
1
1
1
1
1
1
1
