6538
3455
2195
1709
1353
1262
1076
993
894
827
841
796
759
701
712
723
715
709
641
650
703
654
673
659
722
689
708
680
730
712
714
768
724
768
807
701
793
896
836
860
834
906
925
1001
960
977
1038
1069
1102
1085
1146
1167
1200
1269
1286
1320
1360
1396
1457
1470
1467
1688
1562
1773
1789
1749
1840
1879
2008
2034
2131
2151
2210
2260
2393
2467
2570
2648
2770
2841
2839
3021
3195
3234
3338
3467
3564
3780
3731
3941
4172
4171
4410
4524
4690
4821
4894
5055
5337
5388
5708
5882
6048
6109
6441
6558
6754
7188
7307
7467
7671
7943
8196
8511
8760
8912
9294
9670
9838
10188
10328
10689
11208
11249
11516
11890
11990
12570
12981
13278
13646
14067
14492
14848
15166
15555
15899
16466
16881
17457
17595
18073
18653
18882
19244
20017
20527
20925
21491
21901
21986
22468
22778
23188
23916
24211
24805
25299
25687
26114
26449
26991
27226
27668
28027
28476
29077
29549
29948
30505
31165
31805
32209
32787
33246
33756
34207
34465
34926
35386
35722
36127
36644
37131
37741
38518
39141
39658
40567
41118
41775
42488
43328
43974
45164
46097
47085
48238
49102
50264
51171
52170
53063
53881
54675
55491
56415
57314
58189
59304
60682
61968
63603
65081
66550
68151
69622
71559
73482
75574
77495
79575
81842
83935
86459
88711
91308
93985
96574
99104
101702
104424
107156
109461
112202
114901
117790
120584
123295
126071
128610
131465
134250
136833
139507
142233
144855
147511
150242
152982
155461
158009
160599
163137
165579
168088
170452
172704
174995
177316
179610
181776
183758
185860
187768
189804
191835
193825
195552
197377
199097
200841
202450
203892
205382
206768
208017
209502
210891
212247
213574
214860
216005
217156
218295
219299
220205
221104
221999
222859
223779
224641
225544
226319
227103
227963
228775
229620
230508
231276
231994
232736
233449
234091
234695
235338
235900
236467
237130
237698
238200
238696
239171
239651
240138
240582
241007
241386
241806
242237
242624
243016
243358
243688
244014
244309
244583
244882
245160
245435
245698
245937
246135
246318
246526
246685
246829
246980
247143
247296
247446
247588
247736
247878
248011
248121
248236
248342
248451
248544
248625
248708
248783
248863
248930
248988
249047
249107
249165
249210
249250
249286
249322
249352
249390
249431
249468
249494
249524
249559
249588
249616
249638
249660
249679
249695
249710
249721
249738
249747
249764
249790
249801
249811
249823
249832
249841
249844
249852
249861
249870
249873
249878
249886
249888
249895
249900
249909
249914
249925
