7652
22489
32930
41180
47580
52715
57158
60424
63199
65293
66851
68205
69358
70438
71339
71908
72283
72803
73159
73281
73506
73397
73574
74130
74416
74671
74863
74857
74801
74713
74645
74792
74543
74515
74401
74702
74677
74636
74527
74374
74305
74210
74452
74322
74018
74166
74699
74834
74685
74590
74456
74490
74533
74538
74564
74635
74596
74293
74339
74388
74308
74281
73861
74230
74458
74161
74098
74107
74129
73992
73996
73941
74227
74225
74106
73909
73771
73657
73416
73326
73464
73283
73195
73311
73552
73738
73614
73433
73500
73519
73373
73536
73421
73647
73279
73306
73006
73407
73299
73216
73307
73361
73127
72841
72600
72367
72385
72282
72144
71847
71809
71656
71721
71687
71555
71644
71476
71181
70935
70685
70796
70769
70459
70452
70465
70383
70219
70280
69740
69552
69705
69585
69422
69341
69094
68913
68905
68699
68692
68424
68493
68662
68737
68404
68166
68157
67777
67601
67489
67381
67194
67038
66846
66711
66557
66507
66189
65910
65393
65465
65259
65275
64938
64638
64382
64262
64118
63948
63818
63384
63048
63121
63127
63148
63129
63079
62594
62188
61945
61675
61441
61301
61172
60843
60874
60497
60156
59950
59622
59336
59198
58736
58656
58273
57786
57229
57147
56730
56173
55918
55889
55360
54721
54275
53845
53149
52594
51912
51256
50510
49810
49138
48483
47820
46912
46411
45915
45356
44705
43846
43336
42595
41863
40786
39892
38804
37953
36984
35971
35000
34177
33240
32546
31579
30594
29580
28567
27750
26980
26210
25417
24562
23786
23178
22465
21754
21080
20513
19925
19385
18746
18095
17404
16731
16068
15421
14813
14164
13701
13173
12638
12238
11717
11244
10692
10255
9849
9361
8922
8532
8081
7737
7396
7101
6920
6692
6387
6163
5961
5714
5488
5246
5040
4836
4628
4425
4277
4073
3902
3794
3671
3575
3430
3335
3224
3158
3052
2930
2846
2719
2603
2456
2330
2191
2136
2053
1977
1907
1816
1805
1745
1733
1687
1655
1608
1559
1518
1436
1340
1253
1172
1133
1074
976
959
887
819
749
702
673
646
621
608
590
552
543
538
539
516
506
474
459
400
342
292
277
255
230
237
229
210
195
189
178
176
171
172
159
153
167
167
167
161
153
143
130
122
110
98
78
61
51
41
33
26
23
20
16
14
9
7
5
4
3
2
2
2
2
2
2
2
2
0
0
0
0
0
0
0
0
