7727
22391
32834
40754
46939
52197
56505
59662
62532
64765
66716
67976
69296
70412
71215
71694
72210
72825
73117
73344
73266
73586
74353
74379
74188
74482
74347
74551
74899
74884
74957
74775
74709
74778
74777
74648
74688
74629
74603
74629
74646
74648
74825
74809
74692
74753
74633
74499
74360
74264
74118
74207
74160
74218
74351
74429
74666
74427
74623
74498
74523
74691
74559
74567
74455
74165
74476
74585
74480
74446
74486
74658
74375
74237
73913
74084
74070
74132
74146
73911
74080
74047
74095
73667
73579
73586
73728
73659
73579
73775
73481
73191
73258
73170
72911
72931
72879
73013
72840
72998
72884
72896
72720
72571
72320
72243
71873
71694
71418
71225
71390
71431
71618
71765
71778
71453
71263
71171
70977
70886
70831
70592
70508
70435
70229
70230
70141
70179
70142
69858
69667
69709
69507
69334
69268
69295
68945
68898
68451
68334
68119
68003
68020
67973
67714
67811
67529
67539
67356
67130
66968
66705
66089
65868
65688
65703
65424
65514
65573
65366
65326
65094
65167
65068
65170
65030
64978
64804
64667
64522
64257
64098
64013
63951
63945
63802
63794
63618
63611
63483
63090
62911
62674
62812
62611
62523
62449
62140
61575
61290
61327
60733
60712
60295
60037
59700
59558
59024
58724
58536
58373
58154
58280
58180
57670
57202
56831
56657
56324
56114
55833
55416
55260
55012
54247
53844
53576
52970
52872
52273
51911
51537
51185
50750
50125
49670
48917
48124
47002
45883
45245
44288
43380
42512
41513
40543
39692
38678
37697
36844
35715
34874
33992
33200
32300
31385
30288
29349
28526
27855
26863
26090
25375
24715
23713
23026
22335
21490
20693
19919
19186
18355
17624
17046
16492
15818
15274
14736
14130
13666
13198
12818
12338
11843
11369
10952
10545
10170
9744
9271
8781
8347
7949
7558
7250
6955
6685
6442
6253
6001
5791
5478
5263
5058
4900
4682
4425
4237
4027
3870
3712
3517
3403
3240
3152
2977
2830
2802
2679
2482
2375
2238
2089
2013
1966
1873
1801
1690
1633
1548
1416
1346
1255
1202
1141
1068
1023
987
920
876
832
827
794
762
715
689
641
628
605
591
567
567
550
528
514
482
437
421
393
361
346
335
321
328
314
314
326
331
338
329
334
348
338
306
292
267
248
236
228
223
194
183
163
155
148
148
145
135
121
98
82
64
51
44
40
35
23
17
14
12
12
11
11
7
6
6
5
5
5
5
