0
0
0
0
0
0
0
0
0
0
0
1
1
2
4
7
7
7
7
10
12
13
15
18
18
19
20
21
22
21
25
24
26
28
28
31
33
35
37
39
41
42
46
47
46
47
46
49
50
52
53
53
53
54
54
57
54
58
59
59
59
57
57
57
58
60
59
58
57
55
54
54
57
56
55
57
58
60
58
59
60
59
59
59
58
57
57
59
58
58
59
59
59
59
60
59
60
59
59
61
61
60
58
56
55
54
52
50
52
51
48
49
50
51
51
51
50
49
48
46
44
44
42
40
40
41
39
38
37
37
39
40
40
39
38
39
38
39
38
37
36
34
32
32
33
34
34
34
34
34
33
34
35
36
37
37
36
36
36
34
34
33
33
32
32
31
31
31
29
30
31
31
31
31
29
29
29
30
30
30
30
29
27
27
27
27
28
25
27
28
27
27
26
26
26
25
25
24
23
23
23
23
23
23
21
21
21
21
21
19
19
20
20
19
18
18
17
16
16
16
14
13
12
12
13
13
14
13
14
14
13
13
12
12
12
10
10
12
12
12
12
12
12
13
13
13
12
10
10
10
10
10
10
10
10
10
10
10
10
10
10
10
10
11
11
8
8
8
8
8
8
8
8
8
8
8
8
6
6
6
6
6
6
6
6
6
6
6
6
6
6
6
6
6
6
6
6
6
6
6
6
6
6
6
5
5
5
4
4
3
3
3
2
2
2
2
2
2
2
2
1
1
1
1
1
1
1
1
1
1
1
1
1
1
1
1
1
1
1
1
1
1
1
1
1
1
1
1
1
1
1
1
1
1
1
1
1
1
1
1
1
1
1
1
1
1
1
1
1
1
1
1
1
1
1
1
1
1
1
1
1
1
1
1
1
1
1
1
1
1
1
1
1
1
1
1
1
1
1
1
