1
2
5
6
14
21
26
35
44
55
68
77
84
96
106
110
114
119
127
143
149
158
162
175
183
181
183
188
184
192
201
211
224
230
233
230
233
239
242
239
242
245
245
248
247
256
255
251
254
257
261
263
260
257
262
260
257
261
269
270
269
272
267
274
276
278
285
285
289
290
288
287
284
295
297
296
299
298
299
296
291
290
287
286
281
283
287
289
293
289
282
273
277
272
276
274
267
263
262
257
253
262
252
254
250
250
246
242
244
240
240
244
241
247
244
242
245
236
235
234
234
232
232
236
227
225
227
229
230
231
227
220
216
213
212
208
208
211
209
209
206
210
203
200
200
203
200
198
198
198
197
197
199
196
198
195
193
191
191
188
191
188
184
180
188
186
184
180
180
179
184
182
182
177
175
171
167
162
156
156
152
153
153
157
157
155
158
157
149
146
144
144
145
143
145
147
149
148
145
145
145
144
140
135
133
132
131
128
128
126
122
119
118
113
113
114
111
106
104
101
98
97
94
94
91
85
83
82
86
86
85
86
85
82
77
78
79
78
75
74
73
71
68
67
62
60
57
58
56
56
54
53
50
49
49
48
47
46
45
45
45
44
44
42
42
41
41
40
39
38
37
34
33
32
32
31
29
30
27
27
27
26
26
24
25
24
22
20
18
18
18
18
18
18
17
17
16
16
16
16
15
15
15
15
17
16
16
16
16
16
15
15
15
15
15
15
15
14
13
13
13
13
12
12
11
11
10
10
10
10
10
10
10
9
9
9
9
9
9
8
7
6
6
6
6
6
6
6
6
6
5
5
5
5
5
5
5
5
5
5
5
5
4
4
4
3
3
3
3
3
3
2
1
1
1
1
1
1
1
1
1
1
1
1
1
1
1
1
1
1
1
1
1
1
1
1
1
1
1
1
