0
2
3
12
19
29
40
45
53
63
72
83
94
107
121
135
137
144
155
162
162
177
187
186
187
193
198
201
206
211
222
226
224
223
229
233
239
242
242
242
247
249
255
263
265
266
270
277
279
276
272
276
280
279
282
281
283
276
274
269
277
282
281
288
289
287
286
289
284
283
286
280
278
277
268
264
267
268
265
262
272
272
269
271
275
281
280
281
281
280
284
276
279
274
272
265
267
266
264
270
267
261
264
258
256
260
253
247
248
240
237
238
238
228
223
225
223
229
233
232
230
227
227
227
223
213
212
210
202
195
195
193
187
184
184
183
183
177
172
164
161
160
163
160
161
162
161
162
158
159
158
159
158
161
166
168
166
167
161
157
156
151
143
138
135
135
133
136
132
132
134
135
136
138
135
137
140
140
141
138
137
143
145
148
148
144
142
142
141
143
143
144
143
146
142
140
140
138
137
140
142
143
139
141
141
140
139
140
137
137
134
134
134
134
134
133
133
131
129
129
130
135
137
142
141
143
142
143
141
139
136
136
138
140
135
127
128
129
125
124
124
121
124
120
119
121
117
116
115
118
121
123
125
124
121
121
121
119
118
118
114
113
112
114
112
109
103
102
102
99
98
93
94
95
92
89
88
83
80
78
78
76
74
73
74
73
72
71
67
68
66
66
65
62
63
61
58
57
57
57
56
55
50
48
48
47
48
47
45
46
46
45
45
42
41
41
39
39
37
35
35
33
33
29
29
26
26
26
25
24
24
23
21
21
20
20
19
19
19
17
18
18
16
16
14
14
14
14
14
13
13
14
13
11
11
11
12
11
11
11
11
11
10
10
10
10
10
10
8
8
8
8
8
7
7
7
7
5
5
4
4
4
4
4
4
3
3
3
3
3
3
3
3
3
3
3
3
3
2
2
