0
0
1
4
8
12
21
29
37
52
58
67
79
85
96
97
110
118
126
131
143
151
160
163
167
177
184
184
191
203
202
207
216
222
232
241
249
255
267
265
263
265
266
273
277
282
285
281
284
285
284
285
283
287
290
281
283
284
277
276
271
283
287
286
286
279
277
279
280
283
280
283
277
277
279
277
274
272
280
283
285
283
280
280
275
277
271
270
276
272
268
273
269
269
269
268
266
264
266
263
264
271
271
266
267
261
263
259
258
256
255
259
256
251
251
251
249
252
248
247
254
253
254
259
258
255
250
248
245
237
241
242
241
238
230
231
228
230
228
226
227
226
225
228
224
219
215
209
212
212
212
206
206
204
204
201
199
199
194
185
179
178
175
174
175
171
170
167
163
164
166
162
164
164
163
161
160
163
157
153
155
154
152
148
150
147
143
145
143
148
148
143
140
141
141
138
139
136
138
141
137
136
138
134
132
133
131
130
125
123
122
118
118
121
121
119
120
121
116
120
123
120
119
117
114
114
112
112
110
108
109
101
101
95
94
94
94
92
93
96
95
95
93
92
88
85
85
83
81
83
85
88
89
87
86
86
88
87
87
84
87
84
83
82
82
80
78
80
83
81
80
80
78
77
73
70
71
66
66
64
64
63
62
61
55
54
50
50
50
49
49
48
46
47
47
46
45
43
42
42
39
34
32
29
28
27
27
27
26
26
27
26
25
25
25
23
23
21
20
19
17
17
17
17
16
16
15
15
15
15
15
15
13
13
13
13
13
12
12
12
12
11
10
10
10
10
10
10
10
10
10
9
9
9
9
8
7
7
7
6
6
6
6
6
6
5
5
5
5
5
5
5
5
5
5
5
5
5
5
5
5
5
5
5
5
5
5
5
5
5
5
5
5
5
4
3
3
2
2
2
