14
25
32
39
40
43
51
44
47
45
46
47
46
43
44
42
37
41
39
34
37
31
37
38
36
40
37
39
34
35
36
36
36
29
33
36
39
35
39
39
30
32
36
40
43
37
42
45
47
46
44
44
45
50
55
60
59
56
59
51
49
54
59
62
71
68
69
67
71
66
69
70
77
83
87
84
76
79
84
81
79
86
95
101
106
105
111
115
116
113
118
120
123
129
140
145
153
152
153
162
163
163
171
179
181
185
188
196
197
195
197
198
201
202
209
218
222
231
235
241
244
244
245
258
262
268
282
289
296
305
317
323
330
347
346
357
361
368
380
388
395
405
409
415
427
435
446
454
457
460
458
469
470
474
478
478
485
494
494
500
498
509
507
519
527
540
546
554
558
562
570
583
584
592
603
608
616
623
630
641
648
656
668
679
687
690
700
707
719
726
736
743
753
765
772
777
786
798
807
815
823
832
837
850
859
869
877
884
895
900
915
920
929
938
946
959
965
976
985
996
1007
1020
1028
1037
1046
1051
1062
1069
1080
1090
1099
1110
1109
1117
1122
1130
1133
1141
1148
1159
1166
1175
1183
1194
1204
1212
1220
1226
1241
1255
1266
1281
1291
1303
1312
1320
1328
1338
1346
1352
1361
1370
1377
1386
1397
1416
1426
1442
1454
1461
1478
1489
1497
1513
1523
1531
1541
1547
1563
1579
1589
1605
1614
1624
1629
1634
1643
1654
1672
1686
1698
1716
1726
1732
1740
1748
1754
1770
1785
1798
1810
1816
1829
1836
1849
1858
1870
1881
1888
1899
1906
1915
1926
1939
1952
1962
1974
1986
1996
2009
2016
2027
2034
2046
2056
2071
2083
2099
2115
2126
2132
2142
2149
2162
2170
2180
2191
2199
2210
2220
2237
2244
2254
2263
2277
2291
2300
2308
2322
2328
2338
2353
2369
2381
2388
2395
2403
2415
2425
2433
2443
2448
2458
2468
2476
2493
2508
2523
2535
2546
2561
2569
2579
2597
2611
2619
2631
2646
2652
2663
2678
2688
2700
2711
2722
2740
2747
2758
2766
2779
2790
2804
2813
2823
2828
2838
2852
2859
2874
2886
