2
3
16
24
32
45
54
64
73
86
92
103
121
135
144
159
171
187
198
211
231
243
257
275
297
313
322
336
342
356
372
390
403
417
432
443
456
476
491
497
509
526
542
558
577
589
595
602
617
631
648
666
678
697
708
729
736
745
758
774
781
787
796
810
826
834
842
849
857
866
878
883
896
904
914
922
939
947
960
978
992
1000
1016
1027
1040
1050
1058
1075
1081
1092
1105
1120
1132
1136
1148
1154
1159
1173
1181
1193
1200
1211
1220
1235
1238
1242
1254
1264
1264
1272
1282
1294
1298
1303
1310
1322
1328
1332
1346
1352
1358
1365
1369
1380
1392
1392
1398
1405
1414
1423
1425
1436
1445
1456
1464
1473
1482
1491
1501
1506
1516
1525
1533
1535
1548
1559
1573
1580
1582
1597
1605
1608
1608
1616
1620
1636
1639
1645
1654
1668
1690
1703
1705
1715
1724
1731
1735
1737
1741
1748
1758
1760
1772
1770
1782
1788
1789
1787
1796
1804
1811
1820
1827
1824
1834
1840
1842
1853
1855
1862
1874
1881
1883
1893
1899
1903
1904
1908
1902
1903
1915
1915
1915
1913
1918
1926
1940
1954
1962
1969
1970
1978
1987
1992
2004
2008
2006
2014
2019
2020
2031
2035
2039
2047
2054
2059
2063
2064
2064
2068
2079
2086
2083
2090
2094
2094
2104
2108
2121
2122
2128
2122
2133
2137
2141
2153
2155
2153
2150
2153
2157
2164
2171
2173
2171
2174
2181
2179
2172
2178
2179
2184
2196
2206
2212
2207
2211
2217
2221
2230
2231
2228
2236
2244
2245
2247
2251
2252
2264
2263
2274
2282
2283
2286
2286
2291
2308
2313
2311
2320
2316
2318
2315
2320
2314
2311
2309
2318
2325
2323
2317
2316
2317
2322
2326
2329
2331
2335
2336
2336
2333
2341
2332
2327
2334
2338
2340
2336
2340
2345
2347
2350
2347
2354
2356
2357
2360
2369
2380
2392
2391
2400
2407
2415
2421
2421
2426
2434
2429
2427
2425
2424
2418
2416
2419
2420
2414
2415
2421
2427
2426
2426
2432
2434
2440
2443
2446
2444
2442
2445
2447
2448
2447
2443
2441
2440
2439
2442
2448
2444
2443
2449
2449
2445
2443
2441
2441
2442
2437
2448
2449
2453
2454
2450
2452
2457
2449
2447
2443
2440
2443
2447
2447
2443
2443
2440
2435
2430
2418
2410
2407
2402
2402
2404
2400
2394
2393
2382
2373
2367
2368
2369
2374
2367
2362
2356
2358
2355
2350
2348
2340
2335
2332
2322
2324
2323
2313
2310
2307
2294
2290
2282
2280
2270
2267
2261
2255
2244
2238
2231
2226
2219
2216
2207
2198
2188
2177
2169
2164
2155
2151
2146
2139
2136
2132
2124
2118
2108
2096
2090
2079
2070
2065
2055
2048
2036
2031
2021
2014
2006
1998
1995
1986
1977
1970
1955
1950
1945
1936
1922
1911
1906
1897
1888
1876
1871
1865
1858
1853
1845
1840
1831
1820
1814
1807
1800
1792
1786
1779
1774
1767
1761
1753
1750
1744
1733
1725
1718
1714
1706
1699
1693
1689
1682
1672
1665
1659
1653
1649
1641
1635
1632
1626
1618
1614
1611
1603
1597
1592
1588
1582
1580
1577
1570
1560
1556
1547
1540
1530
1519
1513
1507
1502
1495
1487
1482
1476
1472
1465
1462
1458
1453
1448
1442
1432
1431
1423
1416
1411
1406
1397
1395
1386
1379
1377
1371
1366
1358
1355
1349
1344
1336
1332
1326
1319
1313
1308
1300
1289
1286
1279
1273
1264
1260
1254
1244
1235
1231
1229
1223
1222
1218
1213
1212
1207
1204
1202
1198
1193
1190
