0
10
18
25
31
38
46
62
77
94
107
121
129
144
156
163
178
189
203
219
229
240
252
265
279
296
305
317
338
353
369
377
384
398
415
427
441
453
468
479
487
492
507
529
541
550
566
580
595
610
620
630
643
655
668
677
683
700
712
723
736
746
762
775
788
794
808
818
827
840
849
860
874
886
902
917
927
944
955
966
975
977
985
1003
1016
1027
1033
1049
1057
1068
1074
1086
1091
1099
1104
1109
1120
1130
1130
1143
1153
1162
1168
1180
1189
1201
1211
1223
1232
1245
1251
1257
1270
1272
1270
1274
1283
1290
1299
1313
1327
1332
1339
1353
1364
1365
1377
1383
1391
1402
1411
1410
1413
1416
1424
1433
1438
1457
1466
1476
1477
1485
1493
1498
1508
1520
1532
1542
1556
1567
1579
1593
1608
1610
1617
1623
1628
1632
1634
1634
1643
1646
1659
1669
1679
1694
1695
1696
1704
1705
1709
1713
1715
1722
1721
1723
1729
1735
1740
1747
1757
1762
1766
1776
1784
1788
1788
1796
1797
1800
1809
1821
1832
1826
1831
1838
1848
1860
1865
1865
1872
1872
1882
1895
1898
1907
1911
1911
1923
1923
1932
1938
1942
1944
1943
1951
1953
1958
1960
1969
1977
1982
1989
1999
2005
2008
2005
2011
2013
2012
2023
2023
2024
2022
2025
2034
2041
2045
2043
2044
2049
2055
2060
2065
2069
2077
2077
2083
2091
2100
2105
2110
2112
2117
2119
2123
2126
2136
2142
2143
2145
2152
2155
2167
2167
2167
2170
2173
2181
2179
2190
2192
2198
2206
2211
2211
2210
2216
2219
2220
2232
2239
2236
2248
2248
2257
2263
2255
2259
2265
2275
2279
2280
2283
2286
2291
2294
2295
2306
2310
2317
2314
2316
2321
2323
2331
2333
2329
2330
2336
2341
2336
2332
2332
2331
2331
2335
2331
2337
2342
2334
2339
2340
2342
2347
2353
2350
2352
2352
2358
2361
2364
2365
2373
2375
2377
2381
2376
2373
2378
2382
2378
2373
2381
2384
2385
2388
2389
2397
2395
2398
2401
2407
2410
2408
2417
2414
2418
2419
2419
2415
2420
2423
2418
2418
2421
2416
2426
2431
2435
2425
2425
2429
2432
2437
2442
2439
2443
2443
2438
2436
2437
2445
2451
2457
2457
2463
2468
2462
2458
2457
2462
2459
2457
2450
2446
2438
2431
2431
2432
2430
2426
2419
2421
2417
2410
2406
2404
2402
2396
2387
2380
2382
2379
2375
2367
2360
2358
2355
2351
2347
2337
2329
2322
2318
2312
2309
2299
2300
2287
2282
2278
2271
2265
2259
2259
2245
2247
2237
2232
2221
2213
2208
2192
2185
2174
2168
2159
2156
2147
2140
2137
2131
2125
2116
2108
2101
2095
2087
2085
2077
2071
2067
2060
2050
2048
2036
2028
2022
2012
2004
1995
1984
1976
1972
1958
1949
1940
1932
1922
1918
1909
1903
1897
1892
1884
1879
1872
1865
1859
1853
1845
1841
1831
1821
1814
1806
1797
1792
1783
1775
1767
1758
1754
1749
1740
1736
1729
1723
1716
1708
1701
1695
1688
1681
1677
1670
1665
1663
1657
1655
1648
1636
1630
1623
1616
1610
1602
1597
1593
1584
1578
1572
1564
1557
1551
1543
1534
1528
1525
1521
1516
1509
1501
1496
1490
1484
1479
1473
1468
1459
1454
1447
1443
1435
1428
1423
1415
1414
1411
1410
1405
1400
1395
1392
1387
1381
1373
1363
1354
1351
1348
1340
1332
1326
1319
1316
1313
1306
1303
1295
1290
1286
1286
1282
1279
1276
1269
1263
1261
1254
1248
1240
1233
1226
1218
1209
1204
1201
1194
