960039
921156
883722
848074
813477
780109
747724
716707
687034
658414
631062
604741
579364
555287
532000
509668
488240
467700
447876
428991
410997
393950
377287
361312
346114
331291
317241
303685
290783
278569
266870
255600
244983
234871
225135
215605
206583
198122
189829
181966
174385
167086
160163
153311
146921
141020
135232
129641
124415
119340
114529
109871
105299
101015
96989
93056
89229
85595
82060
78765
75582
72451
69571
66814
64257
61783
59333
56954
54833
52724
50721
48798
46941
45199
43490
41770
40162
38624
37189
35853
34518
33268
32084
31013
29902
28891
27932
27016
26060
25261
24432
23573
22842
22073
21345
20599
19966
19359
18767
18127
17627
17082
16648
16105
15643
15224
14864
14490
14108
13755
13402
13057
12724
12393
12062
11813
11547
11344
11052
10810
10623
10388
10246
10052
9871
9630
9484
9371
9228
9099
8915
8812
8657
8533
8395
8303
8156
8062
7924
7780
7704
7652
7554
7504
7445
7372
7294
7241
7160
7104
7006
6972
6933
6878
6907
6862
6803
6721
6682
6603
6570
6554
6540
6495
6457
6387
6341
6271
6238
6194
6195
6174
6199
6189
6122
6120
6130
6114
6112
6092
6045
5988
5978
5944
5875
5864
5809
5805
5766
5750
5734
5705
5678
5676
5642
5646
5645
5639
5629
5619
5660
5653
5682
5689
5695
5679
5679
5658
5647
5668
5669
5694
5695
5674
5672
5721
5697
5733
5705
5719
5676
5678
5670
5674
5664
5659
5655
5656
5660
5648
5672
5671
5675
5696
5719
5739
5702
5688
5668
5616
5606
5614
5669
5625
5666
5673
5659
5635
5664
5651
5662
5587
5591
5576
5564
5592
5648
5657
5655
5693
5669
5677
5700
5694
5680
5662
5627
5623
5628
5624
5621
5615
5615
5602
5587
5602
5599
5629
5627
5621
5641
5636
5634
5609
5603
5590
5574
5594
5563
5593
5626
5580
5548
5569
5589
5599
5656
5646
5668
5672
5714
5731
5736
5784
5802
5795
5826
5845
5845
5889
5878
5915
5934
5933
5963
5935
5973
6030
6042
6032
5994
6010
5987
6054
6072
6112
6148
6159
6178
6224
6254
6291
6333
6347
6320
6372
6376
6433
6424
6479
6509
6569
6617
6687
6717
6747
6805
6846
6885
6926
6983
7019
7069
7116
7198
7255
7350
7415
7495
7603
7649
7750
7775
7847
7943
8015
8053
8116
8189
8263
8350
8459
8601
8715
8820
8951
9053
9153
9267
9364
9475
9604
9716
9841
10022
10162
10343
10492
10629
10866
11027
11211
11401
11559
11719
11893
12081
12269
12450
12675
12912
13170
13422
13665
13912
14176
14445
14692
14923
15184
15435
15683
15938
16199
16448
16675
16930
17166
17422
17688
17929
18162
18408
18657
18888
19124
19375
19627
19873
20130
20365
20634
20872
21119
21349
21591
21839
22120
22383
22633
22865
23116
23370
23626
23869
24129
24347
24602
24845
25105
25352
25640
25878
26090
26316
26594
26877
27123
27357
27585
27835
28080
28308
28556
28799
29052
29294
29538
29766
30013
30253
30500
30756
31003
31256
31487
31703
31962
32201
32421
32683
32923
33157
33427
33672
33931
34187
34417
34688
34935
35178
35445
35718
35960
36187
36447
36686
36894
37125
37387
37640
37857
38113
38332
38561
38796
39060
39303
39540
39764
40003
40260
40488
40728
40969
41200
41440
41674
41911
42146
42370
42613
42842
43062
43281
43507
43756
43985
44249
44502
44752
44993
45243
45466
45697
45916
46141
46404
46637
46855
47117
47353
47589
47826
48075
48300
48571
48800
49027
49272
49477
49715
49945
50176
50433
50698
50939
51149
51362
51607
51847
52095
52310
52551
52804
53035
53284
53528
53770
53982
54219
54458
54692
54927
55160
55379
55609
55842
56073
56300
56538
56790
57037
57248
57504
57767
58005
58231
58473
58733
58963
59199
59430
59673
59936
60165
60399
60631
60885
61101
