38913
74894
107293
136779
163533
187189
208828
227769
244987
260515
273780
285087
294995
303496
310591
316176
320609
323779
326196
327679
328261
327969
327157
325529
323248
320587
317239
313669
309785
305676
301481
296537
291449
286385
281260
276002
270594
265084
259626
253926
248151
242472
236786
231050
225423
219740
214077
208495
202696
197390
191889
186620
181534
176283
171516
166331
161449
156673
152140
147602
143241
139135
134736
130519
126446
122447
118632
114771
111193
107681
104291
100902
97578
94387
91291
88323
85494
82583
80003
77383
74883
72420
69904
67560
65296
63007
60866
58876
56960
55162
53364
51546
49791
48105
46579
45075
43599
42137
40714
39385
38071
36896
35703
34626
33529
32424
31358
30326
29400
28411
27561
26671
25899
25099
24324
23526
22789
22120
21469
20872
20200
19653
19052
18494
17997
17502
16943
16503
16034
15608
15200
14762
14350
13962
13585
13220
12884
12561
12258
11944
11654
11344
11031
10734
10545
10314
10103
9910
9662
9410
9205
9014
8866
8668
8519
8423
8245
8082
7943
7832
7700
7543
7421
7296
7169
7071
6924
6843
6800
6734
6657
6549
6495
6399
6354
6305
6228
6155
6101
6023
5945
5906
5870
5772
5721
5689
5659
5646
5617
5569
5553
5520
5501
5504
5466
5459
5450
5412
5347
5276
5244
5200
5180
5143
5102
5096
5060
5025
4991
4990
4977
4964
4907
4931
4954
4907
4914
4909
4907
4901
4917
4877
4870
4856
4844
4816
4770
4753
4782
4754
4751
4776
4776
4819
4779
4756
4757
4763
4795
4799
4786
4756
4767
4763
4760
4748
4704
4701
4727
4719
4678
4686
4683
4697
4705
4727
4723
4693
4637
4652
4609
4598
4598
4592
4563
4535
4518
4521
4527
4589
4590
4586
4606
4600
4571
4628
4622
4604
4584
4603
4595
4584
4598
4577
4581
4589
4585
4569
4549
4551
4583
4603
4619
4582
4558
4573
4542
4573
4561
4578
4581
4605
4589
4570
4546
4511
4489
4501
4498
4496
4479
4483
4473
4504
4497
4485
4466
4434
4339
4326
4320
4285
4252
4246
4193
4164
4181
4181
4152
4132
4163
4129
4105
4087
4015
3963
3928
3904
3885
3863
3879
3834
3794
3753
3733
3682
3603
3550
3490
3427
3336
3298
3247
3198
3162
3091
3060
3020
2985
2967
2945
2894
2890
2855
2812
2777
2731
2721
2700
2634
2585
2517
2466
2453
2420
2409
2362
2328
2309
2285
2280
2287
2279
2248
2257
2262
2261
2202
2178
2151
2116
2075
2041
1999
1970
1945
1889
1859
1842
1827
1806
1792
1771
1756
1728
1692
1666
1653
1609
1565
1523
1459
1403
1341
1276
1204
1142
1083
1030
975
913
873
826
778
756
711
676
646
610
566
541
510
484
458
437
414
397
379
360
339
326
313
302
278
260
246
225
210
204
192
181
166
154
145
132
129
124
118
115
110
105
102
97
90
86
83
80
75
73
71
70
65
62
61
57
54
52
49
49
46
42
39
37
36
35
34
31
31
30
27
26
26
22
21
20
18
16
16
15
15
14
12
12
12
11
9
9
9
9
7
7
6
6
6
5
4
3
3
3
2
2
1
1
1
1
1
1
1
1
1
1
1
1
1
1
1
1
1
1
1
1
1
1
1
1
1
1
1
1
1
1
0
0
0
0
0
0
0
0
0
0
0
0
0
0
0
0
0
0
0
0
0
0
0
0
0
0
0
0
0
0
0
0
0
0
0
0
0
0
0
0
0
0
0
0
0
0
0
0
0
