39048
74720
107088
136384
163194
187085
208539
227992
245188
260323
273443
284847
294460
303361
310369
315980
320631
324029
326184
327461
328148
328044
327195
325636
323547
321017
317918
314661
310846
306735
302434
297699
292525
287240
281834
276214
270563
264726
258841
253270
247856
242244
236433
230597
224954
219276
213677
208064
202506
196998
191591
186494
181248
176128
171229
166370
161487
156723
152222
147622
143116
138680
134560
130428
126333
122363
118311
114668
111171
107629
104254
100856
97696
94519
91485
88490
85735
83051
80370
77822
75267
72895
70514
68146
65974
63801
61561
59458
57435
55553
53722
51934
50264
48522
46896
45379
43907
42449
40946
39667
38347
37035
35864
34655
33531
32502
31489
30508
29392
28441
27505
26648
25795
24956
24166
23396
22695
22023
21272
20636
20020
19381
18830
18314
17765
17213
16728
16317
15854
15405
14978
14588
14201
13874
13504
13165
12847
12532
12217
11912
11649
11391
11099
10809
10547
10321
10126
9834
9640
9392
9223
9069
8849
8687
8563
8388
8304
8165
7933
7816
7643
7442
7286
7206
7106
7012
6941
6829
6721
6647
6597
6499
6359
6290
6202
6115
6053
5945
5903
5848
5790
5749
5744
5700
5676
5643
5602
5548
5533
5492
5466
5423
5364
5339
5338
5297
5326
5283
5304
5268
5217
5164
5143
5156
5128
5130
5090
5032
5000
4965
4964
4934
4946
4951
4939
4910
4899
4905
4881
4879
4826
4843
4839
4816
4793
4731
4721
4730
4702
4705
4737
4699
4691
4666
4689
4691
4693
4695
4693
4682
4653
4635
4595
4586
4560
4541
4577
4594
4602
4626
4608
4562
4603
4590
4596
4575
4557
4563
4564
4540
4532
4563
4594
4575
4578
4579
4567
4560
4508
4510
4508
4523
4528
4502
4488
4495
4455
4473
4469
4442
4433
4411
4425
4445
4448
4443
4429
4410
4428
4462
4440
4416
4403
4355
4357
4333
4352
4384
4405
4405
4371
4409
4384
4371
4319
4284
4299
4315
4325
4322
4335
4336
4307
4274
4253
4225
4250
4207
4195
4187
4207
4188
4168
4132
4115
4055
4017
3968
3937
3925
3877
3859
3803
3773
3712
3682
3641
3605
3588
3537
3522
3482
3419
3388
3340
3291
3246
3230
3174
3126
3124
3091
3072
3055
3016
2983
2960
2910
2886
2839
2771
2746
2706
2677
2642
2581
2546
2523
2501
2450
2443
2368
2301
2259
2188
2127
2071
2013
1975
1911
1829
1763
1704
1609
1537
1470
1390
1319
1243
1186
1115
1035
981
930
896
852
804
761
731
692
651
619
596
563
538
504
472
447
423
397
378
353
333
311
291
277
257
245
232
221
212
203
189
179
165
157
146
136
130
122
117
110
104
100
95
92
89
84
81
77
75
74
69
68
66
59
55
51
50
49
47
45
42
38
35
32
32
27
27
26
25
24
23
20
19
19
18
17
16
15
14
13
12
11
9
9
7
7
7
7
7
7
7
7
6
6
6
5
4
4
4
4
3
3
3
3
3
2
2
1
1
1
0
0
0
0
0
0
0
0
0
0
0
0
0
0
0
0
0
0
0
0
0
0
0
0
0
0
0
0
0
0
0
0
0
0
0
0
0
0
0
0
0
0
0
0
0
0
0
0
0
0
0
0
0
0
0
0
0
0
0
0
0
0
0
0
0
0
0
0
0
0
0
0
0
0
0
0
0
0
0
0
0
0
0
0
0
0
0
0
0
0
0
0
0
0
0
0
0
0
