6738
3483
2143
1624
1411
1165
1045
962
937
854
811
800
738
709
681
719
699
665
664
640
661
710
657
631
677
660
737
688
697
737
763
741
774
809
742
802
832
820
831
847
921
970
962
933
999
1009
1065
1092
1136
1117
1190
1183
1233
1293
1308
1276
1368
1446
1481
1506
1577
1588
1587
1656
1761
1835
1804
1860
1937
2143
2081
2184
2283
2350
2365
2483
2548
2603
2773
2776
2959
2967
3077
3206
3455
3518
3554
3599
3744
3893
4098
4130
4315
4467
4684
4723
4890
5107
5359
5431
5705
5873
6086
6170
6481
6567
6807
7065
7282
7652
7974
8060
8269
8616
8952
9044
9304
9638
9981
10207
10622
11189
11081
11670
11737
12242
12581
12891
13179
13465
13875
14266
14654
14953
15482
15545
15964
16408
16644
17114
17485
17852
18392
18700
19079
19582
20037
20458
20878
21422
21592
22067
22339
22423
22864
23838
24176
24453
24870
25239
25504
26003
26221
26737
27060
27485
27900
28082
28336
28655
28906
29497
29558
29969
30529
30849
31012
31372
31703
32143
32449
32942
33091
33643
33775
33853
34191
34183
34336
34548
34670
34765
34920
35230
35508
35586
35674
35979
36318
36196
36379
36437
36474
36836
36889
37269
37517
37510
37335
37416
37622
37540
37926
38001
37993
38021
38081
38209
38475
38291
38394
38453
38625
38738
38989
39060
38826
38700
38775
38877
38875
38894
38814
39179
39218
39376
39422
39565
39519
39756
39898
39923
40087
40261
40549
40542
40381
40362
40422
40651
40549
40853
40923
40642
40682
40757
41109
41251
41557
41495
41432
41474
41372
41619
41722
41590
41488
41504
41619
41441
41188
41118
41192
41203
41196
41120
41204
41184
41127
41249
41291
41238
41343
41002
40919
40994
41033
41046
41069
40839
41043
41122
41183
40952
41157
41183
41367
41548
41362
41453
41593
41504
41456
41564
41499
41392
41402
41452
41555
41586
41754
41784
41855
42239
42385
42633
42411
42555
42843
42928
43250
43108
43287
43235
43052
42847
42826
43100
43190
43190
43157
43454
43675
43910
43995
44130
44339
44167
44125
44195
44244
44394
44108
44335
44589
45059
45323
45663
45871
46388
46826
47023
47782
48394
49087
49553
50009
50521
51046
51731
52416
53080
53673
54441
55086
55995
57131
58076
59249
60711
62043
63429
64971
66472
68184
69668
71336
72788
74298
75608
77225
78856
80145
81278
82541
83652
85054
86258
87367
88614
90149
91984
93697
95363
96940
98344
99721
100747
101632
102468
103381
104389
105468
106594
107550
108429
109402
110232
110952
111666
112559
113680
115187
116751
118466
120436
122505
124498
126427
128680
130669
133039
135415
138005
140333
142574
144680
146929
149231
151535
153763
155844
157886
160039
162245
164542
166767
168930
171161
173346
175567
177663
180004
182241
184350
186378
188386
190385
192221
194083
195893
197668
199583
201373
203111
204761
206420
207847
209344
210871
212198
213513
214717
215936
217127
218321
219403
220446
221474
222451
223447
224377
225310
226154
226945
227800
228624
229332
230107
230843
231583
232290
232888
233530
234144
234817
235383
235905
236445
236919
237361
237837
238259
238690
239160
239654
240094
240504
240925
241302
241689
242000
242331
242672
242956
243273
243557
243856
244108
244397
244599
244853
245074
245297
245517
245737
245962
246156
246337
246533
246689
246829
246981
247115
247238
247351
247471
247597
247716
247805
247899
247999
248072
248153
248214
248281
248349
248410
248467
248517
248588
248659
248721
248770
248835
248891
248954
249007
249045
249080
249135
249176
249199
249220
249249
249281
249299
249330
249348
249368
249384
249403
249426
249446
249456
249480
249493
249526
249550
249578
249597
249622
249642
249668
249686
249704
249717
249729
249739
249762
249775
249792
249806
249816
249823
249837
249849
249858
249865
249875
249884
249887
249894
249901
249911
249912
249918
249923
249935
249936
