6427
3435
2212
1637
1305
1197
1095
1002
875
894
789
785
769
736
716
712
730
719
669
664
676
680
663
663
657
707
716
669
701
717
737
767
728
772
768
846
784
857
868
895
923
888
955
961
978
998
1054
1072
1065
1065
1144
1223
1193
1236
1282
1344
1392
1375
1460
1508
1584
1684
1640
1650
1720
1798
1876
1841
1940
2097
2132
2152
2223
2471
2432
2549
2628
2664
2796
2830
2901
2987
3182
3162
3327
3444
3528
3772
3744
3978
4051
4245
4412
4513
4763
4869
5029
5069
5144
5342
5635
5744
6114
6200
6447
6761
6908
6981
7379
7601
7860
8067
8396
8440
8741
9260
9417
9598
9857
10112
10448
10749
10966
11414
11840
11994
12536
12788
13156
13598
13949
14249
14736
15020
15351
15623
15925
16516
16859
17147
17604
17936
18306
18541
18981
19421
19987
20321
20415
20850
21306
21572
21987
22284
22827
23311
23793
24177
24570
24856
25385
25733
26220
26579
27068
27573
27734
27789
27904
28288
29091
29275
29800
30152
30494
30622
30993
31224
31444
31945
32018
32363
32171
32450
32709
32974
33048
33314
33409
33702
34037
34304
34184
34403
34699
34901
35142
35259
35732
35897
36152
36264
36435
36701
36861
37265
37732
37775
37749
37847
37757
37995
38083
38115
38169
38438
38388
38408
38409
38565
38650
38551
38565
38690
38723
38656
38811
38798
38990
38741
38805
38921
39040
39171
39079
39349
39354
39474
39546
39492
39645
39581
39394
39256
39321
39641
39761
39697
39645
39762
39658
39600
39571
39536
39333
39354
39471
39487
39935
39992
39989
40048
40140
40207
40325
40390
40328
40361
40521
40556
40375
40220
40064
39931
40093
40352
40392
40373
40221
40240
40408
40631
40666
40679
40967
41059
40973
40852
40990
40967
41085
41040
41218
41513
41496
41808
41656
41649
41866
41998
41892
41929
41794
42087
42312
42279
42155
42224
42159
42145
42146
42385
42527
42520
42371
42505
42442
42115
41976
42290
42107
41924
42213
42259
42231
42339
42481
42459
42383
42453
42770
42848
43061
42977
42761
42791
42711
42655
42893
43071
43348
43168
43439
43802
43854
43788
43974
44320
44579
44465
44506
44820
45079
45427
45320
45408
45941
46376
46873
47275
46997
47217
47480
47643
48055
48108
48359
48566
48723
48982
48964
49127
49587
50093
50651
50749
51254
51546
52058
52429
52950
53186
53625
54038
54378
55108
55793
56668
57229
57996
58966
60129
61269
62457
63611
64551
65582
66799
67894
69025
70467
72187
73782
75880
77843
79944
82160
84497
86693
88994
91386
93725
96097
98562
100908
103577
106073
108630
111264
113894
116576
119167
121867
124656
127407
130100
132548
135168
137655
140324
143048
145627
148201
150703
153086
155590
158034
160280
162784
165255
167409
169576
171866
174029
176194
178247
180348
182388
184380
186221
187967
189836
191574
193476
195248
197062
198909
200600
202372
203949
205629
207107
208591
210090
211393
212764
214070
215390
216589
217692
218766
219842
220834
221860
222793
223742
224691
225610
226544
227295
228107
228884
229652
230386
231074
231777
232442
233139
233794
234521
235144
235724
236319
236851
237410
237851
238358
238823
239315
239813
240243
240689
241113
241448
241813
242172
242523
242857
243194
243477
243781
244069
244328
244604
244874
245130
245361
245571
245772
245976
246166
246351
246538
246708
246885
247029
247177
247339
247451
247606
247746
247858
247991
248109
248224
248326
248410
248495
248582
248646
248723
248794
248880
248939
249009
249062
249111
249154
249212
249258
249292
249327
249370
249403
249448
249483
249513
249549
249577
249592
249610
249630
249655
249675
249683
249698
249717
249730
249743
249759
249770
249787
249798
249809
249821
249829
249834
249844
249852
249858
249866
249871
249883
249888
249893
249900
249905
249916
249923
249927
249930
249934
249938
249939
249942
249944
249947
249949
249952
249954
