6590
3477
2185
1668
1362
1202
1108
949
936
907
826
802
747
709
733
687
684
687
651
704
658
689
652
657
693
720
702
724
763
710
767
699
768
773
772
814
835
846
825
850
882
936
968
894
985
1032
1020
1019
1068
1132
1175
1165
1175
1277
1301
1339
1381
1429
1459
1473
1482
1595
1625
1701
1801
1753
1838
1846
1966
2115
2065
2205
2287
2326
2463
2426
2568
2695
2627
2886
2820
2934
3163
3214
3260
3463
3601
3655
3809
3883
4038
4073
4438
4415
4733
4776
4897
5032
5372
5495
5720
5856
6090
6125
6358
6674
6692
6881
7389
7428
7762
7963
8244
8270
8726
9033
9313
9439
9916
10049
10458
11037
11152
11488
11841
12208
12379
12746
13257
13483
13981
14137
14436
14699
15413
15784
16254
16555
16920
17368
17624
18242
18916
19111
19414
19888
20083
20698
20807
21403
21963
22399
22522
22857
23254
23896
24430
24862
24804
25434
25898
26094
26428
26648
26852
27517
27875
27840
28452
28839
29236
29502
29865
29960
30381
30627
31135
31632
32010
32049
32187
32440
32697
32824
33032
33274
33673
33758
33885
33846
34276
34346
34289
34519
34597
34758
35010
35212
35588
35439
35419
35644
35859
35957
36209
36453
36467
36520
36341
36744
36906
37259
37636
37665
37962
38276
38099
38236
38221
38249
38441
38153
38431
38700
38756
38979
39108
39452
39432
39347
39153
38949
38956
39041
39156
39610
39534
39806
39659
39268
39382
39613
39492
39678
39773
39606
39772
39957
40170
40431
40585
40744
40633
40423
40284
40651
40601
40441
40434
40423
40605
40325
40471
40727
40722
40800
40887
41132
41184
41151
41068
41215
41260
41166
41303
41179
41216
41277
41350
41354
41352
41500
41558
41506
41470
41653
41884
41882
41873
41856
41872
41581
41807
41801
41693
41673
41794
42002
41968
41675
41641
41727
41711
41862
41935
41857
41906
42001
42193
42308
42261
42436
42778
43089
43116
43010
43051
42967
42884
42697
43001
42886
42764
42880
42875
43025
43412
43503
43515
43630
43607
43714
43703
44044
43810
43978
43989
44296
44631
45017
45620
45746
46136
46273
46418
46612
47053
47355
47748
48148
48871
49381
49911
50504
50891
51200
51642
52222
52916
53422
54069
55054
55971
57049
58147
59236
60339
61571
62674
63876
65063
66431
67557
68940
70248
71745
73130
74452
75911
77225
78322
79866
81111
82112
83820
85381
86609
88082
89587
91350
93270
95024
96731
98547
100303
102003
103384
105016
106541
108158
109631
111425
113117
114742
116527
118312
120343
122079
123915
125617
127560
129417
131571
133701
135840
138232
140514
142909
145134
147543
150009
152318
154739
157050
159383
161588
163786
166129
168283
170265
172430
174559
176756
178830
180759
182861
184788
186669
188562
190555
192492
194394
196247
198082
199874
201550
203232
204887
206442
207990
209489
210976
212389
213678
215006
216267
217447
218624
219773
220810
221781
222795
223787
224812
225747
226621
227524
228363
229211
230019
230814
231564
232236
232906
233512
234217
234830
235423
235994
236456
237018
237527
238036
238523
238980
239457
239926
240357
240754
241163
241544
241908
242261
242571
242877
243215
243541
243826
244112
244400
244673
244916
245138
245400
245663
245886
246102
246272
246432
246609
246771
246946
247098
247256
247404
247526
247656
247766
247911
248015
248105
248193
248282
248375
248453
248546
248642
248710
248788
248854
248919
248984
249050
249114
249161
249207
249264
249307
249340
249387
249421
249463
249484
249506
249525
249544
249565
249580
249608
249631
249646
249671
249689
249712
249728
249746
249759
249775
249788
249794
249808
249820
249832
249843
249846
249855
249861
249872
249880
249887
249889
249895
249900
249902
249909
249911
249917
249920
249929
249931
249934
249941
249943
249945
249948
249952
249955
249961
249963
249963
249966
249968
249970
249971
249972
249972
249972
249975
249977
249980
