6502
3334
2281
1617
1406
1160
1075
993
900
876
844
842
826
755
710
690
673
651
709
641
711
684
690
711
726
735
718
688
735
727
737
749
787
795
804
811
792
819
837
906
991
888
883
928
975
1079
1023
1024
1110
1157
1168
1139
1192
1286
1302
1301
1370
1381
1462
1514
1578
1561
1619
1782
1771
1743
1898
1884
1934
1992
2087
2236
2156
2303
2400
2526
2496
2673
2702
2779
2854
3055
3058
3193
3344
3302
3660
3648
3884
3916
4240
4140
4289
4470
4704
4891
4892
5032
5347
5476
5593
5774
6016
6238
6411
6599
6836
6951
7195
7568
7708
7946
8189
8443
8734
9163
9148
9542
9740
10262
10292
10714
11028
11571
11730
12087
12373
12732
13193
13230
13614
14125
14511
14906
15362
15765
16032
16333
16437
16991
17158
17917
18419
18933
19218
19729
20112
20402
20681
21171
21677
21911
22160
22930
23366
23623
24200
24628
25055
25338
25767
26279
26602
26763
27098
27518
27853
28298
28382
28690
29031
29272
29770
30160
30551
30847
31205
31542
31882
31825
32154
32525
32764
33050
33439
33744
33850
34182
34423
34559
34627
34664
35097
35538
35677
35845
36045
36194
36459
36245
36409
36507
36414
36843
37190
37388
37423
37506
37588
37744
37910
37818
37929
38091
38061
38047
38081
38255
38246
38178
38394
38576
38863
38716
38689
38736
38612
38723
38743
38798
38761
38814
38953
39087
39396
39401
39330
39344
39467
39502
39562
39173
39140
39195
39169
39124
39454
39258
39325
39149
39233
39423
39515
39557
39610
39470
39292
39457
39557
39567
39666
39695
40124
40388
40288
40344
40390
40414
40424
40680
40588
40800
40918
40946
40793
40648
40571
40226
40486
40668
40981
40818
40837
40819
40733
40780
40846
41097
40929
40926
40841
41076
40930
41073
41080
41085
40951
40797
40695
40624
40668
40654
40847
41071
41168
41201
41198
41384
41542
41803
41745
41647
41662
41624
41567
41512
41481
41606
41781
41747
41484
41336
41395
41208
41187
41193
40892
40980
40981
40837
40848
40645
40558
40511
40666
40544
40700
40710
40984
41387
41623
41629
41709
42038
42343
42588
42774
43124
43172
43523
43947
44435
44618
44722
44916
45019
45538
45905
46284
46813
46871
47307
48054
48461
48938
49269
49577
49788
50397
50818
51648
52275
53009
53951
54648
55433
56351
57104
58358
59638
61068
62262
64008
65668
67432
69286
71529
73875
76045
78274
80769
83116
85415
87877
90189
92910
95412
97836
100296
102581
105383
107973
110477
112911
115513
118157
120786
123690
126091
128954
131571
134183
136670
138978
141720
144378
147120
149588
152137
154677
157105
159691
162166
164424
166896
169123
171338
173496
175742
177894
180049
182177
184284
186327
188257
190188
192147
194072
195882
197564
199233
200905
202625
204298
205974
207517
209021
210568
212007
213472
214886
216175
217524
218873
220126
221267
222508
223640
224815
225941
226980
227927
228871
229834
230770
231636
232396
233249
234003
234772
235472
236142
236852
237564
238154
238781
239340
239875
240372
240765
241233
241668
242067
242395
242733
243038
243347
243663
243931
244198
244401
244636
244880
245107
245301
245523
245718
245881
246050
246263
246434
246602
246752
246885
247041
247187
247336
247458
247557
247708
247822
247927
248035
248145
248240
248321
248398
248480
248569
248644
248712
248775
248812
248865
248893
248955
249008
249057
249107
249158
249199
249244
249280
249324
249364
249394
249432
249456
249494
249520
249564
249597
249623
249652
249675
249696
249710
249731
249742
249762
249780
249795
249802
249814
249824
249828
249842
249853
249867
249881
249893
249896
249902
249908
249916
249920
249922
249927
249931
249936
249943
249949
249953
249955
249957
249961
249965
249969
249969
249971
249975
249975
249977
249977
249979
249980
249980
249981
249981
249981
249982
249983
249984
249984
249986
249987
249988
249988
249988
249990
