7659
22430
33061
40944
47243
52191
56423
60118
62619
64762
66724
68266
69510
70505
71394
72094
72853
73012
73252
73594
73912
73943
74052
73997
74063
74119
74248
74175
74281
74380
74357
74359
74387
74410
74246
74484
74687
74621
74432
74534
74806
74824
75080
74903
74989
75026
74948
74887
74600
74403
74344
74554
74677
74383
74181
74196
74148
74412
74307
74198
73853
73875
73639
73704
74043
74279
74402
74485
74449
74421
74393
74456
74177
74209
74253
74016
73703
73523
73425
73128
72904
73219
73066
73114
73192
73213
73045
72998
72991
73035
72953
72966
73004
73151
72891
72726
72487
72518
72733
72854
72638
72538
72821
72874
72843
72558
72500
72403
72228
72024
71863
71649
71666
71397
71121
71256
71099
71054
71250
71154
70875
70726
70644
70350
69986
69960
70052
69925
69977
69722
69780
69931
69848
69810
69657
69628
69174
69288
69024
68870
68699
68566
68387
68275
68085
67935
67788
67602
67393
67138
67000
67086
67093
67113
66773
66564
66436
66110
66306
66035
65934
65883
65628
65699
65772
65662
65378
65200
64953
65173
65080
64886
65059
65008
64753
64841
64767
64487
64378
64234
64039
64042
63857
63853
63964
64061
64013
64117
63997
64072
64054
64002
64023
64382
64440
64268
64220
64147
63989
63762
63531
63624
63550
63702
63597
63470
63476
63270
63202
63151
63189
63091
63165
63124
63212
63110
63349
63243
63396
63403
63459
63308
63205
63058
62838
62657
62655
62698
62847
62816
62811
62892
62865
62924
62854
63082
63023
63026
63246
63247
63481
63299
63026
62924
62949
62761
62863
62742
62665
62441
62419
62705
62711
62610
62876
63021
62867
62893
62813
62531
62451
62370
62440
62285
62227
62381
62365
62311
62443
62603
62650
62732
62609
62259
62177
62095
62300
62438
62459
62494
62480
62523
62631
62599
62436
62598
62751
62698
62849
62644
62714
62934
62973
62894
62755
62853
62732
62536
62743
62905
62758
62873
62854
62921
63065
62626
62488
62539
62552
62182
62120
62142
62303
62676
62678
62379
62270
62376
62184
61736
61449
61440
61518
61449
61262
61085
60917
61035
61278
61013
61216
61227
61363
60941
60899
60598
60530
60506
60659
60665
60697
60788
60642
60682
60298
60136
59903
59384
59327
59223
58603
58175
57440
57455
57197
57149
56837
56907
56792
56701
56581
56307
55934
55850
55754
55796
55676
55411
55410
55195
55003
54512
54274
53773
53539
53250
53107
52881
52727
52474
52547
52598
52709
52477
52349
52515
52740
52660
52558
52290
51976
51625
51355
50829
50563
50529
49957
49789
49547
49210
48860
48724
48584
48415
48372
48317
48048
47725
47423
47112
46579
45863
45232
44175
43450
42829
41688
40560
39459
38396
37075
36027
35012
33924
32954
32082
31308
30510
29599
28862
28061
27315
26324
25378
24573
23659
22926
22224
21631
20924
20073
19412
18909
18299
17702
16994
16434
15729
15044
14425
13807
13088
12485
11980
11430
10819
10231
9733
9314
9059
8783
8426
8148
7845
7499
7164
6826
6513
6288
6121
5898
5708
5506
5296
5140
4964
4786
4588
4443
4322
4107
3925
3748
3557
3430
3336
3187
3026
2903
2781
2650
2510
2383
2239
2125
2018
1901
1800
1717
1642
1532
1443
1386
1298
1209
1119
1069
1004
951
877
844
756
724
701
665
612
551
495
464
423
377
323
273
232
201
183
159
142
123
114
107
100
88
90
92
87
83
82
90
85
89
92
79
80
73
72
78
82
79
78
74
74
63
52
45
38
29
21
16
15
12
9
5
5
4
4
3
0
0
0
0
0
0
0
0
0
0
0
0
0
0
0
0
0
0
0
0
0
0
0
0
0
0
0
0
0
0
0
0
0
