7631
22742
33236
41088
47276
52542
56740
59948
62723
64962
66723
68298
69470
70449
71277
72109
72596
73313
73244
73569
73693
74028
74258
74362
74421
74658
74774
74624
74489
74418
74782
74805
74705
74596
74774
74736
74791
74770
74710
74621
74730
74797
74705
74551
74338
74628
74498
74824
74878
74843
74614
74765
74449
74577
74895
74705
74652
74411
74531
74742
74466
74723
74523
74973
74774
74703
74637
74599
74735
74809
74532
74578
74463
74407
74057
73784
73769
73987
73758
73697
73779
73803
73884
74053
74070
74255
74170
73914
73924
73828
73937
73785
73806
73537
73468
73338
73156
72970
72874
72973
72743
72827
72888
72551
72251
72218
72215
72480
72128
72155
71953
71745
71462
71577
71484
71377
71125
70963
70814
70812
70592
70451
70449
70351
70470
70417
70398
70330
70234
70105
69631
69444
69419
69380
69171
68906
68873
68524
67735
67744
67708
67874
67720
67742
67776
67557
67297
67045
67121
66923
67082
66977
66719
66791
66620
66709
66630
66468
66541
66523
66381
66339
66047
65745
65727
65675
65715
65588
65474
65424
65027
64960
64775
64466
64439
64703
64583
64335
64363
64377
64493
64477
64301
64074
63975
63952
64171
64397
64243
64204
64039
63846
63818
63590
63776
64090
63960
63701
63471
63200
63176
63274
63172
63280
63052
63411
63447
63199
63084
62915
62745
62948
62919
62927
62772
62927
62914
62866
63094
63060
62933
63128
63252
63544
63648
63620
63421
63159
62866
62802
62698
62606
62581
62463
62739
62967
62785
62841
62749
63015
63213
63557
63520
63513
63476
63559
63449
63596
63230
62943
63069
63006
63054
62923
63067
62928
62843
62831
62738
62601
62652
62981
62933
62858
62886
62775
62716
62919
62796
62933
63049
62852
63068
62996
62997
62923
63034
62831
62864
62727
62355
62403
62538
62493
62793
62773
62747
62785
62866
62739
62877
62714
62557
62555
62597
62447
62421
62487
62287
62476
62374
62466
62351
62793
62374
62644
62656
62578
62651
62560
62572
62426
62235
62039
62117
62012
61809
61574
61551
61701
61808
61879
61685
61860
61888
61751
61708
61549
61502
61687
61601
61345
61331
61018
61127
61160
61186
60694
60699
60660
60387
60159
59991
59984
59898
60044
60130
60089
59650
59531
59588
59372
59359
59250
59009
58962
58758
58575
58489
58491
58173
57972
57892
57745
57588
57475
57508
57243
57412
57391
57223
57062
56729
56317
56070
55794
55510
55508
55362
55431
54885
54703
54508
54390
54234
54049
53605
53392
53061
52837
52371
52250
52093
51798
51422
51092
51065
51128
51035
50875
50727
50412
50386
50297
49858
49705
49493
49383
49234
49044
48752
48747
48563
48093
47850
47545
47312
46979
46560
46100
45543
45390
45672
45959
46042
46419
46410
46484
46490
46433
46076
45381
44655
43840
42704
41450
40180
39021
37859
36546
35403
34359
33458
32474
31388
30301
29097
28344
27415
26503
25636
24761
23873
23013
22301
21502
20843
20128
19498
18850
18146
17456
16952
16380
15674
14999
14335
13892
13382
13037
12633
12233
11911
11433
11030
10678
10374
9961
9578
9054
8576
8128
7717
7395
7120
6745
6463
6125
5871
5663
5374
5170
5022
4814
4608
4371
4116
3857
3636
3394
3204
3072
2939
2810
2673
2555
2424
2306
2166
2044
1904
1784
1649
1522
1395
1291
1181
1082
1058
970
926
848
778
735
714
669
664
644
613
563
528
494
477
459
450
405
376
355
334
318
318
295
265
235
216
189
166
150
147
126
116
110
113
117
107
97
85
89
68
57
49
38
28
24
19
12
8
8
6
4
3
3
3
3
2
2
2
2
2
2
2
2
2
2
2
2
2
2
2
1
1
0
0
0
0
0
0
0
0
0
