7500
22369
32726
40970
47276
52289
56369
59721
62436
64705
66742
68174
69507
70589
71083
71483
72414
72851
73437
73790
73616
73747
73667
73987
73950
74235
74304
74553
74579
74661
74208
74467
74252
74439
74372
74676
74674
74609
74659
74356
74586
74633
74707
74600
74369
74600
74871
74641
74665
74514
74620
74708
74937
74967
74989
75207
75248
75207
75069
74878
74569
74187
74294
74062
73907
73675
73661
73542
73926
73836
74005
74008
74064
73985
73735
73629
73561
73525
73376
73384
73335
73472
73572
73587
73876
73664
73519
73491
73351
73610
73637
73470
73271
73268
73084
73325
73606
73609
73483
73045
72885
72867
72790
72613
72624
72639
72502
72261
71927
72176
72181
72108
71703
71534
71713
71361
71361
71429
71122
71034
70696
70286
70457
70347
70078
70055
70048
70013
69826
69896
69688
69701
69546
69282
69029
68615
68499
68605
68511
68293
68253
67819
67887
67951
67904
67636
67788
67764
67845
67489
67352
67405
67153
67124
66943
66489
66682
66791
66947
66441
66262
66354
66340
66377
66212
65759
65679
65645
65331
65205
64890
64807
64825
64607
64650
64480
64257
64199
64038
64058
64035
63912
63965
64008
63906
64003
63988
63956
64147
64081
63891
63997
64079
63748
63931
63772
63809
63985
63886
63939
63866
63707
63511
63464
63115
63202
63281
63201
63354
63120
63029
62780
62665
62720
62644
62738
62957
62979
63101
63179
62976
63163
62974
62935
63060
62867
62810
62498
62774
62858
63041
63186
63158
62788
62821
62869
62887
62880
62908
63376
63362
63189
63354
63211
63139
62934
62898
62890
62763
62645
62680
62657
62795
63052
62818
62505
62609
62635
62777
62679
62647
62728
62764
62789
62765
62596
62664
62647
62624
62680
62713
62794
62742
62599
62624
62641
62608
62779
62485
62447
62379
62360
62546
62632
62654
62386
62204
62219
62293
62345
62334
62371
62175
62134
62062
62049
62285
62358
62632
62843
62752
62525
62381
62131
62188
62293
61960
61939
61897
61783
61985
61924
61940
61589
61586
61566
61496
61952
62028
61847
61798
61901
62246
62188
62218
61852
61807
61709
61743
61786
61845
61769
61778
61582
61922
61746
61692
61312
61021
60927
60761
60473
60171
60165
60112
59977
59817
59537
59351
59284
58980
58848
58475
58146
58276
58011
57764
57590
57188
57067
56424
55903
55456
54759
54396
53806
53447
53112
52608
52019
51598
51039
50909
50369
49831
49337
48564
48151
47684
47112
46698
46150
46001
45619
45057
44690
44275
43777
43109
42294
41666
41168
40477
39733
39152
38532
38128
37538
36864
36590
36105
35563
34951
34648
34085
33414
32792
32222
31721
31090
30251
29512
28787
27963
27322
26332
25515
24715
23863
23013
22244
21428
20614
19919
19153
18545
17836
17192
16556
16034
15433
14910
14351
13732
13263
12665
12233
11828
11392
10910
10334
9835
9322
8828
8363
7966
7567
7184
6965
6562
6364
6073
5770
5495
5178
4947
4741
4572
4424
4308
4132
3931
3754
3533
3402
3257
3063
2929
2830
2715
2640
2506
2387
2288
2235
2112
2031
1912
1820
1781
1696
1639
1524
1423
1336
1239
1161
1072
1026
946
893
847
793
771
741
700
678
659
606
571
508
468
418
383
340
315
271
260
249
224
191
171
165
153
139
124
109
99
88
86
92
91
84
73
61
48
40
32
29
23
20
17
13
9
8
7
5
5
5
4
3
2
2
1
0
0
0
0
0
0
0
0
0
0
0
0
0
0
0
0
0
0
0
0
0
0
0
0
0
0
0
0
0
0
0
0
0
0
0
0
0
0
0
0
0
0
0
0
0
0
0
0
0
0
0
0
0
0
0
0
