0
0
0
0
0
1
1
1
1
1
2
2
5
5
6
7
11
14
15
15
16
17
19
23
26
27
29
27
30
30
29
30
33
36
37
37
39
35
36
38
39
42
43
43
44
43
39
39
40
40
44
44
45
47
51
52
54
54
54
58
60
62
66
66
65
67
67
65
66
67
68
67
68
66
69
68
70
71
69
69
69
69
67
66
64
65
66
66
65
64
65
65
65
65
65
66
64
64
63
63
62
59
58
57
58
59
58
58
57
57
57
53
51
50
50
48
48
49
48
46
46
45
42
43
41
40
39
39
38
39
38
38
39
38
38
38
38
38
36
37
36
34
33
32
32
32
31
32
31
31
31
30
30
30
30
30
29
28
27
25
24
24
23
23
23
24
24
25
26
24
24
24
24
24
24
23
23
23
23
22
21
21
21
21
21
21
21
21
21
20
19
19
19
19
19
20
20
20
20
20
18
16
17
17
17
17
18
17
17
16
16
16
14
14
14
14
15
16
16
15
14
12
11
11
10
10
10
10
10
9
11
10
9
9
9
9
8
8
8
8
8
6
7
7
7
8
8
8
8
8
8
8
7
8
8
8
8
8
8
8
8
9
9
11
12
12
12
11
11
11
11
12
12
11
9
10
10
9
8
10
10
11
11
11
10
10
10
8
8
8
8
10
10
10
10
9
9
9
8
9
8
9
8
8
8
8
8
8
7
8
8
9
8
8
8
9
10
10
10
10
10
10
10
9
11
11
12
12
13
12
12
13
12
12
11
11
11
11
11
11
12
12
12
13
14
13
13
13
15
15
16
16
16
16
17
16
16
16
16
16
16
16
16
16
16
16
15
13
14
15
15
14
15
15
15
15
16
16
15
16
16
15
17
17
18
18
17
16
17
17
17
15
15
14
14
14
14
14
14
14
13
13
13
14
14
14
13
13
11
11
10
10
9
9
9
9
9
9
10
10
10
9
8
8
8
7
8
7
7
7
6
6
6
6
6
6
6
6
6
6
6
6
6
7
7
7
7
7
6
6
6
7
6
5
5
5
5
5
5
4
5
6
5
5
5
4
4
4
4
4
4
4
4
4
4
5
5
5
5
5
5
5
5
5
5
5
5
5
7
7
6
6
6
5
5
5
5
5
5
7
7
8
8
8
7
8
8
8
8
9
8
8
8
8
8
9
9
9
9
9
9
9
8
8
9
9
9
9
8
8
8
8
8
7
7
7
7
7
7
6
6
6
6
6
6
6
6
5
4
4
4
4
4
4
4
4
4
4
4
4
4
4
4
4
4
4
4
4
4
4
4
4
4
4
4
4
4
4
4
4
4
3
3
3
3
3
3
3
3
2
2
2
2
2
2
0
1
1
1
1
