25
45
68
82
108
133
160
181
201
224
243
269
294
314
335
355
378
409
426
439
463
486
504
519
537
548
567
583
612
639
657
680
703
725
737
759
779
799
823
837
851
868
891
913
934
949
970
990
1014
1034
1049
1070
1094
1111
1132
1144
1159
1182
1201
1224
1254
1270
1293
1304
1324
1335
1357
1369
1390
1412
1433
1453
1474
1502
1522
1542
1557
1576
1598
1622
1641
1654
1670
1694
1723
1747
1758
1782
1809
1828
1843
1871
1887
1907
1926
1954
1974
1994
2018
2034
2058
2080
2100
2131
2148
2173
2195
2211
2244
2259
2278
2291
2315
2331
2357
2380
2403
2422
2443
2460
2484
2509
2529
2543
2574
2600
2625
2648
2665
2687
2703
2734
2751
2775
2800
2826
2846
2866
2880
2896
2918
2943
2958
2972
2991
3007
3024
3056
3079
3100
3123
3150
3170
3201
3223
3244
3254
3271
3290
3308
3325
3343
3360
3387
3414
3430
3454
3477
3487
3507
3527
3557
3573
3589
3615
3637
3658
3678
3705
3724
3754
3777
3798
3818
3835
3857
3874
3901
3919
3939
3967
3987
4013
4036
4062
4089
4116
4131
4149
4170
4193
4217
4239
4267
4287
4308
4334
4357
4382
4406
4429
4445
4469
4488
4501
4522
4549
4576
4591
4611
4632
4656
4680
4700
4727
4760
4784
4802
4824
4837
4858
4874
4893
4920
4947
4968
4987
5007
5028
5038
5061
5080
5100
5122
5139
5170
5193
5219
5233
5256
5272
5291
5308
5331
5357
5379
5398
5425
5448
5467
5486
5520
5539
5555
5583
5599
5623
5644
5661
5681
5701
5720
5740
5770
5788
5811
5830
5850
5872
5891
5910
5927
5953
5976
5997
6022
6041
6057
6078
6099
6114
6132
6158
6183
6203
6230
6249
6265
6284
6300
6329
6355
6375
6407
6431
6448
6471
6498
6508
6532
6556
6574
6586
6602
6621
6647
6661
6678
6699
6723
6735
6748
6768
6801
6824
6846
6858
6882
6902
6928
6942
6964
6987
6999
7015
7038
7058
7079
7102
7120
7140
7162
7183
7207
7229
7251
7278
7293
7315
7343
7361
7383
7407
7435
7465
7489
7504
7526
7536
7558
7578
7599
7622
7646
7667
7701
7725
7739
7756
7778
7799
7817
7837
7855
7874
7889
7909
7935
7966
7996
8014
8038
8056
8077
8101
8112
8131
8153
8183
8207
8232
8255
8275
8294
8315
8333
8348
8377
8398
8412
8436
8461
8487
8512
8535
8558
8578
8603
8629
8651
8671
8689
8713
8731
8757
8780
8798
8818
8828
8856
8883
8904
8924
8940
8962
8979
9013
9042
9061
9081
9106
9128
9153
9178
9195
9212
9231
9250
9265
9282
9299
9315
9336
9357
9379
9404
9428
9447
9466
9494
9514
9535
9554
9579
9592
9612
9629
9645
9663
9690
9704
9726
9746
9764
9786
9817
9842
9861
9891
9914
9938
9962
9980
10005
10027
10040
10052
10075
10097
10116
10141
10165
10190
10208
10228
10249
10272
10290
10311
10333
10350
10374
10400
10423
10440
10455
10477
10501
10519
10541
10561
10582
10598
10621
10640
10669
10692
10725
10746
10764
10776
10804
10833
10856
10870
10898
10916
10935
10954
10977
10993
11013
11041
11063
11084
11103
11120
11141
11160
11170
11187
11213
11237
11255
11278
11299
11326
11353
11384
11416
11434
11462
11488
11507
11524
11545
11564
11584
11608
11628
11645
11662
11692
11714
11732
11765
11792
11814
11842
11874
11895
11913
11929
11948
11980
12006
12036
12063
12080
12099
12119
12139
12159
12182
12206
12226
12245
12265
12286
12307
12319
12339
12363
12385
12406
12432
12460
12479
12497
12517
12539
12566
12581
12605
12624
12645
12668
12681
12708
12728
