16
47
64
93
117
143
165
185
214
243
259
286
301
316
335
347
365
390
403
425
449
470
501
520
543
566
587
613
628
647
667
691
708
732
749
754
774
799
822
835
856
868
883
891
922
939
960
991
1008
1023
1045
1066
1092
1104
1126
1143
1159
1189
1216
1233
1255
1281
1300
1325
1358
1380
1401
1421
1436
1461
1476
1492
1511
1535
1555
1579
1597
1615
1636
1659
1677
1689
1716
1739
1749
1777
1801
1817
1832
1852
1872
1889
1914
1934
1949
1968
1982
2010
2028
2044
2071
2096
2117
2138
2160
2177
2200
2214
2230
2252
2272
2283
2301
2318
2340
2358
2376
2394
2420
2443
2461
2489
2508
2528
2542
2570
2598
2616
2646
2666
2691
2710
2730
2749
2778
2795
2806
2822
2853
2882
2900
2931
2951
2968
2997
3016
3037
3056
3078
3101
3120
3144
3169
3195
3225
3250
3271
3296
3317
3336
3357
3377
3397
3420
3438
3459
3482
3503
3526
3546
3567
3585
3610
3629
3652
3668
3681
3698
3721
3755
3777
3801
3827
3845
3870
3886
3908
3929
3952
3970
3992
4009
4039
4060
4072
4096
4117
4141
4160
4184
4197
4217
4249
4265
4284
4304
4320
4345
4365
4381
4396
4413
4438
4455
4482
4506
4528
4555
4581
4600
4619
4636
4664
4685
4707
4727
4741
4758
4773
4796
4819
4840
4868
4893
4912
4934
4958
4982
5006
5026
5052
5082
5104
5124
5148
5171
5191
5216
5237
5257
5276
5297
5314
5342
5365
5386
5403
5426
5455
5482
5507
5527
5547
5567
5589
5611
5635
5656
5672
5691
5707
5725
5744
5762
5780
5799
5827
5850
5869
5890
5914
5935
5946
5965
5982
5998
6013
6035
6048
6062
6086
6107
6126
6149
6174
6195
6218
6237
6257
6290
6313
6333
6354
6379
6407
6437
6457
6479
6507
6521
6548
6563
6582
6607
6637
6662
6682
6695
6722
6744
6771
6794
6814
6832
6861
6890
6913
6944
6963
6983
7012
7028
7053
7073
7089
7106
7131
7155
7173
7199
7223
7251
7275
7300
7313
7326
7349
7378
7404
7423
7443
7471
7492
7517
7543
7563
7591
7617
7639
7658
7674
7694
7711
7740
7765
7784
7806
7822
7841
7866
7883
7901
7914
7938
7957
7975
7996
8020
8041
8058
8079
8101
8117
8142
8169
8192
8212
8231
8260
8279
8299
8316
8336
8357
8377
8398
8423
8438
8450
8469
8506
8526
8544
8565
8581
8601
8626
8641
8665
8684
8704
8725
8750
8774
8795
8810
8831
8853
8877
8891
8910
8929
8946
8972
8993
9005
9028
9053
9070
9097
9118
9145
9165
9184
9211
9234
9250
9268
9284
9311
9336
9350
9372
9400
9416
9435
9451
9472
9489
9512
9543
9566
9594
9621
9646
9669
9683
9708
9725
9750
9771
9793
9808
9831
9853
9874
9891
9908
9931
9957
9983
10013
10032
10057
10080
10090
10115
10143
10166
10184
10203
10218
10244
10270
10286
10311
10336
10354
10380
10406
10428
10447
10473
10493
10510
10534
10550
10574
10593
10611
10629
10649
10668
10691
10710
10729
10750
10770
10793
10816
10847
10877
10901
10930
10950
10967
10989
11007
11028
11050
11069
11094
11121
11149
11174
11195
11211
11228
11251
11266
11290
11312
11342
11361
11377
11403
11417
11434
11457
11472
11485
11513
11535
11556
11574
11592
11609
11632
11659
11680
11700
11728
11753
11784
11812
11829
11847
11867
11891
11908
11934
11959
11984
12007
12026
12055
12079
12102
12121
12139
12167
12193
12217
12233
12262
12285
12305
12322
12350
12384
12413
12432
12452
12477
12499
12526
12544
12564
12596
12621
12639
12654
12664
12680
12694
12711
12740
12761
12780
12797
