28
44
65
91
115
128
146
167
179
204
218
237
255
271
294
319
345
358
384
412
428
455
468
489
513
531
543
564
587
606
627
651
680
694
709
731
744
767
791
801
824
843
874
899
919
940
950
966
994
1010
1022
1036
1057
1073
1089
1113
1131
1146
1173
1200
1220
1241
1266
1284
1306
1323
1341
1361
1382
1399
1422
1436
1453
1479
1497
1515
1538
1557
1572
1584
1599
1618
1634
1659
1680
1707
1738
1758
1782
1800
1824
1843
1857
1872
1902
1922
1948
1963
1979
2006
2031
2055
2077
2094
2112
2136
2151
2167
2185
2207
2237
2263
2287
2311
2337
2356
2369
2395
2414
2434
2454
2479
2491
2515
2536
2559
2590
2607
2627
2651
2680
2697
2713
2736
2756
2774
2795
2817
2841
2857
2880
2897
2920
2944
2965
2982
2997
3019
3032
3047
3064
3084
3106
3129
3146
3172
3198
3225
3247
3263
3283
3307
3319
3341
3358
3378
3402
3429
3455
3476
3497
3521
3553
3577
3596
3610
3629
3660
3674
3701
3724
3744
3766
3792
3810
3823
3849
3870
3891
3912
3930
3952
3973
3987
4012
4031
4054
4075
4091
4116
4142
4165
4184
4206
4218
4235
4262
4279
4305
4324
4350
4367
4392
4420
4438
4461
4482
4502
4524
4538
4559
4577
4600
4618
4637
4660
4682
4702
4730
4744
4766
4790
4813
4835
4853
4869
4885
4904
4927
4944
4969
4993
5007
5037
5060
5075
5094
5114
5136
5162
5182
5193
5209
5230
5246
5266
5288
5302
5319
5333
5345
5372
5393
5417
5434
5454
5481
5499
5519
5539
5563
5579
5599
5619
5643
5663
5677
5695
5713
5727
5751
5772
5795
5821
5844
5862
5878
5897
5915
5937
5955
5975
6000
6023
6049
6067
6086
6113
6129
6156
6175
6197
6216
6238
6258
6278
6294
6305
6330
6362
6380
6404
6428
6447
6464
6486
6508
6523
6538
6569
6595
6619
6638
6658
6678
6687
6705
6721
6744
6772
6796
6810
6824
6855
6871
6888
6905
6923
6940
6968
6996
7014
7038
7059
7077
7107
7131
7156
7180
7202
7220
7236
7254
7276
7297
7314
7336
7356
7388
7411
7433
7453
7466
7483
7504
7525
7548
7574
7588
7609
7630
7655
7676
7693
7710
7731
7751
7781
7804
7825
7844
7864
7888
7911
7934
7944
7968
7991
8006
8024
8050
8062
8075
8094
8125
8148
8167
8190
8215
8238
8257
8276
8303
8327
8350
8382
8403
8417
8442
8470
8487
8509
8531
8551
8572
8588
8600
8626
8649
8676
8705
8730
8749
8767
8790
8810
8832
8854
8868
8889
8913
8930
8956
8986
9010
9031
9056
9079
9090
9106
9124
9148
9166
9193
9211
9231
9253
9269
9288
9310
9331
9347
9384
9410
9430
9448
9472
9493
9520
9548
9571
9593
9617
9651
9662
9679
9695
9713
9730
9747
9774
9794
9821
9839
9862
9891
9912
9931
9952
9983
10000
10024
10045
10070
10086
10106
10125
10147
10176
10199
10220
10246
10265
10288
10314
10337
10360
10381
10398
10417
10440
10459
10479
10501
10518
10535
10562
10586
10615
10637
10659
10687
10705
10719
10745
10781
10801
10820
10843
10861
10882
10903
10929
10947
10974
10998
11011
11030
11050
11074
11092
11115
11136
11145
11160
11187
11211
11229
11242
11271
11288
11307
11325
11347
11373
11398
11424
11443
11470
11490
11513
11542
11566
11583
11597
11612
11638
11658
11675
11702
11721
11741
11767
11784
11804
11825
11847
11874
11892
11914
11943
11954
11977
11995
12023
12050
12069
12092
12111
12133
12153
12177
12201
12218
12242
12265
12298
12312
12331
12347
12369
12393
12411
12437
12452
12469
12490
12515
12533
12552
