0
1
4
14
17
21
24
34
44
56
66
74
87
93
105
110
118
120
136
139
148
154
158
157
162
173
179
185
186
191
204
210
213
211
209
215
219
231
234
235
243
243
241
239
240
241
243
250
251
253
250
253
252
247
253
254
258
262
270
277
278
279
282
280
280
279
284
293
296
296
296
296
293
297
302
302
302
298
300
305
304
304
293
295
293
283
284
276
276
276
272
271
267
266
262
263
253
259
260
255
253
245
248
246
246
246
244
246
244
241
237
236
229
230
230
231
231
237
243
238
233
239
235
235
233
229
234
236
239
239
234
234
233
223
216
214
219
214
211
209
210
208
204
194
191
188
185
187
187
190
192
192
195
192
193
186
186
185
186
182
184
181
183
181
174
171
173
175
174
173
179
176
177
177
178
181
180
178
173
175
178
178
177
177
174
167
163
164
163
162
163
163
160
155
152
154
157
157
159
154
154
151
152
155
152
153
151
155
154
154
152
157
161
157
153
153
151
149
152
153
157
159
163
165
162
162
155
151
151
151
151
150
150
155
154
156
156
158
158
162
160
164
164
166
166
163
158
159
154
153
152
150
150
149
153
154
157
157
158
161
164
162
163
168
172
173
173
170
173
173
174
175
174
172
172
174
174
176
184
183
188
196
200
205
208
210
214
211
214
212
215
210
209
206
206
211
208
205
211
209
207
210
206
206
200
204
195
191
186
180
185
190
197
198
195
195
202
204
199
200
198
200
202
204
205
209
204
208
211
212
209
215
212
206
201
203
208
206
205
206
204
209
212
207
204
207
212
211
208
207
212
215
219
220
222
226
229
229
223
218
221
217
215
214
211
216
211
206
207
204
200
200
202
196
196
197
193
190
188
186
188
188
190
187
187
184
186
188
185
185
183
185
182
182
181
182
181
181
186
184
180
178
176
173
166
167
169
165
159
163
163
158
158
154
152
148
152
149
147
148
149
141
136
132
134
130
128
127
127
128
131
128
128
127
123
123
122
122
118
113
112
109
108
108
104
99
96
97
90
87
90
88
88
87
84
81
81
82
79
79
76
75
76
74
74
74
73
72
68
68
67
67
66
66
65
63
62
62
61
58
57
52
49
48
47
44
39
38
36
36
36
35
33
32
31
30
29
29
29
28
27
27
26
25
23
23
23
23
23
22
20
19
17
15
14
14
14
13
13
13
13
12
12
11
10
10
9
9
9
8
8
8
8
8
8
7
7
6
5
5
5
5
5
5
3
3
2
2
2
2
1
1
1
1
1
1
1
1
1
1
1
1
1
1
1
1
1
1
1
1
1
1
1
1
1
1
1
1
1
1
1
1
1
1
1
1
1
1
1
1
1
1
1
1
1
1
1
1
1
1
