0
3
6
11
17
23
28
40
49
62
75
81
92
97
101
105
117
120
129
132
140
141
146
153
162
170
173
173
177
177
184
176
181
185
189
196
205
202
199
203
207
218
224
227
232
230
240
240
241
238
247
256
270
267
275
269
271
272
277
275
273
269
274
275
280
283
279
275
278
279
285
293
297
298
297
301
296
298
295
289
288
292
293
293
291
291
288
282
283
280
277
273
269
272
274
270
262
258
259
262
259
263
264
260
261
260
262
260
262
262
260
256
258
256
250
240
242
239
239
235
231
229
222
222
221
220
215
217
213
204
207
205
206
204
201
198
191
193
192
195
193
188
181
182
177
173
178
178
174
169
171
167
167
169
171
165
162
165
164
163
160
157
155
158
159
158
160
157
159
158
158
151
152
153
152
155
150
151
150
150
149
151
152
150
153
152
149
154
150
148
151
147
148
149
144
139
137
134
132
131
132
132
129
129
132
130
131
126
125
125
130
131
136
138
134
133
128
130
132
135
137
139
140
142
151
151
150
150
154
151
151
156
156
155
155
158
149
150
151
151
151
147
145
144
144
143
141
143
144
144
146
153
145
151
154
155
156
158
154
164
162
163
161
164
160
160
159
156
156
158
155
159
162
162
162
165
170
166
168
170
171
170
176
174
172
170
169
171
170
170
173
177
178
172
168
165
165
166
162
169
171
173
178
175
176
186
192
194
193
196
200
196
192
197
200
202
201
202
200
199
198
210
214
212
211
217
216
210
211
213
212
210
206
196
196
195
194
192
195
198
201
205
203
201
202
200
202
204
206
206
211
211
207
214
211
208
211
207
206
206
207
201
202
201
200
196
196
196
189
187
185
179
179
177
175
174
178
183
179
178
174
172
174
173
176
173
174
170
173
172
170
168
166
162
162
159
155
152
151
145
143
140
139
139
134
129
129
127
122
120
120
116
112
109
106
102
101
98
95
95
91
92
92
92
92
92
88
87
84
80
80
78
76
75
72
71
66
62
62
60
59
57
55
54
54
54
54
53
49
47
46
45
42
40
39
37
36
35
32
30
30
30
30
29
28
27
27
26
26
26
24
24
24
24
23
23
23
22
22
20
21
20
21
21
20
20
20
20
20
17
16
15
14
13
13
13
13
12
12
12
12
12
12
11
11
11
10
10
8
8
8
8
8
8
7
6
6
6
6
6
6
5
5
5
5
5
5
5
5
5
5
5
5
5
5
5
5
5
5
5
5
5
5
4
4
4
4
4
4
4
4
4
4
4
4
4
4
4
3
3
3
3
3
3
3
3
3
3
3
3
3
2
2
2
2
2
2
2
2
2
2
2
2
2
2
2
2
2
2
2
2
2
2
2
2
2
2
2
2
2
