1
1
2
3
6
17
23
29
40
57
66
79
91
98
105
114
129
135
144
149
152
161
163
175
177
178
189
193
193
197
200
208
214
219
218
227
232
247
253
255
256
260
245
247
252
251
258
258
259
260
262
266
261
262
256
258
267
264
262
265
265
270
267
267
273
271
267
271
268
271
266
271
270
272
270
271
267
269
276
281
280
274
273
278
277
280
275
279
280
278
278
272
272
273
279
280
274
276
271
268
276
276
279
277
279
278
274
264
257
253
254
255
258
258
262
261
263
262
263
259
256
249
257
260
262
258
251
245
247
245
247
243
238
236
231
228
232
233
231
229
225
218
215
215
213
209
210
202
200
199
202
203
200
194
188
186
181
180
177
170
168
167
164
163
157
156
157
156
160
157
159
156
153
156
157
151
148
154
150
146
143
143
147
150
148
151
151
152
150
151
149
147
145
147
145
144
147
144
146
147
146
143
141
138
133
130
131
128
126
125
129
127
129
132
133
133
135
139
139
145
147
146
148
149
149
152
152
154
158
160
162
162
158
163
161
161
164
165
167
169
170
175
174
174
172
171
173
178
176
173
170
170
171
165
165
162
165
169
174
172
176
177
174
169
170
174
176
176
184
186
183
182
177
187
183
184
177
183
180
181
186
190
187
189
185
186
195
198
197
197
198
189
192
197
198
198
192
193
192
189
187
189
192
194
197
199
201
197
199
195
200
201
199
194
191
192
191
184
192
199
195
195
198
201
206
203
199
199
199
195
197
197
195
203
196
198
195
196
195
198
204
202
201
205
198
202
204
199
197
198
206
207
204
203
208
215
214
210
212
210
210
213
211
207
206
207
204
198
194
193
196
198
195
194
185
182
184
181
180
180
178
177
178
178
179
174
173
172
174
170
166
172
166
161
157
149
145
152
152
153
155
155
155
155
152
152
156
159
157
158
154
154
155
149
141
142
144
142
142
143
145
141
138
140
140
143
145
145
148
148
148
150
149
145
146
144
144
146
144
141
146
145
145
141
141
147
147
148
148
145
143
144
142
138
138
135
138
141
138
140
145
146
151
152
149
150
149
148
145
141
138
139
134
136
140
133
137
132
131
133
133
134
130
131
128
129
130
128
130
128
130
129
132
135
134
143
141
139
139
140
140
142
144
146
147
151
149
150
147
150
154
152
153
148
150
147
143
142
144
138
137
135
131
128
122
125
124
125
126
126
125
122
123
125
118
116
113
111
110
110
108
107
103
105
99
97
95
94
92
92
90
87
88
87
85
87
84
79
79
78
76
73
72
72
71
70
68
69
69
67
65
63
62
61
58
56
56
53
52
51
47
46
45
43
40
39
38
38
36
34
32
32
30
29
26
25
24
24
24
23
