0
1
3
6
8
15
18
27
33
43
55
62
66
74
76
90
100
108
114
123
135
140
139
145
146
157
165
168
178
187
192
203
204
211
215
219
222
227
230
233
237
241
243
242
247
251
255
255
255
255
255
254
261
260
266
261
263
261
261
257
260
261
258
253
260
263
263
267
263
261
265
265
260
259
257
255
260
269
268
267
263
260
256
258
266
265
258
257
258
257
253
256
258
257
253
245
247
246
244
240
246
248
241
244
238
246
248
241
241
240
243
239
235
239
241
237
236
234
232
229
228
233
231
227
226
224
221
215
210
206
206
205
201
202
198
195
194
195
194
194
198
195
193
186
182
186
181
180
176
179
175
171
173
175
178
175
175
174
170
169
166
166
164
163
161
159
161
158
160
157
160
158
158
158
156
157
159
159
159
156
156
152
150
150
152
154
157
159
156
159
160
160
157
158
153
151
153
153
151
154
154
151
146
146
147
144
146
146
144
145
145
147
144
143
150
145
146
143
141
139
143
144
141
142
144
150
156
158
158
158
150
147
146
148
144
149
150
151
157
149
151
153
156
157
156
151
153
158
160
155
154
154
151
153
150
155
157
157
162
166
166
173
175
175
173
174
170
168
167
168
167
162
163
162
161
161
161
165
170
173
168
171
175
172
175
176
177
179
183
182
182
180
180
184
182
184
184
180
180
182
181
183
185
189
188
185
182
184
182
178
179
179
178
177
174
176
178
182
180
179
182
186
189
191
194
188
189
196
206
208
209
214
217
213
209
207
211
208
206
206
208
213
221
221
219
217
219
219
220
218
222
220
222
226
223
224
224
225
228
220
219
218
210
212
208
217
223
223
221
223
221
222
217
213
210
210
206
203
204
203
197
190
190
186
190
191
188
184
181
174
175
170
168
167
165
162
160
160
156
153
153
149
149
150
148
141
137
136
133
128
124
122
120
123
117
113
112
107
101
98
96
97
95
92
91
90
89
91
87
83
82
81
77
76
76
76
74
73
70
69
67
67
65
64
63
61
60
57
55
55
53
53
54
53
52
48
47
47
46
46
43
42
41
41
40
40
36
34
32
31
31
30
30
28
27
27
26
26
26
26
26
25
25
24
23
21
21
20
18
18
18
18
18
16
16
16
15
15
15
14
14
14
14
14
14
14
14
13
12
12
12
12
12
12
12
12
12
12
12
12
12
12
12
11
11
11
11
11
11
11
11
11
11
9
9
9
7
7
7
7
7
7
7
6
6
6
6
6
6
6
5
4
4
4
4
4
4
4
4
4
4
4
4
4
4
4
4
4
4
4
4
4
4
4
4
4
4
4
4
4
4
4
4
4
4
3
3
3
3
3
3
3
2
2
2
2
2
2
2
2
