16
28
30
29
32
38
40
39
39
38
38
45
42
43
33
31
30
38
28
29
24
34
36
40
42
36
42
38
39
35
32
33
32
36
43
43
50
42
39
44
39
45
46
47
39
38
41
47
58
64
62
65
64
65
63
64
68
69
67
63
74
83
80
88
91
90
91
86
85
93
94
92
99
100
99
103
106
110
114
111
120
121
119
120
122
130
130
133
136
135
142
145
153
152
157
163
168
165
178
188
194
209
206
206
216
216
222
227
233
239
250
253
261
265
271
268
275
277
278
287
298
304
311
319
321
334
343
347
353
357
365
367
375
379
384
382
389
395
406
410
420
430
438
451
457
460
467
468
477
484
492
496
503
508
509
522
531
532
536
542
549
556
558
562
575
590
594
601
607
619
628
636
647
656
667
672
685
693
695
704
712
721
729
738
751
756
763
773
783
786
794
800
802
812
818
825
832
840
841
843
851
864
873
884
889
896
908
912
921
927
935
939
948
952
962
969
977
983
983
986
987
993
994
1005
1012
1017
1025
1038
1044
1051
1058
1064
1063
1070
1083
1087
1099
1110
1117
1120
1134
1138
1145
1148
1158
1164
1166
1170
1184
1183
1190
1192
1204
1211
1214
1218
1222
1231
1237
1242
1248
1255
1260
1264
1269
1279
1284
1289
1295
1299
1300
1300
1301
1310
1316
1318
1333
1337
1335
1343
1340
1333
1331
1330
1331
1338
1337
1341
1347
1347
1345
1351
1359
1370
1372
1370
1378
1389
1396
1408
1407
1406
1409
1419
1425
1432
1444
1454
1468
1476
1476
1479
1475
1478
1488
1489
1503
1513
1515
1523
1528
1527
1529
1536
1540
1541
1552
1558
1567
1573
1577
1584
1593
1599
1609
1619
1615
1629
1631
1639
1641
1645
1649
1657
1659
1661
1660
1667
1675
1677
1681
1690
1684
1689
1689
1693
1697
1714
1718
1721
1723
1728
1733
1744
1755
1758
1760
1768
1769
1775
1786
1782
1789
1799
1806
1811
1818
1822
1824
1830
1834
1842
1848
1851
1855
1863
1865
1875
1880
1888
1890
1888
1898
1902
1914
1920
1927
1943
1942
1947
1964
1966
1969
1975
1987
1992
1990
1997
2001
2006
2018
2032
2038
2047
2051
2052
2056
2061
2069
2077
2092
2104
2109
2122
2125
2131
2135
2140
2149
2150
2153
2168
2170
2179
2188
2201
2209
2213
2221
2235
2243
2252
2261
2266
2281
2288
2304
2314
2327
2337
2341
2354
2367
2377
2390
2397
2406
2420
2426
2437
2454
2466
2478
2491
2494
2506
2518
2532
2544
2558
2564
2571
2579
2592
2599
2609
2620
2634
2644
2659
2673
2680
2687
2698
2709
2719
2743
2748
2755
2763
2779
2794
2811
2829
2844
2851
2859
2870
2882
2891
2904
2913
2924
2936
2951
2962
2972
2983
2992
3005
3018
3028
3040
3052
3063
3074
3076
3089
3097
3112
3122
3131
3137
3148
3156
3172
3182
3194
3205
3218
3226
3232
3245
3253
3263
3269
3279
3288
3297
3320
3330
3339
3346
3354
3365
3378
3389
3401
3407
3414
3425
3435
3447
3461
3469
3482
3489
3496
3503
3522
3537
3549
3558
3569
3580
3587
3599
3606
3611
3620
3631
3641
3649
3664
3676
3683
3692
3701
3707
3722
3734
3741
3758
3768
3781
3787
3808
3820
3827
3832
3849
3858
3870
3885
3898
3909
3913
3927
3936
3945
