8
19
27
37
39
44
51
47
44
41
39
41
45
45
42
43
38
44
44
45
41
39
36
39
43
44
47
38
35
32
32
24
31
33
32
37
43
42
43
46
38
40
42
38
43
42
37
45
41
48
51
50
51
56
65
62
57
61
56
56
57
65
73
79
86
89
89
92
93
87
86
93
90
104
105
109
115
115
118
121
133
129
131
132
130
134
139
141
141
150
156
162
160
166
175
183
186
189
200
206
209
213
219
223
225
221
216
218
225
230
236
243
244
242
247
252
254
252
258
263
264
265
268
278
280
287
299
305
319
329
337
336
348
359
364
368
370
374
385
387
396
409
410
410
415
426
440
449
460
471
477
477
483
493
492
495
500
510
523
528
532
534
543
552
566
575
581
586
601
606
613
622
635
645
657
663
678
679
685
694
707
722
722
725
734
745
749
754
762
774
788
793
793
796
800
816
820
824
837
840
849
853
868
874
876
880
888
891
899
909
913
917
928
941
946
953
960
972
974
982
996
999
1008
1016
1020
1032
1038
1042
1044
1051
1056
1061
1065
1075
1088
1092
1096
1101
1104
1108
1109
1114
1117
1129
1133
1136
1137
1140
1143
1151
1155
1157
1161
1166
1181
1184
1185
1189
1190
1200
1201
1206
1213
1218
1219
1226
1231
1240
1248
1252
1257
1265
1271
1276
1285
1293
1299
1312
1323
1330
1333
1334
1342
1339
1344
1347
1352
1361
1362
1374
1373
1381
1389
1393
1397
1404
1407
1412
1415
1415
1418
1422
1427
1434
1436
1442
1446
1451
1459
1461
1463
1467
1468
1475
1475
1485
1486
1497
1511
1508
1513
1524
1530
1542
1546
1551
1553
1555
1567
1568
1575
1584
1587
1582
1588
1593
1598
1606
1616
1626
1629
1636
1639
1645
1647
1656
1662
1673
1674
1674
1689
1693
1695
1694
1703
1708
1713
1715
1725
1724
1733
1734
1741
1747
1753
1753
1758
1769
1775
1776
1782
1790
1799
1811
1809
1820
1828
1829
1835
1842
1850
1850
1859
1863
1870
1879
1886
1894
1901
1912
1924
1934
1948
1959
1971
1974
1984
1992
1996
2005
2014
2023
2034
2036
2049
2057
2069
2074
2088
2097
2107
2118
2131
2140
2148
2163
2169
2182
2189
2195
2205
2214
2227
2238
2253
2265
2269
2277
2292
2301
2313
2319
2327
2338
2350
2368
2377
2385
2392
2402
2410
2419
2433
2446
2452
2459
2473
2478
2491
2498
2505
2515
2524
2532
2543
2549
2556
2562
2570
2579
2589
2606
2616
2635
2651
2660
2673
2684
2694
2703
2711
2722
2734
2758
2769
2779
2787
2800
2812
2824
2830
2836
2848
2859
2874
2884
2888
2900
2912
2923
2931
2948
2959
2973
2985
2993
3005
3010
3019
3027
3033
3042
3047
3056
3066
3080
3091
3097
3107
3120
3128
3138
3144
3153
3165
3173
3186
3194
3205
3216
3231
3235
3243
3254
3265
3275
3287
3293
3305
3322
3329
3342
3349
3369
3378
3386
3401
3409
3422
3432
3444
3455
3463
3475
3488
3501
3510
3515
3526
3533
3543
3553
3569
3577
3584
3591
3607
3613
3627
3637
3648
3654
3665
3676
3686
3701
3708
3717
3726
3738
3748
3763
3772
3784
3792
3805
3811
3824
3835
3843
3857
3869
3878
3888
3897
3908
3923
3933
3946
3958
3970
3981
3994
4010
4026
4035
4051
4062
4076
4087
