546
599
667
747
820
905
1006
1094
1191
1308
1425
1542
1694
1799
1932
2097
2267
2433
2612
2771
2925
3115
3296
3504
3678
3857
4106
4335
4517
4727
4996
5201
5466
5679
5966
6219
6539
6788
6980
7245
7529
7785
8089
8390
8719
8988
9300
9629
9916
10212
10475
10809
11050
11360
11618
11979
12199
12456
12764
13021
13215
13566
13816
14089
14362
14578
14920
15102
15300
15448
15589
15739
15877
16044
16052
16142
16301
16509
16616
16673
16789
16964
17139
17262
17379
17478
17543
17632
17795
17927
17952
18000
18102
18062
18065
18083
18087
18047
18043
18107
18090
18037
17957
17922
17928
18036
18071
18124
18111
17952
17944
17917
17884
17727
17632
17577
17509
17373
17172
17043
16943
16744
16661
16492
16444
16331
16237
16052
15881
15741
15587
15452
15324
15113
14935
14888
14753
14689
14618
14473
14243
14091
14064
14012
13936
13831
13614
13423
13270
13120
13091
13026
12939
12774
12617
12508
12411
12325
12126
12017
11910
11728
11614
11463
11352
11242
11134
11035
10971
10884
10774
10583
10540
10442
10235
10149
9989
9884
9833
9645
9428
9209
9100
8941
8806
8699
8524
8385
8250
8101
7917
7821
7742
7619
7502
7355
7245
7131
7049
6969
6875
6750
6548
6490
6403
6254
6115
6044
5988
5870
5749
5600
5442
5339
5329
5228
5078
4958
4867
4677
4566
4394
4299
4206
4094
3967
3840
3787
3705
3631
3539
3469
3429
3364
3312
3214
3152
3045
2956
2901
2850
2791
2732
2672
2641
2565
2497
2466
2452
2339
2265
2204
2113
2085
2034
1997
1948
1914
1881
1841
1792
1762
1718
1663
1629
1552
1501
1437
1383
1329
1292
1265
1219
1199
1150
1092
1047
1007
949
905
868
873
838
831
810
802
780
769
730
709
691
664
617
609
569
554
548
530
516
499
484
472
442
425
401
391
375
356
325
317
295
274
268
272
266
251
248
234
213
188
176
165
154
156
148
143
143
131
126
124
110
110
105
97
101
96
86
84
75
68
59
59
54
57
48
43
43
41
37
33
33
31
30
27
25
20
22
18
16
15
14
12
12
8
7
6
4
4
4
5
5
5
5
4
3
3
4
3
4
3
3
4
4
3
3
4
4
3
2
1
1
1
2
3
3
4
4
5
5
4
2
2
2
2
2
2
2
3
2
2
0
0
0
0
0
0
0
0
0
0
0
0
0
0
0
0
0
0
0
0
0
0
0
0
0
0
0
0
0
0
0
0
0
0
0
0
0
0
0
0
0
0
0
0
0
0
0
0
0
0
0
0
0
0
0
0
0
0
0
0
0
0
0
0
0
0
0
0
0
0
0
0
0
0
0
0
0
0
0
0
0
0
0
0
0
0
0
0
0
0
0
0
0
0
0
0
0
0
0
0
0
0
0
0
0
0
0
0
0
0
0
0
0
0
0
0
0
0
0
0
0
0
0
0
0
0
0
0
0
0
0
0
0
0
0
0
0
0
0
0
0
0
0
0
0
0
0
0
0
0
0
0
0
0
0
0
0
0
0
0
0
0
0
0
0
0
0
0
0
0
0
0
0
0
0
0
0
0
0
0
0
0
0
0
0
0
0
0
0
0
