553
625
692
774
855
941
1035
1138
1241
1365
1484
1610
1764
1893
2035
2167
2329
2525
2730
2907
3124
3331
3556
3750
3978
4236
4509
4738
5050
5269
5550
5883
6195
6520
6834
7117
7430
7809
8124
8469
8887
9238
9565
9836
10177
10507
10872
11307
11684
12073
12387
12644
13044
13400
13650
13946
14299
14540
14794
15078
15302
15569
15792
16079
16349
16538
16798
17036
17356
17623
17765
17952
18188
18431
18626
18789
18934
19192
19321
19493
19644
19890
20041
20189
20289
20469
20698
20811
20871
21087
21208
21324
21459
21616
21581
21588
21695
21696
21678
21649
21665
21659
21654
21723
21617
21557
21586
21569
21454
21415
21288
21194
21142
21019
20850
20775
20688
20581
20428
20287
20050
20003
19968
19941
19816
19728
19675
19626
19511
19432
19428
19375
19345
19335
19189
18975
18856
18721
18768
18714
18754
18648
18718
18710
18731
18713
18765
18601
18387
18261
18087
18005
17951
17885
17720
17500
17341
17184
16926
16698
16482
16200
16055
15854
15626
15296
15192
14931
14803
14594
14447
14241
13979
13788
13492
13262
13060
12811
12640
12519
12411
12143
11975
11786
11599
11384
11196
10991
10859
10705
10491
10345
10191
9995
9824
9678
9479
9316
9223
8974
8828
8599
8432
8315
8188
8042
7833
7676
7558
7506
7310
7141
7018
6874
6732
6580
6389
6223
6103
5907
5773
5672
5494
5374
5255
5110
4932
4744
4632
4536
4416
4303
4245
4125
4004
3889
3727
3618
3557
3474
3405
3323
3199
3111
3058
2953
2875
2831
2777
2670
2588
2518
2413
2354
2319
2231
2178
2104
2022
1970
1943
1907
1838
1750
1702
1650
1571
1502
1476
1423
1366
1325
1285
1239
1228
1197
1122
1073
1017
985
962
921
873
848
803
775
766
741
692
669
638
629
606
576
560
556
545
527
518
489
448
443
436
417
411
394
363
363
337
326
314
315
310
295
288
284
276
252
242
233
211
191
200
179
171
167
148
145
130
122
115
109
114
101
95
77
75
70
60
57
57
54
54
54
46
42
38
37
35
35
28
25
27
25
27
23
21
17
18
15
11
10
9
8
8
8
8
7
8
8
7
6
4
3
3
3
4
4
4
4
4
4
5
2
2
2
2
1
1
1
1
1
1
1
2
1
2
2
1
1
1
1
1
1
1
1
1
1
1
0
0
0
0
0
0
0
0
0
0
0
0
0
0
0
0
0
0
0
0
0
0
0
0
0
0
0
0
0
0
0
0
0
0
0
0
0
0
0
0
0
0
0
0
0
0
0
0
0
0
0
0
0
0
0
0
0
0
0
0
0
0
0
0
0
0
0
0
0
0
0
0
0
0
0
0
0
0
0
0
0
0
0
0
0
0
0
0
0
0
0
0
0
0
0
0
0
0
0
0
0
0
0
0
0
0
0
0
0
0
0
0
0
0
0
0
0
0
0
0
0
0
0
0
0
0
0
0
0
0
0
0
0
0
0
0
0
0
0
0
0
0
0
0
0
0
0
0
0
0
0
0
0
0
0
0
0
0
0
0
0
0
0
0
0
0
0
0
0
0
0
0
0
0
0
0
0
0
0
0
0
0
0
0
0
0
0
0
0
0
0
