551
609
692
770
860
957
1040
1122
1235
1338
1444
1575
1719
1876
2022
2158
2290
2446
2651
2824
3016
3233
3428
3649
3876
4096
4314
4568
4794
5076
5377
5647
5878
6168
6424
6760
7043
7309
7629
7977
8223
8550
8908
9226
9560
9895
10145
10451
10793
11144
11494
11890
12268
12571
12940
13221
13589
13936
14143
14518
14811
15187
15466
15840
16248
16429
16781
17103
17407
17652
17919
18242
18489
18770
18922
19018
19152
19293
19413
19520
19569
19792
19913
20041
20094
20153
20305
20285
20378
20470
20458
20396
20356
20368
20269
20299
20236
20323
20257
20273
20330
20247
20239
20286
20235
20185
20117
20034
20012
19858
19846
19802
19719
19549
19451
19399
19210
18991
18866
18727
18493
18337
18080
17828
17645
17388
17130
17010
16741
16478
16222
15948
15841
15639
15393
15225
15029
14814
14669
14392
14279
13917
13816
13625
13406
13139
12983
12709
12493
12338
12169
11998
11914
11740
11670
11551
11354
11136
11033
10849
10775
10631
10476
10370
10235
10064
9957
9846
9774
9645
9507
9418
9249
9143
8958
8881
8779
8681
8542
8463
8339
8255
8141
8014
7839
7710
7580
7478
7274
7226
7097
7010
6911
6787
6628
6455
6297
6155
6064
6030
5938
5817
5687
5603
5500
5377
5272
5179
5075
4951
4865
4772
4684
4576
4438
4242
4187
4050
3960
3908
3778
3663
3586
3432
3327
3230
3144
3049
2981
2890
2840
2738
2694
2638
2522
2454
2429
2377
2323
2247
2151
2084
2021
1960
1908
1827
1757
1696
1658
1612
1573
1498
1459
1413
1378
1304
1249
1184
1145
1121
1063
1034
1017
997
974
948
921
921
902
860
839
811
777
754
727
716
674
635
605
593
554
541
513
492
468
457
423
406
392
387
399
375
378
364
355
350
339
324
301
294
273
267
247
249
240
229
226
225
221
205
201
186
178
160
152
132
130
113
109
102
100
104
96
91
82
73
68
61
60
56
52
49
42
40
42
39
37
38
35
28
24
23
29
28
22
25
22
23
24
24
23
20
21
15
16
17
17
13
14
16
15
14
12
13
12
11
12
14
11
8
8
6
6
6
4
4
3
4
4
2
2
2
1
1
1
0
0
0
0
0
0
0
0
0
0
0
0
0
0
0
0
0
0
0
0
0
0
0
0
0
0
0
0
0
0
0
0
0
0
0
0
0
0
0
0
0
0
0
0
0
0
0
0
0
0
0
0
0
0
0
0
0
0
0
0
0
0
0
0
0
0
0
0
0
0
0
0
0
0
0
0
0
0
0
0
0
0
0
0
0
0
0
0
0
0
0
0
0
0
0
0
0
0
0
0
0
0
0
0
0
0
0
0
0
0
0
0
0
0
0
0
0
0
0
0
0
0
0
0
0
0
0
0
0
0
0
0
0
0
0
0
0
0
0
0
0
0
0
0
0
0
0
0
0
0
0
0
0
0
0
0
0
0
0
0
0
0
0
0
0
0
0
0
0
0
0
0
0
0
0
0
0
0
0
0
0
0
0
0
0
0
0
0
0
0
0
0
0
0
0
0
0
0
0
0
0
0
0
0
0
0
0
0
0
0
0
0
0
0
0
