2
5
10
15
25
37
50
57
70
87
102
113
126
140
153
166
178
196
209
220
234
247
265
285
295
299
317
329
341
347
363
377
394
408
419
435
448
465
478
492
509
520
533
548
559
575
593
607
618
630
648
663
675
687
703
719
728
733
747
758
764
772
779
792
804
813
827
839
850
856
869
878
887
898
909
924
935
947
955
966
978
985
994
1008
1023
1036
1042
1061
1071
1085
1091
1108
1117
1121
1132
1144
1156
1160
1167
1175
1194
1204
1213
1223
1233
1239
1247
1254
1271
1291
1299
1313
1328
1329
1332
1341
1350
1351
1376
1392
1401
1408
1414
1423
1435
1441
1445
1453
1460
1477
1491
1498
1507
1515
1524
1534
1532
1538
1546
1553
1552
1555
1566
1579
1579
1596
1607
1620
1616
1622
1625
1630
1632
1635
1642
1648
1656
1657
1662
1663
1663
1669
1673
1675
1686
1696
1701
1703
1710
1717
1719
1723
1734
1736
1738
1745
1748
1754
1763
1761
1766
1772
1779
1796
1807
1811
1812
1822
1823
1828
1838
1843
1854
1861
1861
1872
1877
1879
1886
1893
1899
1909
1910
1918
1926
1931
1939
1945
1948
1958
1967
1964
1967
1975
1979
1992
1993
1998
2005
2011
2018
2022
2021
2017
2022
2029
2033
2041
2046
2047
2055
2070
2077
2077
2086
2086
2086
2091
2101
2102
2100
2097
2108
2112
2111
2112
2103
2100
2111
2113
2114
2113
2116
2122
2128
2139
2136
2146
2150
2151
2152
2152
2153
2154
2156
2167
2173
2177
2174
2178
2174
2173
2175
2176
2174
2173
2174
2181
2190
2193
2204
2203
2215
2230
2236
2247
2255
2261
2271
2276
2276
2278
2281
2280
2289
2295
2299
2298
2295
2295
2294
2306
2311
2310
2316
2330
2326
2339
2339
2345
2358
2355
2358
2360
2361
2369
2372
2376
2384
2385
2394
2394
2397
2405
2418
2421
2427
2420
2415
2420
2420
2423
2421
2422
2425
2428
2435
2436
2446
2442
2449
2447
2455
2457
2459
2463
2469
2470
2480
2476
2480
2489
2504
2509
2509
2504
2509
2504
2503
2513
2510
2513
2515
2523
2510
2506
2503
2513
2521
2514
2515
2517
2521
2518
2522
2529
2529
2528
2522
2520
2519
2527
2525
2527
2520
2522
2520
2523
2522
2523
2522
2513
2519
2514
2519
2514
2516
2520
2516
2515
2509
2502
2506
2508
2508
2510
2509
2505
2499
2498
2502
2499
2501
2507
2514
2515
2510
2514
2512
2510
2508
2507
2509
2498
2491
2493
2489
2494
2488
2486
2481
2479
2480
2482
2478
2478
2473
2467
2465
2457
2456
2460
2458
2452
2455
2450
2448
2439
2436
2428
2426
2424
2415
2410
2405
2402
2395
2391
2390
2383
2380
2381
2375
2372
2363
2351
2340
2339
2332
2323
2319
2312
2308
2300
2294
2284
2281
2279
2269
2261
2250
2243
2236
2229
2225
2213
2199
2190
2185
2176
2169
2158
2151
2145
2141
2126
2115
2105
2094
2086
2074
2067
2060
2045
2039
2038
2031
2024
2016
2006
1999
1991
1986
1979
1962
1955
1946
1935
1922
1914
1904
1891
1880
1874
1868
1861
1856
1849
1839
1835
1830
1812
1802
1792
1786
1782
1777
1772
1762
1758
1752
1745
1740
1731
1721
1712
1703
1692
1688
1685
1680
1672
1663
1658
1652
1646
1636
1631
1626
1620
1612
1602
1597
1585
1577
1574
1568
1562
1556
1548
1544
1537
1533
1525
1518
1511
1509
1500
1497
1491
1482
1478
1469
1460
1451
1444
1440
1437
1430
1426
1417
1404
1398
1393
1390
1388
1380
1371
1366
1359
