39173
74704
107171
136473
163056
187206
208678
227914
245122
260143
273126
284886
294694
303127
309968
315783
320067
323498
325654
326934
327739
327648
327086
325442
323458
320781
317708
314319
310720
306442
301857
296943
292245
287048
281785
276574
271014
265233
259680
253971
248274
242478
236692
231233
225608
220120
214219
208777
203445
197778
192295
186871
181322
176430
171451
166470
161770
156876
152277
147803
143223
138949
134759
130769
126694
122680
118863
115120
111467
107940
104565
101131
97986
94802
91749
88656
85719
82968
80324
77780
75060
72517
70079
67777
65546
63377
61314
59268
57305
55415
53502
51673
49990
48310
46690
45129
43579
42167
40752
39520
38179
36873
35617
34389
33210
32105
31082
30049
29033
28154
27350
26501
25663
24955
24160
23401
22632
21901
21146
20460
19814
19276
18662
18148
17627
17032
16491
16063
15605
15165
14798
14382
13980
13601
13229
12834
12515
12206
11933
11645
11379
11131
10953
10711
10447
10228
9967
9741
9525
9399
9225
9070
8868
8665
8519
8365
8188
8074
7969
7834
7692
7540
7383
7295
7181
7089
6989
6853
6733
6621
6557
6495
6437
6362
6283
6214
6162
6112
6036
5993
5922
5853
5779
5724
5697
5671
5635
5619
5542
5506
5495
5445
5386
5339
5345
5321
5249
5186
5139
5103
5080
5036
5044
5032
5018
5011
4959
4949
4924
4925
4934
4884
4865
4873
4837
4842
4835
4835
4805
4843
4869
4889
4847
4826
4796
4779
4742
4727
4670
4673
4664
4656
4675
4671
4658
4660
4637
4634
4650
4671
4685
4678
4700
4722
4730
4759
4775
4794
4746
4730
4748
4723
4733
4701
4687
4696
4717
4669
4678
4683
4656
4673
4635
4622
4607
4617
4603
4657
4665
4643
4662
4639
4592
4609
4572
4549
4537
4540
4550
4551
4526
4556
4528
4528
4546
4557
4573
4583
4577
4601
4567
4564
4538
4534
4544
4538
4528
4511
4481
4460
4461
4462
4461
4462
4436
4468
4455
4476
4475
4440
4400
4368
4344
4317
4330
4297
4290
4330
4337
4324
4313
4311
4287
4274
4246
4231
4237
4189
4157
4131
4128
4094
4066
4037
4016
3991
3943
3954
3884
3856
3833
3821
3811
3807
3769
3773
3726
3706
3680
3647
3588
3561
3528
3528
3499
3457
3455
3418
3408
3358
3303
3257
3239
3183
3155
3138
3110
3102
3079
3033
2969
2927
2868
2836
2779
2748
2708
2699
2669
2613
2611
2567
2529
2480
2452
2431
2408
2358
2343
2310
2274
2234
2202
2173
2149
2146
2099
2091
2063
2023
1989
1984
1959
1916
1846
1849
1829
1838
1828
1786
1766
1730
1704
1706
1688
1666
1625
1590
1547
1535
1519
1518
1549
1560
1557
1561
1534
1518
1506
1497
1433
1363
1278
1206
1136
1071
1013
962
911
859
824
778
734
693
653
616
581
561
527
504
473
454
429
406
383
364
346
334
313
299
284
267
249
231
217
207
200
195
189
180
170
165
158
146
139
134
125
115
109
102
96
90
87
82
80
72
69
68
64
62
57
56
55
53
46
41
37
36
35
33
32
31
28
28
27
24
21
21
20
18
16
16
14
12
10
9
9
9
9
9
8
7
7
7
6
6
6
6
6
5
5
5
5
5
4
4
3
3
3
3
3
2
1
1
1
1
1
1
1
1
1
1
1
1
1
1
1
0
0
0
0
0
0
0
0
0
0
0
0
0
0
0
0
0
0
0
0
0
0
0
0
0
0
0
0
0
0
0
0
0
0
0
0
0
0
0
0
0
0
0
