6538
3395
2220
1651
1457
1120
1057
950
924
865
817
796
791
765
742
669
721
700
704
683
669
726
691
749
717
698
673
689
709
706
746
749
755
781
764
793
838
864
822
909
915
924
963
961
963
994
1064
1062
1082
1129
1143
1194
1260
1383
1288
1313
1330
1487
1486
1544
1554
1527
1742
1737
1730
1845
1827
1977
1998
1950
2095
2094
2316
2271
2393
2589
2614
2631
2745
2805
2942
3121
3173
3177
3412
3477
3621
3550
3806
4115
3956
4320
4337
4633
4586
4766
5026
5087
5395
5549
5674
5785
5895
6131
6397
6732
6818
7088
7486
7600
7860
7938
8200
8448
8720
8891
9362
9488
9855
10208
10553
10859
11135
11580
11898
12290
12472
12863
13078
13506
13936
14318
14813
15045
15380
15890
16215
16537
16979
17247
17754
18156
18456
18821
19048
19413
19924
20395
20728
21231
21754
21985
22358
22699
23329
23510
23964
24343
24433
24798
25393
25808
26115
26671
27102
27405
27663
28128
28623
28706
29311
29511
29822
30298
30478
30827
31106
31423
31389
31587
32064
32350
32712
33166
33539
33780
34019
34058
34408
34645
34676
35053
35156
35463
35500
35488
35873
36007
36454
36774
37052
37102
37188
37314
37533
37609
37591
37794
37966
38176
38594
38584
38374
38262
38488
38878
39123
39069
38929
38973
39014
38986
39100
38827
38817
38911
39027
39127
39600
39857
39891
39729
39850
40040
40197
40414
40675
40434
40444
40545
40541
40307
39995
39727
39523
39423
39505
39047
39197
39364
39368
39557
39406
39605
39657
39729
39772
39893
40238
40356
40468
40080
40296
40440
40446
40404
40599
40458
40532
40520
40381
40599
40518
40725
40795
41036
41302
41294
41055
41242
41476
41455
41417
41460
41325
41183
41081
40959
40815
40841
40784
40991
40877
40878
41031
41344
41537
41354
41612
41456
41540
41594
41805
41591
41684
41517
41616
41593
41376
41366
41384
41836
41959
42281
42447
42473
42669
42855
42947
42770
42712
42579
42699
42892
42891
43052
43075
43364
43463
43931
44115
44609
44755
45016
45074
45179
45062
45544
45859
46179
46547
46734
46984
47180
47396
47550
47643
47750
48037
48574
48664
49010
49277
49476
49731
49970
50558
50747
51047
51150
51548
52049
52522
53136
53643
54131
54392
54849
55173
55527
55861
56253
56899
57653
58263
58918
59523
59910
60588
61196
61888
62178
62941
63525
63846
64299
64978
65697
66407
66882
67480
68388
69041
69852
70494
71260
71952
72399
73005
73566
74254
74873
75442
76244
77095
77922
78397
78907
79392
80162
80837
81080
81608
82436
83011
83444
84146
84998
85803
86640
87599
88264
88795
89104
89497
89870
90166
90411
90845
91169
91674
92400
93596
95056
96672
98636
101037
103140
105396
107750
110017
112307
114595
116987
119734
122313
124906
127510
129903
132284
134868
137487
140213
142970
145458
148064
150460
152923
155439
157826
160203
162564
164980
167559
169885
172071
174362
176579
178654
180484
182516
184468
186484
188204
190033
191733
193402
195079
196735
198490
200252
201891
203557
205136
206644
208217
209686
211159
212385
213604
214779
216106
217351
218487
219620
220757
221844
222952
224049
225098
226146
227095
227986
228839
229624
230409
231147
231858
232609
233401
234122
234805
235457
236099
236733
237402
237954
238500
239083
239589
240063
240521
240933
241332
241671
242048
242369
242735
243101
243417
243745
244018
244265
244527
244782
245022
245266
245472
245696
245879
246103
246325
246502
246675
246823
246994
247150
247299
247430
247556
247668
247784
247885
247987
248110
248200
248285
248375
248454
248556
248643
248720
248813
248875
248935
248998
249057
249116
249164
249209
249260
249298
249343
249398
249439
249471
249508
249538
249554
249582
249604
249628
249649
249664
249675
249697
249720
249738
249756
249772
249788
249800
249812
249818
249828
249835
249843
249857
249870
249877
