0
0
0
0
1
1
1
1
2
1
2
3
4
5
6
6
6
6
8
11
11
13
18
20
20
20
22
21
20
21
22
22
28
26
27
28
29
34
36
37
39
41
41
40
39
41
43
44
46
45
46
48
47
48
54
53
51
54
55
54
54
54
53
53
51
52
52
51
51
52
54
53
56
58
56
58
60
58
58
59
59
58
57
58
58
61
62
62
60
58
59
57
56
55
57
57
54
55
55
55
54
53
55
53
53
52
53
48
48
47
46
45
44
44
45
44
44
43
43
43
42
40
39
40
39
38
38
36
36
38
38
37
37
37
35
35
35
34
34
34
33
31
31
30
31
29
29
31
31
31
31
31
32
31
28
28
28
28
27
25
25
24
23
23
24
24
24
23
23
23
23
23
22
22
20
19
19
20
20
19
20
20
20
20
19
19
18
17
17
17
17
17
17
17
16
16
15
16
16
16
17
17
17
16
17
18
19
19
18
18
17
17
18
18
18
19
19
19
18
18
17
17
17
18
18
19
19
19
18
19
21
21
20
20
21
21
22
23
24
23
24
22
22
23
22
20
20
19
18
17
17
16
16
17
18
18
18
18
18
17
16
16
16
16
15
16
14
14
15
15
14
14
12
12
10
9
8
8
8
8
7
7
7
7
7
7
7
9
9
9
9
9
9
10
10
10
10
11
10
10
11
12
12
12
13
13
13
13
14
14
13
12
11
12
13
14
14
14
14
14
14
15
15
16
16
16
16
16
17
18
18
18
18
18
18
16
16
16
16
16
16
17
17
17
18
19
18
18
17
17
17
16
16
16
15
15
15
14
14
14
16
16
16
15
15
15
16
16
16
14
14
14
14
14
13
15
16
16
16
16
15
15
15
12
12
12
12
12
13
12
12
11
11
11
11
11
11
11
10
10
9
8
9
9
9
9
9
9
8
8
8
8
9
9
9
9
9
9
9
9
9
9
9
9
9
9
9
8
8
7
7
7
7
7
7
7
7
7
7
7
7
7
7
7
7
7
7
7
7
7
7
7
7
7
7
7
7
7
7
6
6
6
6
6
6
6
6
6
6
6
6
6
5
5
5
5
4
4
4
4
3
3
3
3
3
3
3
3
3
3
3
3
3
3
3
3
3
3
3
3
3
3
3
3
3
3
3
3
3
3
3
2
2
2
2
2
2
2
2
2
2
2
2
2
2
2
2
2
2
2
2
2
2
2
2
2
2
2
2
2
2
2
2
2
2
1
1
1
1
1
1
1
1
1
1
1
1
1
1
1
1
1
1
1
1
1
1
1
1
1
1
1
1
1
1
1
1
1
1
1
1
1
1
1
1
1
1
1
1
1
1
1
1
1
1
1
1
1
1
1
