26
41
65
81
98
116
146
172
192
214
234
259
279
300
320
342
356
380
410
423
442
456
486
513
521
545
561
591
624
646
665
681
701
717
731
758
782
804
819
835
853
867
889
912
922
940
965
981
997
1019
1035
1057
1079
1092
1104
1111
1130
1165
1194
1212
1232
1252
1271
1296
1320
1335
1358
1385
1405
1429
1453
1474
1501
1528
1541
1561
1580
1599
1611
1633
1649
1671
1691
1701
1722
1739
1759
1779
1795
1820
1840
1867
1887
1905
1925
1954
1973
2000
2024
2037
2057
2082
2103
2120
2142
2163
2185
2208
2231
2255
2277
2301
2315
2325
2341
2355
2370
2398
2419
2434
2467
2489
2510
2528
2549
2578
2593
2610
2635
2657
2681
2705
2720
2746
2765
2794
2811
2834
2855
2870
2899
2921
2950
2974
2996
3011
3040
3061
3076
3103
3125
3147
3158
3176
3198
3218
3238
3266
3281
3304
3332
3346
3364
3381
3396
3413
3439
3451
3468
3486
3503
3527
3545
3567
3587
3604
3629
3650
3675
3691
3713
3743
3766
3792
3811
3830
3850
3868
3891
3908
3922
3944
3956
3978
3996
4019
4043
4068
4083
4113
4134
4159
4175
4189
4210
4225
4244
4258
4275
4298
4316
4340
4358
4385
4412
4431
4453
4469
4492
4517
4546
4565
4585
4607
4636
4660
4685
4705
4727
4753
4777
4802
4820
4840
4874
4896
4909
4932
4968
4986
5007
5028
5048
5072
5090
5107
5130
5143
5160
5177
5199
5219
5241
5262
5279
5302
5321
5339
5361
5388
5408
5429
5443
5469
5490
5505
5524
5538
5559
5585
5609
5629
5654
5677
5700
5717
5737
5762
5783
5803
5826
5844
5876
5892
5922
5938
5964
5986
6007
6031
6063
6088
6111
6130
6155
6179
6205
6228
6252
6273
6306
6334
6354
6376
6404
6429
6447
6472
6496
6506
6533
6560
6585
6607
6621
6639
6658
6683
6704
6726
6749
6777
6798
6820
6840
6867
6885
6907
6932
6958
6980
6994
7016
7041
7062
7082
7098
7122
7154
7180
7198
7223
7249
7269
7295
7314
7333
7354
7368
7393
7412
7430
7449
7467
7483
7507
7527
7555
7574
7604
7623
7649
7674
7692
7717
7735
7763
7783
7792
7806
7843
7862
7878
7904
7928
7942
7964
7985
8012
8029
8048
8075
8102
8123
8147
8161
8182
8195
8214
8236
8255
8288
8319
8340
8373
8391
8407
8435
8449
8471
8491
8507
8530
8548
8572
8602
8620
8640
8665
8681
8708
8728
8749
8770
8794
8820
8844
8861
8882
8904
8916
8943
8969
8987
9002
9020
9037
9058
9081
9101
9122
9144
9161
9186
9202
9218
9237
9266
9288
9302
9321
9343
9361
9383
9407
9423
9445
9465
9486
9502
9522
9547
9571
9594
9605
9631
9656
9684
9706
9723
9746
9759
9786
9808
9834
9855
9878
9903
9929
9948
9972
9991
10016
10030
10055
10073
10094
10108
10129
10152
10172
10192
10209
10231
10247
10271
10300
10320
10342
10361
10387
10417
10436
10451
10478
10502
10522
10548
10566
10585
10602
10618
10644
10666
10681
10698
10718
10739
10764
10798
10810
10824
10850
10867
10885
10909
10933
10953
10972
10995
11019
11044
11072
11095
11118
11139
11157
11172
11192
11220
11246
11266
11293
11309
11323
11348
11374
11400
11430
11447
11463
11477
11494
11512
11526
11550
11567
11586
11612
11633
11668
11691
11709
11734
11749
11771
11791
11804
11820
11852
11867
11885
11907
11923
11949
11967
12001
12017
12032
12052
12073
12087
12104
12121
12140
12152
12194
12214
12240
12268
12290
12302
12324
12351
12380
12397
12420
12448
12474
12488
12507
12535
12555
12581
12599
12624
12646
12666
12687
12704
