4
30
73
145
225
322
421
517
627
752
877
1012
1159
1294
1422
1547
1660
1822
1965
2087
2220
2349
2490
2587
2741
2884
3026
3151
3257
3393
3516
3628
3733
3855
4001
4124
4258
4373
4488
4610
4719
4850
4987
5085
5227
5356
5484
5610
5734
5830
5961
6069
6178
6285
6404
6516
6623
6761
6874
7004
7128
7234
7353
7451
7571
7689
7790
7904
8005
8115
8209
8290
8405
8519
8647
8736
8827
8935
9028
9112
9202
9291
9369
9462
9575
9666
9778
9858
9948
10034
10112
10218
10285
10368
10469
10534
10649
10710
10784
10880
10967
11056
11133
11225
11301
11380
11446
11511
11602
11678
11753
11817
11879
11934
11992
12055
12119
12185
12266
12349
12415
12460
12515
12563
12625
12668
12713
12751
12803
12864
12888
12936
12973
12984
13049
13086
13140
13161
13190
13227
13241
13282
13315
13334
13360
13403
13431
13456
13469
13489
13522
13552
13576
13579
13601
13598
13620
13633
13647
13662
13695
13716
13735
13753
13781
13790
13809
13826
13840
13854
13854
13853
13848
13857
13869
13879
13870
13868
13849
13867
13880
13883
13869
13879
13881
13905
13917
13935
13935
13941
13942
13947
13960
13960
13962
13963
13985
13981
13993
13981
13974
13969
13995
13991
13974
14003
14008
14023
14018
14023
14023
14031
14023
14028
14000
14009
14002
13992
13981
13992
13993
13995
13981
13982
13997
13989
13987
13978
13976
13978
13967
13979
13966
13952
13958
13954
13947
13953
13952
13940
13931
13927
13921
13896
13902
13903
13907
13912
13911
13907
13909
13903
13889
13905
13888
13866
13873
13884
13873
13877
13880
13877
13879
13887
13889
13892
13891
13883
13894
13896
13899
13897
13890
13896
13891
13894
13888
13880
13884
13883
13879
13875
13878
13864
13848
13836
13844
13822
13831
13831
13844
13833
13852
13853
13863
13858
13857
13841
13846
13839
13871
13863
13862
13870
13865
13865
13872
13873
13859
13849
13833
13825
13813
13805
13811
13798
13794
13777
13770
13765
13762
13764
13758
13760
13761
13760
13752
13742
13738
13733
13723
13720
13737
13737
13744
13748
13727
13738
13731
13747
13734
13726
13727
13735
13741
13737
13747
13719
13711
13703
13701
13717
13704
13689
13668
13669
13670
13677
13684
13666
13661
13659
13643
13643
13639
13628
13638
13639
13639
13634
13653
13639
13640
13633
13624
13630
13625
13632
13636
13654
13647
13661
13654
13646
13635
13632
13609
13595
13592
13590
13580
13564
13560
13530
13529
13519
13522
13517
13510
13501
