960338
921996
884475
848486
813652
780028
747609
716679
686983
658492
630913
604738
579475
554860
531692
509319
487744
467279
447569
428725
410510
393110
376458
360256
345001
330442
316318
303089
290393
278353
266410
255052
244337
234072
224292
214621
205640
196981
188748
180909
173390
166101
159137
152474
146241
140207
134435
128888
123509
118428
113615
108972
104518
100302
96215
92250
88601
85017
81625
78353
75221
72103
69225
66488
63872
61384
58936
56606
54391
52272
50304
48336
46487
44664
43054
41415
39850
38362
36973
35590
34293
33055
31846
30778
29726
28787
27786
26849
25961
25099
24278
23489
22677
21970
21245
20578
19891
19252
18683
18079
17511
17020
16538
16121
15656
15220
14799
14396
13994
13614
13253
12957
12632
12317
12015
11746
11487
11226
11025
10811
10577
10356
10138
9948
9777
9644
9468
9303
9110
8927
8778
8719
8598
8473
8353
8241
8162
8060
7944
7847
7750
7642
7579
7484
7370
7297
7235
7165
7084
7022
6978
6934
6913
6866
6835
6769
6754
6676
6597
6504
6483
6415
6394
6389
6380
6366
6345
6301
6294
6200
6177
6146
6106
6072
6058
6058
6019
6010
6006
5985
5943
5929
5924
5892
5839
5826
5790
5782
5731
5734
5752
5774
5784
5831
5834
5800
5808
5823
5798
5749
5785
5787
5777
5788
5783
5794
5801
5792
5799
5818
5827
5815
5837
5787
5783
5811
5825
5817
5788
5758
5770
5773
5774
5762
5753
5740
5754
5751
5751
5780
5745
5709
5683
5705
5710
5703
5670
5695
5676
5682
5697
5692
5689
5741
5761
5772
5775
5762
5746
5728
5722
5727
5694
5685
5695
5709
5696
5691
5691
5737
5748
5717
5717
5699
5689
5675
5711
5735
5743
5728
5760
5751
5795
5809
5819
5846
5886
5881
5938
5903
5901
5939
5923
5883
5877
5888
5869
5846
5816
5818
5820
5821
5804
5794
5764
5758
5720
5714
5679
5664
5647
5656
5687
5671
5661
5696
5695
5703
5685
5707
5742
5749
5721
5741
5744
5756
5771
5755
5720
5736
5750
5726
5775
5790
5783
5772
5749
5763
5741
5743
5795
5839
5867
5883
5828
5866
5869
5865
5903
5891
5888
5919
5918
5908
5936
5966
5970
5989
5991
6036
6046
6052
6054
6054
6053
6083
6099
6113
6132
6156
6192
6220
6226
6211
6237
6247
6259
6288
6320
6354
6388
6395
6400
6440
6441
6453
6461
6488
6502
6555
6503
6495
6501
6491
6466
6472
6482
6523
6514
6508
6479
6481
6467
6484
6501
6513
6514
6510
6479
6517
