960008
921062
883845
847573
813075
779683
747751
716734
686944
658777
631587
605489
580130
555751
532489
510013
488648
468258
448756
429946
411924
394373
377937
361840
346756
332331
318273
304922
292096
279667
267843
256545
245551
235177
225286
215997
206850
198092
189755
181901
174305
167140
160272
153515
147150
141119
135322
129746
124428
119349
114369
109625
105161
100825
96712
92845
89007
85413
82018
78740
75555
72543
69581
66758
64209
61668
59324
57078
54776
52713
50724
48782
46906
45140
43449
41793
40181
38691
37264
35909
34546
33391
32256
31042
29947
28964
27967
27020
26122
25293
24385
23604
22876
22164
21540
20800
20122
19567
18920
18346
17745
17229
16707
16274
15824
15398
15003
14630
14226
13805
13490
13170
12838
12568
12286
11979
11743
11516
11268
10982
10788
10535
10308
10158
9962
9797
9643
9512
9353
9203
9054
8891
8748
8654
8535
8398
8300
8221
8103
7988
7880
7787
7701
7569
7498
7431
7359
7327
7225
7127
7057
7001
6942
6921
6851
6804
6797
6780
6765
6696
6634
6572
6549
6513
6497
6460
6432
6385
6375
6333
6300
6260
6238
6191
6161
6142
6146
6170
6151
6141
6139
6120
6101
6118
6094
6045
6024
6032
6008
6024
6024
6024
6016
6011
5985
6006
6016
6021
6018
6007
5985
5964
5972
5953
5981
6006
6004
5957
5952
5959
5958
5979
5966
5952
5961
5991
5958
5948
5899
5867
5850
5844
5881
5893
5892
5921
5881
5907
5870
5868
5850
5864
5876
5870
5889
5853
5858
5883
5876
5890
5880
5900
5901
5863
5889
5853
5804
5809
5800
5837
5828
5783
5752
5789
5791
5824
5796
5784
5802
5780
5776
5774
5748
5739
5693
5673
5674
5684
5709
5709
5676
5700
5694
5685
5665
5679
5659
5682
5715
5705
5712
5670
5698
5732
5751
5725
5722
5710
5734
5740
5724
5733
5732
5724
5753
5742
5744
5721
5688
5707
5698
5675
5689
5737
5775
5786
5767
5781
5756
5793
5824
5828
5814
5798
5801
5819
5847
5852
5871
5847
5851
5843
5829
5840
5835
5820
5825
5875
5898
5888
5881
5878
5848
5880
5936
5875
5874
5912
5883
5869
5910
5941
5940
5953
5945
5947
5977
5988
6001
5991
5991
6014
6026
6040
6040
6052
6089
6059
6072
6092
6107
6114
6154
6162
6189
6208
6250
6268
6272
6301
6342
6357
6400
6401
6433
6444
6490
6529
6550
6570
6570
6552
6567
6561
6543
6541
6564
6577
6599
6629
6617
6597
6605
6601
6648
6678
6663
6689
6704
6652
