959881
921497
884157
847967
813382
779928
747946
717051
687028
658599
631187
604881
579316
555028
531818
509508
488192
467503
447754
428887
410662
393393
376620
361049
345797
331256
317557
304173
291431
279122
267345
256036
245224
234925
224905
215360
206432
197579
189244
181293
173677
166266
159360
152747
146399
140297
134376
128759
123325
118332
113489
108757
104327
100066
96058
92154
88415
84726
81404
78179
75181
72218
69386
66624
63902
61375
59107
56837
54646
52511
50534
48581
46714
45007
43288
41649
40110
38704
37308
35912
34576
33360
32166
31039
29989
28901
27956
26950
26026
25144
24336
23531
22737
21950
21194
20556
19947
19317
18768
18271
17705
17195
16759
16293
15863
15486
15053
14678
14303
13965
13627
13290
12948
12667
12372
12129
11831
11547
11264
11011
10741
10546
10367
10126
9911
9749
9565
9373
9192
9021
8901
8784
8644
8505
8343
8262
8147
8096
7972
7893
7800
7683
7536
7472
7355
7278
7220
7201
7117
7091
7013
6971
6927
6855
6790
6763
6680
6620
6603
6528
6467
6413
6415
6391
6363
6324
6321
6305
6289
6294
6282
6262
6244
6236
6226
6193
6151
6114
6081
6033
6028
6036
6004
5997
6009
6024
5994
5994
5988
5950
5949
5881
5892
5859
5885
5845
5868
5844
5835
5827
5806
5805
5811
5828
5858
5881
5871
5885
5850
5870
5892
5886
5903
5910
5889
5886
5886
5870
5887
5840
5854
5822
5807
5838
5836
5795
5819
5816
5821
5795
5817
5800
5779
5776
5789
5748
5741
5767
5736
5766
5776
5760
5781
5777
5796
5820
5779
5788
5800
5797
5753
5754
5764
5762
5793
5801
5789
5787
5813
5850
5842
5807
5789
5762
5755
5764
5756
5736
5747
5752
5749
5783
5784
5762
5770
5750
5772
5802
5772
5754
5706
5736
5767
5757
5768
5782
5779
5797
5799
5854
5866
5858
5858
5831
5815
5804
5828
5804
5824
5831
5830
5867
5884
5902
5888
5868
5877
5901
5903
5900
5922
5915
5930
5927
5914
5950
5927
5898
5855
5849
5823
5837
5797
5833
5808
5830
5842
5855
5872
5871
5859
5853
5889
5899
5891
5896
5898
5886
5867
5866
5849
5830
5852
5869
5926
5951
5977
5996
5996
5992
6008
6016
6035
6025
6038
5997
5973
6000
5972
5969
6028
6044
6027
6039
6071
6088
6107
6077
6046
6091
6152
6180
6167
6152
6129
6159
6189
6211
6281
6306
6281
6281
6322
6321
6350
6370
6393
6381
6390
6449
6517
6555
6576
6571
6579
6636
6638
6669
6709
6779
