39008
74016
106759
136085
162747
186988
208354
227650
245288
260545
273853
285265
294848
303170
309890
315294
320064
323503
326099
327592
328088
327891
326916
325543
323608
321318
318424
314906
310910
306695
302488
297887
292693
287410
282263
277021
271436
266006
260258
254726
248670
242967
237186
231539
225602
220031
214322
208659
203218
197711
192396
186906
181517
176402
171476
166589
161721
156905
152096
147678
143100
138806
134555
130490
126452
122346
118505
114754
111315
107658
104249
100954
97664
94630
91552
88519
85664
82867
80107
77474
74992
72384
69977
67581
65328
63095
60902
58967
57018
55186
53297
51552
49867
48183
46523
44912
43361
41982
40489
39147
37903
36763
35507
34334
33176
32085
31056
29987
29032
28098
27217
26353
25495
24696
23892
23140
22458
21774
21168
20487
19888
19319
18703
18175
17666
17174
16668
16197
15759
15340
14900
14494
14106
13763
13373
13019
12704
12373
12088
11807
11541
11275
11071
10811
10548
10328
10056
9798
9566
9342
9133
8987
8783
8634
8441
8271
8084
7917
7762
7603
7526
7384
7258
7103
7023
6920
6809
6716
6623
6484
6433
6370
6284
6146
6108
6069
6012
5951
5883
5860
5817
5747
5700
5701
5647
5589
5553
5564
5510
5523
5463
5406
5415
5385
5368
5365
5355
5330
5255
5239
5216
5169
5176
5189
5191
5197
5164
5139
5137
5131
5136
5090
5124
5122
5134
5130
5099
5065
5066
5040
5051
5005
5049
5037
5022
4996
4957
4914
4900
4904
4922
4913
4931
4949
4906
4895
4851
4842
4855
4844
4821
4802
4839
4801
4753
4743
4751
4741
4728
4747
4755
4782
4762
4747
4708
4667
4690
4677
4660
4661
4690
4676
4653
4649
4633
4662
4696
4691
4733
4739
4739
4697
4652
4640
4611
4626
4624
4586
4579
4563
4554
4555
4594
4561
4588
4593
4618
4633
4635
4659
4643
4629
4608
4614
4624
4592
4591
4589
4611
4586
4573
4614
4610
4598
4605
4591
4583
4566
4613
4604
4584
4583
4568
4562
4533
4544
4517
4548
4585
4575
4574
4549
4537
4529
4511
4488
4504
4517
4550
4534
4561
4597
4586
4562
4568
4574
4566
4515
4487
4522
4516
4490
4481
4476
4483
4513
4503
4483
4528
4516
4535
4506
4530
4519
4532
4512
4524
4517
4531
4533
4478
4487
4417
4396
4412
4389
4370
4377
4361
4361
4371
4351
4384
4354
4358
4366
4367
4339
4337
4356
4378
4395
4374
4412
4403
4432
4468
4503
4527
4560
4566
4571
4548
4535
4532
4536
4531
4530
4569
4585
