64999
189711
286998
365333
428974
481511
524528
560800
590895
615986
636627
653405
666558
678305
687367
693906
700080
705564
710101
714886
718216
720606
721638
723488
723886
724692
726013
726713
727897
727843
727360
727221
726789
726249
726524
726055
726077
725649
726110
724689
723441
723462
724089
723681
722911
722301
721787
720963
719705
718474
718456
717649
717053
716096
715286
714532
713372
712821
710518
710218
709329
707898
707323
706298
704927
702588
700598
699195
697876
697049
694515
693120
692000
691234
690221
688886
686012
684136
681354
679203
676819
675615
673573
670719
668260
666039
662534
660329
657599
654924
651801
648207
644784
640993
638725
635610
631979
628703
625248
622089
618502
615179
612652
609372
604945
601558
596956
593044
588842
584441
580130
576372
572519
568430
563525
559682
555046
550733
545701
541632
536826
531985
527007
522134
516896
511719
507041
502131
497158
491914
487405
481885
477212
472054
467104
462562
458182
453049
449257
444812
440382
435990
431730
427059
422833
418331
414085
409319
405691
401169
397085
392814
389031
384722
380747
376259
372054
367873
364540
361577
358774
355658
352902
349621
346620
343579
340927
338469
335527
333725
331133
329124
326666
324313
321289
318996
316473
314693
312598
310038
308773
307217
305190
303489
302281
301158
300290
298710
297216
295633
293922
291993
290596
288659
287047
285795
284331
283228
281322
280691
279490
278207
277108
276175
275335
274008
273111
272093
270976
270032
269089
268282
267411
267510
267562
266571
265618
265508
265242
265552
264839
264649
264271
263667
263505
263638
263476
263203
262839
262222
262258
261873
261433
261204
261021
261122
261888
262130
262287
262402
261723
261137
261080
260916
261029
260758
260499
260653
260110
259685
259641
260123
259222
258547
258194
257989
257701
257638
257576
257164
256500
256496
256630
256603
256699
257154
256367
256247
255434
255617
255335
255015
254790
254534
254552
253687
253356
253346
253285
253059
252920
252857
252183
252209
252407
252553
252562
253012
253047
253846
254240
254192
254083
254335
254593
255449
255396
255973
255932
256477
256731
256820
257020
257261
256964
256692
256026
254569
254660
254466
253938
254124
254011
254207
253452
252685
252600
252028
252554
252054
251629
251916
251245
251356
251592
251602
252308
252293
252320
252640
252924
253322
253632
253623
253770
253281
253149
253073
253137
252708
252753
253132
253357
253711
254041
254205
254000
253028
253158
252679
252233
251621
251842
251972
251790
251393
250679
250364
250322
250770
250455
249778
249809
249735
249686
249815
249580
249305
248353
248273
247622
247287
247297
246816
246495
246361
247065
246844
246713
246768
246941
246763
247122
247939
248602
248206
248740
248831
248465
248685
248507
248695
248600
248586
248287
248100
247851
247317
247210
247438
