3
22
76
127
174
235
282
337
393
431
470
510
553
603
639
676
716
758
784
832
870
888
928
970
996
1010
1025
1057
1067
1094
1123
1125
1132
1149
1171
1195
1224
1236
1242
1250
1275
1290
1297
1311
1310
1323
1333
1336
1350
1364
1375
1392
1408
1434
1454
1459
1460
1471
1477
1473
1474
1481
1495
1500
1510
1511
1524
1524
1545
1531
1539
1539
1533
1542
1548
1550
1542
1547
1545
1557
1584
1577
1588
1591
1618
1639
1623
1623
1625
1633
1636
1635
1650
1660
1659
1655
1656
1650
1655
1643
1649
1647
1639
1643
1633
1627
1637
1629
1647
1655
1659
1652
1653
1652
1652
1644
1648
1646
1631
1625
1615
1618
1606
1595
1600
1602
1591
1606
1619
1596
1578
1576
1564
1550
1559
1557
1541
1532
1517
1529
1530
1527
1545
1543
1524
1530
1540
1526
1521
1506
1497
1488
1486
1465
1449
1445
1431
1426
1425
1427
1415
1420
1405
1395
1380
1373
1366
1363
1354
1340
1337
1346
1343
1344
1319
1301
1312
1319
1318
1323
1307
1301
1294
1288
1270
1271
1270
1273
1271
1285
1280
1283
1278
1297
1292
1282
1291
1296
1281
1270
1276
1287
1292
1294
1286
1281
1301
1297
1319
1339
1337
1339
1341
1359
1372
1373
1368
1358
1365
1385
1378
1390
1402
1390
1403
1399
1400
1411
1422
1426
1428
1432
1427
1425
1419
1413
1409
1426
1430
1437
1428
1416
1419
1431
1428
1442
1459
1472
1481
1488
1495
1509
1511
1503
1491
1497
1506
1516
1528
1534
1528
1526
1534
1524
1539
1555
1562
1559
1556
1572
1566
1558
1549
1547
1555
1546
1540
1554
1562
1556
1553
1552
1559
1555
1561
1550
1550
1554
1577
1584
1594
1586
1581
1572
1561
1558
1555
1552
1561
1573
1569
1581
1572
1593
1594
1610
1610
1613
1610
1620
1637
1637
1625
1646
1655
1647
1657
1647
1650
1653
1650
1651
1658
1681
1694
1705
1718
1719
1738
1743
1735
1738
1742
1732
1723
1709
1717
1724
1726
1722
1730
1731
1739
1748
1748
1751
1743
1745
1758
1763
1770
1784
1777
1777
1767
1767
1765
1768
1770
1782
1785
1765
1775
1783
1783
1782
1786
1793
1773
1782
1773
1765
1761
1775
1778
1763
1766
1760
1744
1732
1740
1748
1752
1782
1787
1778
1755
1743
1741
1757
1757
1777
1784
1792
1796
1789
1785
1774
1786
1785
