1
16
59
113
179
248
291
330
377
413
461
496
522
568
596
630
667
707
736
781
801
827
857
892
920
938
961
1002
1020
1042
1069
1082
1118
1141
1154
1177
1190
1203
1226
1254
1263
1273
1266
1277
1286
1306
1322
1341
1361
1357
1369
1376
1392
1406
1427
1441
1470
1489
1517
1522
1524
1532
1550
1555
1561
1566
1564
1572
1563
1569
1581
1592
1600
1622
1631
1639
1637
1639
1634
1609
1610
1624
1642
1640
1635
1655
1659
1683
1684
1699
1689
1687
1673
1683
1678
1678
1661
1663
1643
1645
1636
1636
1637
1633
1629
1628
1637
1632
1616
1615
1610
1606
1586
1580
1576
1557
1552
1563
1554
1568
1564
1560
1556
1552
1549
1542
1535
1522
1528
1529
1538
1544
1531
1516
1510
1499
1489
1468
1463
1447
1444
1448
1458
1449
1441
1430
1420
1434
1421
1434
1433
1411
1399
1398
1384
1385
1384
1377
1368
1362
1371
1373
1385
1388
1385
1356
1358
1357
1359
1354
1344
1324
1326
1333
1334
1339
1340
1341
1358
1351
1348
1343
1338
1339
1349
1351
1333
1335
1340
1327
1320
1329
1335
1351
1349
1343
1358
1358
1387
1397
1384
1385
1394
1379
1377
1377
1359
1366
1358
1359
1345
1373
1371
1379
1378
1382
1387
1387
1383
1370
1367
1371
1380
1378
1405
1408
1414
1417
1418
1424
1424
1428
1415
1412
1419
1415
1403
1410
1420
1430
1435
1440
1433
1436
1445
1464
1461
1467
1463
1448
1451
1453
1458
1478
1492
1496
1503
1509
1519
1555
1555
1576
1568
1580
1591
1582
1584
1583
1589
1589
1604
1594
1584
1589
1600
1609
1605
1606
1601
1604
1624
1626
1622
1639
1629
1635
1623
1611
1615
1641
1645
1636
1636
1626
1628
1626
1626
1626
1618
1617
1624
1630
1635
1616
1611
1619
1615
1624
1637
1627
1644
1654
1651
1647
1639
1640
1652
1659
1648
1650
1636
1642
1647
1643
1637
1650
1633
1638
1649
1663
1653
1648
1653
1656
1657
1656
1649
1657
1656
1662
1660
1671
1666
1671
1676
1675
1675
1675
1685
1681
1682
1689
1679
1695
1701
1700
1704
1703
1690
1693
1697
1707
1689
1705
1704
1707
1707
1697
1711
1713
1719
1729
1737
1750
1746
1739
1742
1742
1757
1758
1760
1771
1781
1767
1770
1752
1747
1746
1755
1761
1765
1761
1763
1747
1753
1743
1727
1724
1712
1715
