55
93
93
75
72
64
79
52
44
30
41
44
35
39
36
42
39
26
47
49
32
43
52
30
27
34
31
39
36
39
35
39
28
36
36
47
38
33
46
43
38
44
48
40
48
47
47
53
55
53
61
62
73
58
56
65
63
67
69
59
80
84
86
86
92
79
79
105
101
104
108
114
119
112
119
122
124
132
131
138
138
144
139
144
134
139
166
178
187
178
192
198
206
212
211
215
225
227
230
247
237
242
247
261
267
265
280
296
296
307
313
323
325
328
321
330
336
345
369
388
387
393
403
416
429
455
465
469
465
476
505
514
511
531
551
573
591
613
620
638
647
660
673
668
701
712
698
718
734
747
767
798
807
828
845
865
866
878
892
906
935
945
935
942
958
974
985
994
1016
1045
1063
1075
1103
1115
1146
1182
1203
1215
1234
1254
1271
1283
1290
1310
1324
1342
1358
1363
1385
1405
1438
1442
1467
1480
1505
1533
1540
1553
1573
1592
1606
1615
1630
1652
1669
1676
1697
1726
1705
1724
1750
1774
1784
1783
1777
1807
1811
1836
1843
1850
1860
1857
1846
1868
1859
1856
1862
1875
1890
1896
1914
1933
1953
1953
1970
1981
1989
1983
2005
2012
2028
2031
2028
2028
2050
2034
2024
2030
2040
2040
2044
2032
2037
2045
2045
2064
2062
2050
2047
2043
2065
2075
2071
2092
2100
2105
2105
2106
2115
2118
2118
2124
2133
2156
2151
2169
2174
2178
2173
2180
2190
2207
2200
2208
2207
2219
2226
2235
2224
2222
2224
2232
2237
2241
2261
2266
2271
2269
2263
2267
2275
2264
2281
2288
2296
2286
2310
2317
2325
2309
2306
2321
2348
2349
2345
2350
2342
2349
2361
2356
2364
2378
2375
2361
2353
2345
2341
2341
2332
2331
2349
2347
2340
2357
2357
2367
2366
2357
2378
2373
2367
2368
2374
2369
2365
2367
2369
2366
2366
2369
2367
2358
2353
2347
2354
2356
2343
2346
2360
2346
2345
2379
2372
2370
2368
2358
2360
2358
2382
2370
2368
2376
2383
2374
2355
2361
2369
2347
2344
2352
2348
2348
2345
2318
2331
2336
2353
2370
2382
2380
2377
2383
2386
2373
2360
2377
2380
2384
2374
2377
