48
84
97
88
77
62
48
54
48
46
36
27
34
27
42
39
32
29
40
38
40
30
39
26
27
33
36
30
36
34
34
44
45
46
44
31
38
47
37
32
30
29
37
44
49
46
62
51
41
47
40
50
51
65
79
86
80
78
66
55
72
88
77
79
80
85
90
86
107
108
111
122
126
125
112
107
112
125
121
141
130
141
145
148
165
174
174
174
178
167
171
185
195
191
205
193
203
216
230
230
252
260
266
272
294
301
306
298
314
303
308
315
342
350
368
379
381
370
381
375
370
385
399
421
437
450
469
474
485
505
506
511
511
528
549
570
593
609
621
645
661
680
699
713
738
758
779
788
814
824
842
873
894
916
938
960
967
982
995
1023
1041
1049
1048
1057
1067
1087
1099
1119
1132
1146
1191
1204
1226
1238
1263
1271
1285
1300
1309
1325
1335
1347
1372
1391
1407
1407
1424
1425
1445
1470
1499
1526
1520
1521
1537
1554
1560
1587
1568
1569
1572
1594
1608
1627
1641
1660
1679
1681
1691
1707
1730
1720
1744
1760
1767
1777
1778
1781
1796
1807
1822
1829
1833
1853
1859
1880
1893
1911
1918
1925
1944
1959
1977
1992
1996
2017
2031
2052
2065
2074
2084
2078
2112
2112
2105
2109
2123
2134
2164
2163
2160
2159
2165
2163
2168
2167
2166
2167
2165
2161
2157
2165
2168
2171
2166
2175
2180
2179
2184
2182
2160
2186
2202
2191
2203
2201
2206
2201
2215
2213
2206
2203
2213
2209
2224
2222
2231
2233
2229
2217
2205
2223
2221
2231
2228
2233
2246
2256
2260
2253
2252
2244
2233
2238
2238
2233
2225
2225
2231
2229
2230
2236
2221
2214
2221
2222
2216
2234
2242
2248
2244
2239
2249
2254
2259
2264
2264
2265
2264
2263
2266
2283
2273
2279
2274
2274
2295
2302
2305
2306
2306
2309
2305
2311
2311
2321
2327
2321
2327
2331
2345
2342
2348
2339
2341
2351
2354
2362
2363
2353
2355
2372
2365
2376
2391
2392
2406
2406
2397
2396
2406
2413
2402
2385
2385
2374
2364
2363
2364
2367
2384
2392
2375
2399
2396
2415
2424
2435
2420
2423
2410
2418
2405
2408
2409
2410
2422
2447
2450
2442
