50
86
101
88
72
59
51
61
51
57
46
48
31
33
31
28
35
27
43
35
36
42
29
46
41
29
37
40
43
34
41
42
34
49
35
37
52
45
43
44
50
54
46
49
42
43
56
50
50
45
55
67
54
63
50
66
81
73
67
65
66
65
75
82
82
80
90
99
98
87
86
101
103
105
110
125
128
134
131
134
151
153
164
165
167
165
160
161
153
153
152
169
161
175
181
194
208
225
245
249
261
252
280
281
301
299
290
292
310
317
343
357
366
366
389
395
405
401
402
415
432
430
436
467
484
484
503
520
544
574
597
612
629
628
636
644
649
660
649
660
687
715
744
757
764
782
783
804
819
832
841
845
875
900
918
929
943
976
991
1003
1012
1031
1042
1055
1066
1089
1118
1135
1143
1167
1190
1212
1227
1247
1266
1287
1297
1318
1347
1378
1389
1398
1419
1436
1452
1471
1503
1507
1518
1546
1539
1526
1551
1573
1586
1599
1623
1636
1651
1668
1670
1665
1680
1686
1700
1702
1720
1731
1734
1749
1759
1757
1776
1783
1788
1794
1819
1819
1834
1858
1862
1864
1878
1892
1893
1909
1924
1929
1942
1937
1942
1950
1962
1959
1967
1978
1975
1982
2003
1990
1997
2001
1989
1989
1999
2015
1994
2003
2006
2018
2022
2038
2041
2046
2068
2080
2099
2107
2119
2110
2104
2115
2114
2123
2121
2131
2127
2144
2146
2166
2175
2182
2197
2224
2224
2211
2231
2243
2269
2272
2267
2269
2258
2273
2289
2284
2294
2295
2278
2290
2292
2295
2294
2300
2319
2317
2304
2312
2292
2296
2303
2310
2324
2327
2318
2312
2321
2326
2310
2317
2311
2314
2325
2327
2341
2358
2332
2348
2330
2324
2322
2319
2314
2309
2315
2315
2315
2322
2326
2335
2321
2335
2331
2330
2335
2325
2332
2345
2342
2327
2342
2351
2344
2359
2383
2377
2373
2379
2382
2374
2363
2355
2353
2376
2371
2374
2366
2370
2386
2385
2382
2385
2390
2400
2405
2389
2403
2416
2413
2408
2437
2447
2457
2441
2430
2427
2428
2424
2427
2390
2386
2394
2394
2398
2386
2411
2399
2398
2405
2413
2408
2411
2392
2393
2404
2406
2426
2437
2440
2433
