542
584
654
712
784
856
943
1020
1112
1191
1282
1384
1489
1605
1734
1874
2014
2177
2353
2552
2718
2899
3076
3293
3528
3719
3959
4167
4373
4613
4879
5090
5390
5648
5903
6121
6347
6670
6900
7211
7461
7671
7928
8246
8498
8801
9101
9380
9579
9942
10236
10409
10660
10893
11154
11415
11647
11968
12195
12455
12682
12909
13157
13418
13739
13990
14156
14375
14571
14713
14843
15013
15203
15375
15487
15566
15726
15956
16095
16151
16192
16326
16399
16421
16451
16470
16624
16670
16681
16716
16663
16715
16665
16687
16635
16686
16699
16668
16671
16663
16644
16576
16560
16425
16428
16483
16382
16280
16161
16022
15874
15825
15661
15534
15477
15366
15212
15020
14983
14800
14719
14644
14508
14367
14202
14111
14136
14057
13899
13768
13656
13485
13294
13210
13033
12932
12699
12552
12483
12299
12153
12000
11893
11784
11660
11470
11309
11211
11055
10947
10842
10790
10735
10694
10550
10498
10411
10333
10189
10105
10046
9969
9906
9734
9692
9543
9486
9309
9222
9139
9096
8967
8831
8722
8545
8442
8353
8238
8149
8096
8000
7934
7918
7793
7744
7671
7583
7516
7438
7430
7313
7269
7166
7061
7000
6884
6841
6741
6632
6512
6435
6398
6352
6262
6223
6072
6034
5974
5882
5778
5737
5602
5520
5420
5297
5232
5183
5173
5113
4997
4938
4948
4871
4825
4776
4748
4636
4546
4504
4471
4425
4384
4298
4240
4173
4108
4013
3966
3932
3852
3853
3815
3734
3643
3619
3572
3498
3472
3407
3307
3223
3226
3203
3113
3078
3046
3020
2950
2880
2856
2821
2753
2731
2727
2660
2655
2619
2601
2539
2504
2400
2389
2346
2274
2236
2204
2162
2134
2106
2078
2051
2007
1991
1978
1972
1902
1891
1861
1810
1787
1767
1725
1664
1649
1626
1595
1562
1493
1452
1440
1423
1443
1425
1394
1347
1302
1298
1219
1200
1193
1166
1151
1113
1094
1083
1064
1041
1024
1009
981
972
955
926
903
881
874
846
822
791
782
751
723
717
712
695
686
680
675
663
636
613
611
591
596
579
566
558
557
557
542
544
528
517
502
491
459
456
463
459
443
444
430
422
410
407
400
392
394
377
371
361
353
355
342
334
323
315
309
307
284
284
282
289
286
273
284
273
270
260
263
260
262
260
246
227
223
217
218
220
214
