551
610
672
723
790
878
965
1057
1139
1240
1335
1442
1580
1730
1875
2003
2140
2280
2433
2620
2806
2988
3199
3360
3596
3866
4065
4320
4552
4725
4973
5208
5488
5737
5972
6150
6350
6645
6953
7263
7524
7891
8177
8516
8754
9035
9446
9734
10116
10452
10763
11053
11401
11742
11954
12279
12581
12871
13179
13414
13545
13851
14037
14205
14466
14675
14832
15026
15240
15488
15643
15791
16050
16224
16370
16550
16640
16717
16906
16972
17098
17184
17285
17439
17488
17666
17625
17694
17702
17695
17644
17628
17591
17511
17457
17391
17289
17197
17144
17081
16964
16893
16735
16606
16482
16324
16237
16108
16005
15838
15751
15569
15475
15279
15114
14873
14742
14557
14407
14248
14020
13823
13616
13421
13268
13045
12973
12853
12750
12657
12518
12367
12287
12129
11920
11589
11381
11180
11088
10991
10842
10768
10541
10395
10331
10174
10014
9845
9782
9647
9511
9350
9133
8960
8810
8759
8660
8539
8527
8464
8303
8170
8075
8018
7854
7834
7697
7590
7445
7356
7245
7263
7181
7073
6988
6892
6827
6724
6602
6559
6500
6499
6445
6428
6307
6245
6198
6180
6112
6057
5983
5890
5862
5795
5747
5725
5627
5497
5412
5422
5358
5331
5296
5185
5168
5076
5048
4980
4976
4932
4834
4740
4664
4591
4546
4503
4469
4435
4438
4362
4306
4274
4205
4153
4054
3983
3900
3859
3842
3795
3739
3713
3646
3579
3525
3456
3409
3374
3333
3289
3248
3249
3182
3113
3081
3062
3024
2980
2915
2838
2766
2686
2638
2613
2593
2564
2532
2527
2494
2490
2463
2384
2352
2299
2258
2206
2169
2181
2105
2080
2036
1990
1947
1892
1872
1834
1780
1730
1702
1672
1625
1580
1543
1496
1458
1421
1381
1367
1359
1324
1298
1285
1281
1257
1237
1228
1204
1180
1181
1166
1143
1137
1101
1076
1049
1047
1027
992
946
937
913
896
880
885
881
897
866
832
800
770
766
757
743
746
717
719
710
707
670
647
634
617
597
578
563
561
543
528
517
528
529
523
502
490
500
499
486
481
471
461
478
475
469
467
449
435
413
405
402
416
407
392
397
420
415
418
417
402
409
398
390
388
391
377
371
365
353
355
349
336
330
323
317
320
327
305
305
293
281
273
268
253
267
266
262
256
246
236
232
231
