1000000
958472
918682
880438
843952
809072
776670
746555
718470
692807
669763
648750
629392
612463
597033
583623
572707
563339
556149
550944
547749
545731
544347
543396
542787
542317
542285
542409
542513
542622
542719
542832
542937
543044
543168
543279
543393
543508
543618
543744
543863
543983
544091
544201
544318
544432
544550
544674
544801
544928
545025
545118
545229
545337
545448
545569
545694
545810
545928
546045
546175
546278
546393
546497
546609
546722
546828
546936
547048
547159
547273
547384
547497
547623
547746
547857
547979
548109
548219
548317
548431
548532
548656
548774
548886
549009
549140
549252
549345
549451
549553
549671
549779
549876
549986
550113
550244
550378
550498
550613
550725
550836
550948
551067
551166
551284
551396
551504
551623
551747
551875
551980
552093
552219
552324
552411
552509
552616
552742
552869
552968
553076
553185
553319
553432
553560
553668
553779
553885
554009
554121
554227
554331
554449
554548
554658
554788
554903
555023
555138
555271
555406
555509
555620
555715
555816
555936
556047
556151
556266
556367
556478
556592
556692
556821
556949
557050
557158
557258
557361
557481
557576
557685
557784
557903
558036
558149
558250
558386
558515
558631
558739
558821
558926
559031
559154
559266
559358
559474
559577
559689
559786
559884
560000
560108
560207
560324
560428
560542
560664
560772
560862
560974
561101
561199
561315
561438
561543
561648
561755
561864
561967
562080
562196
562304
562409
562509
562618
562711
562803
562901
563018
563118
563213
563337
563435
563545
563644
563756
563860
563969
564080
564177
564295
564405
564524
564637
564765
564881
565002
565113
565218
565331
565462
565580
565689
565815
565928
566041
566154
566268
566377
566495
566600
566701
566808
566911
567026
567141
567253
567381
567481
567596
567724
567839
567948
568080
568187
568296
568406
568514
568624
568728
568834
568940
569043
569153
569255
569356
569453
569583
569685
569779
569886
569974
570077
570186
570289
570403
570525
570610
570737
570835
570921
571027
571130
571222
571319
571422
571535
571639
571733
571835
571954
572056
572157
572262
572369
572471
572591
572688
572794
572894
572985
573099
573184
573289
573403
573505
573597
573703
573822
573923
574037
574144
574240
574366
574480
574589
574697
574817
574916
575016
575116
575248
575338
575446
575546
575652
575750
575870
575972
576069
576181
576310
576426
576535
576640
576749
576839
576947
577037
577136
577252
577355
577447
577566
577658
577755
577875
577980
578096
578180
578278
578376
578504
578600
578707
578823
578932
579034
579126
579238
579344
579464
579584
579685
579777
579895
580002
580113
580216
580330
580446
580540
580637
580731
580842
580941
581052
581162
581280
581401
581514
581615
581726
581835
581933
582039
582160
582244
582330
582437
582534
582644
582758
582852
582950
583064
583174
583274
583400
583495
583587
583692
583786
583921
584021
584111
584231
584342
584468
584568
584667
584786
584881
584990
585099
585190
585281
585383
585482
585576
585679
585780
585883
585979
586109
586217
586327
586414
586516
586618
586730
586832
586949
587071
587183
587291
587387
587494
587593
587702
587799
587903
588016
588102
588213
588307
588399
588495
588603
588707
588818
588912
589017
589127
589227
589335
589445
589547
589652
589744
589861
589980
590084
590177
590286
590396
590482
590580
590685
590793
590907
591008
591107
591201
591299
591403
591502
591624
591732
591822
591932
592033
592134
592247
592341
592438
592566
592663
592770
592867
592954
593042
593131
593240
593345
593457
593549
593644
