1000000
958418
918949
880651
844624
810002
777586
747815
720193
694235
670671
649590
630876
614463
600655
589322
580133
573079
568334
565806
565233
565148
565253
565378
565486
565575
565676
565766
565891
566014
566120
566239
566348
566462
566592
566680
566776
566893
567008
567125
567223
567332
567430
567547
567645
567761
567876
567979
568096
568208
568334
568443
568550
568661
568772
568881
569018
569145
569247
569330
569435
569544
569648
569758
569877
569982
570118
570215
570312
570430
570551
570661
570762
570877
570988
571102
571214
571301
571413
571528
571628
571753
571860
571949
572048
572143
572250
572350
572464
572569
572681
572779
572886
573008
573115
573218
573350
573463
573563
573668
573770
573869
573970
574081
574196
574308
574411
574534
574621
574731
574823
574914
575031
575140
575248
575336
575454
575574
575679
575765
575884
575995
576099
576211
576301
576416
576515
576612
576706
576819
576929
577032
577134
577237
577335
577447
577571
577661
577776
577883
577987
578096
578190
578288
578374
578473
578594
578699
578808
578895
579014
579127
579236
579352
579457
579552
579643
579717
579829
579940
580038
580148
580264
580376
580495
580614
580731
580844
580961
581048
581155
581262
581381
581479
581584
581696
581802
581905
582004
582108
582207
582320
582419
582524
582624
582733
582849
582968
583091
583166
583258
583355
583462
583559
583653
583781
583897
584013
584092
584200
584299
584381
584505
584600
584713
584822
584929
585057
585159
585279
585385
585507
585601
585709
585826
585928
586034
586142
586242
586348
586432
586544
586638
586746
586855
586952
587057
587164
587269
587388
587490
587605
587717
587829
587936
588030
588153
588252
588342
588441
588538
588647
588750
588862
588963
589064
589180
589292
589387
589498
589596
589693
589784
589893
589994
590113
590209
590299
590394
590494
590587
590703
590797
590901
590998
591095
591197
591302
591401
591514
591624
591737
591821
591919
592017
592124
592218
592332
592432
592523
592638
592744
592856
592973
593068
593165
593259
593357
593477
593575
593683
593781
593896
594018
594124
594226
594325
594416
594512
594618
594715
594821
594920
595010
595111
595222
595341
595444
595552
595650
595750
595842
595941
596061
596168
596257
596359
596465
596574
596676
596779
596888
596996
597093
597194
597303
597404
597493
597589
597701
597790
597880
597971
598077
598185
598292
598392
598481
598580
598665
598767
598853
598958
599052
599166
599281
599380
599476
599584
599672
599778
599869
599969
600076
600185
600293
600401
600504
600601
600695
600789
600888
600976
601071
601167
601263
601368
601462
601560
601681
601777
601864
601955
602063
602146
602254
602355
602446
602555
602655
602753
602856
602947
603063
603151
603238
603332
603443
603542
603655
603762
603853
603949
604044
604140
604242
604346
604429
604519
604620
604704
604810
604918
605018
605122
605235
605347
605433
605533
605636
605724
605825
605927
606025
606120
606235
606352
606449
606553
606648
606729
606820
606916
607020
607122
607205
607287
607390
607488
607606
607705
607812
607907
607993
608097
608199
608283
608363
608452
608553
608659
608752
608857
608954
609043
609145
609251
609337
609436
609529
609618
609710
609794
609889
609996
610085
610186
610282
610370
610466
610570
610688
610788
610881
610987
611098
611194
611286
611380
611485
611578
611690
611788
611891
611987
612083
612168
612266
612366
612451
612565
612656
612765
612866
612957
613054
613152
613244
613324
613433
613526
613616
613716
613815
613906
614003
614096
614177
614271
614359
614451
