125000
25457
5824
3032
1911
1370
1059
902
736
661
632
565
585
558
533
539
569
547
582
605
591
708
758
810
827
916
1016
1138
1133
1217
1364
1461
1590
1714
1887
2047
2325
2447
2625
2971
3215
3522
3583
3887
4098
4483
4907
5335
5777
6280
6828
7297
7832
8415
8907
9797
10524
11704
12717
13941
14705
15642
16906
17643
18947
19837
20910
22937
24726
25963
27577
28759
30460
31959
34359
36455
38789
40747
42521
45155
47369
49164
51093
52804
55101
57853
60494
63159
65605
68132
70850
72895
76421
78943
81572
84843
88579
92256
95059
97092
98899
102492
106368
109196
110980
113079
115597
118447
121545
124722
129063
131762
134165
137343
141523
144288
147263
149742
152511
155376
158266
160417
161782
164150
166403
168793
170623
172647
175176
177154
179514
181922
184193
186478
187583
189858
192383
194692
196553
198205
199714
202008
203641
205082
206642
208275
209311
210818
213033
214204
215208
216634
218222
219305
220428
221466
222583
223764
224648
225570
226440
227234
228080
229054
229830
230720
231650
232274
232935
233499
233993
234533
235319
235783
236271
236800
237320
237767
238221
238710
239170
239625
240102
240621
241048
241357
241804
242172
242423
242769
242876
243354
243556
243963
244135
244323
244558
244708
244908
245076
245235
245401
245599
245840
246033
246223
246337
246569
246713
246864
247093
247209
247362
247615
247677
247709
247785
247895
247961
248097
248159
248266
248353
248458
248541
248544
248636
248623
248694
248762
248773
248783
248863
248894
248890
248955
248996
249048
249108
249120
249165
249242
249217
249285
249361
249351
249377
249388
249396
249415
249431
249445
249471
249508
249536
249534
249550
249573
249594
249635
249634
249645
249657
249674
249702
249716
249712
249735
249767
249802
249811
249800
249820
249848
249861
249884
249884
249887
249886
249865
249892
249881
249900
249910
249922
249911
249917
249917
249918
249923
249937
249942
249943
249933
249931
249941
249944
249955
249967
249970
249963
249955
249954
249958
249974
249981
249989
249994
249994
249997
249999
249999
249999
249999
250000
250000
250000
250000
250000
250000
250000
250000
250000
250000
250000
250000
250000
250000
250000
250000
250000
250000
250000
250000
250000
250000
250000
250000
250000
250000
250000
250000
250000
250000
250000
250000
250000
250000
250000
250000
250000
250000
250000
250000
250000
250000
250000
250000
250000
250000
250000
250000
250000
250000
250000
250000
250000
250000
250000
250000
250000
250000
250000
250000
250000
250000
250000
250000
250000
250000
250000
250000
250000
250000
250000
250000
250000
250000
250000
250000
250000
250000
250000
250000
250000
250000
250000
250000
250000
250000
250000
250000
250000
250000
250000
250000
250000
250000
250000
250000
250000
250000
250000
250000
250000
250000
250000
250000
250000
250000
250000
250000
250000
250000
250000
250000
250000
250000
250000
250000
250000
250000
250000
250000
250000
250000
250000
250000
250000
250000
250000
250000
250000
250000
250000
250000
250000
250000
250000
250000
250000
250000
250000
250000
250000
250000
250000
250000
250000
250000
250000
250000
250000
250000
250000
250000
250000
250000
250000
250000
250000
250000
250000
250000
250000
250000
250000
250000
250000
250000
250000
250000
250000
250000
250000
250000
250000
250000
250000
250000
250000
250000
250000
250000
250000
250000
250000
250000
250000
250000
250000
