125000
28251
6867
3025
1914
1450
1137
865
810
700
652
596
587
527
487
472
507
472
516
563
544
594
613
653
684
677
795
846
907
916
1123
1233
1256
1371
1470
1672
1827
1931
2223
2438
2654
2821
3164
3431
3661
4098
4428
4791
5224
5576
6130
6714
7306
7608
8139
8926
9800
10378
11607
11939
12627
13406
14735
15978
17026
18496
19799
20793
22191
23391
25267
26551
28063
29993
31983
33253
34570
36369
37865
40193
42417
44472
47153
48802
51135
54479
58006
59592
62255
65060
66863
69762
73430
75704
79120
81723
85287
87938
90068
93731
95289
98585
102001
105396
108713
111761
114042
116496
119439
122857
126744
128795
131377
134860
137964
141156
144512
148180
150918
153171
156169
158871
161376
163133
164481
167077
169931
172042
173754
175615
177354
180021
181865
184501
186378
188610
190928
192918
194923
196489
198472
200491
202474
203775
205576
207376
208980
210748
212558
214082
215446
216072
217467
218735
219560
220626
221628
222502
223039
223988
225003
225731
226505
227564
228420
229218
229875
230739
231475
232209
232886
233589
234180
234962
235629
235964
236489
237012
237572
238265
238776
239367
239833
240230
240824
241133
241410
241727
242010
242390
242711
242917
243168
243239
243565
243891
244200
244510
244665
244884
245084
245302
245551
245754
246022
246343
246506
246494
246709
246929
246963
247083
247265
247321
247397
247457
247494
247575
247680
247786
247883
247937
248056
248114
248259
248307
248395
248408
248467
248539
248595
248661
248747
248801
248905
248913
248907
248986
249024
249106
249160
249209
249280
249296
249357
249327
249383
249409
249438
249480
249463
249468
249500
249477
249494
249526
249514
249539
249471
249492
249564
249600
249653
249671
249683
249738
249745
249755
249748
249761
249779
249809
249820
249833
249833
249846
249847
249860
249845
249850
249864
249873
249869
249872
249876
249872
249880
249889
249910
249923
249933
249932
249942
249958
249969
249968
249966
249963
249967
249966
249969
249973
249976
249971
249969
249972
249965
249961
249961
249963
249963
249958
249958
249961
249967
249976
249981
249981
249981
249981
249986
249986
249988
249984
249984
249984
249984
249987
249990
249982
249986
249989
249986
249986
249979
249988
249990
249987
249986
249980
249977
249980
249976
249978
249975
249979
249976
249979
249984
249986
249989
249996
249997
249998
249999
249999
249999
249999
249999
250000
250000
250000
250000
250000
250000
250000
250000
250000
250000
250000
250000
250000
250000
250000
250000
250000
250000
250000
250000
250000
250000
250000
250000
250000
250000
250000
250000
250000
250000
250000
250000
250000
250000
250000
250000
250000
250000
250000
250000
250000
250000
250000
250000
250000
250000
250000
250000
250000
250000
250000
250000
250000
250000
250000
250000
250000
250000
250000
250000
250000
250000
250000
250000
250000
250000
250000
250000
250000
250000
250000
250000
250000
250000
250000
250000
250000
250000
250000
250000
250000
250000
250000
250000
250000
250000
250000
250000
250000
250000
250000
250000
250000
250000
250000
250000
250000
250000
250000
250000
250000
250000
250000
250000
250000
250000
250000
250000
250000
250000
250000
250000
250000
250000
250000
250000
250000
250000
250000
250000
250000
250000
250000
250000
250000
250000
250000
250000
250000
250000
250000
250000
250000
250000
250000
250000
250000
250000
250000
250000
250000
250000
