125000
38387
6647
3243
2049
1558
1108
990
842
756
737
673
595
611
600
513
584
531
590
609
621
602
620
668
716
750
820
867
951
991
1107
1108
1301
1404
1460
1657
1704
1893
2041
2328
2478
2802
3003
3282
3610
3918
4232
4669
4958
5126
5696
6118
6761
7433
8113
8397
8954
10099
10825
11900
12798
13930
14975
16193
16770
17974
19181
20408
21941
23416
25569
26967
29411
31390
32862
35075
36467
38822
39809
43066
44716
47400
49124
50345
53703
56718
58724
61653
64522
67146
70479
72976
75380
77494
80168
82797
85676
87591
90220
92563
95381
97903
100051
102894
106159
108689
111096
116073
120254
124530
127459
130374
133786
136687
139542
142466
144773
146985
150177
153067
155425
157888
160038
162224
165816
168646
170107
172513
174503
176249
178483
181979
184231
185878
188261
190060
191951
193613
195445
197992
200148
201469
203269
204547
205956
207419
209184
210556
212238
213201
214388
216305
217707
218580
219626
220722
221895
222908
224089
225491
226556
227693
228790
229572
230347
230891
231501
232045
232776
233334
233623
234243
235137
235717
236239
236831
237416
237780
238390
238931
239362
239667
240097
240537
240656
240977
241249
241597
241856
242210
242414
242891
243317
243599
243815
243987
244256
244640
244893
245173
245265
245433
245661
245825
246026
246222
246474
246639
246836
247028
247201
247308
247398
247517
247650
247700
247879
248040
248158
248202
248289
248366
248373
248443
248509
248588
248651
248728
248749
248872
248897
248949
248972
249050
249150
249213
249240
249238
249326
249325
249380
249412
249463
249495
249507
249539
249551
249563
249538
249561
249579
249601
249634
249606
249614
249643
249681
249716
249732
249764
249782
249799
249790
249807
249817
249829
249832
249832
249855
249903
249908
249913
249896
249912
249919
249898
249905
249911
249914
249921
249927
249935
249932
249929
249938
249940
249919
249922
249924
249930
249916
249921
249926
249917
249922
249918
249921
249917
249929
249926
249935
249933
249934
249935
249935
249935
249942
249931
249929
249930
249941
249942
249947
249958
249963
249972
249981
249980
249978
249971
249974
249980
249984
249991
249995
249995
249998
250000
250000
250000
250000
250000
250000
250000
250000
250000
250000
250000
250000
250000
250000
250000
250000
250000
250000
250000
250000
250000
250000
250000
250000
250000
250000
250000
250000
250000
250000
250000
250000
250000
250000
250000
250000
250000
250000
250000
250000
250000
250000
250000
250000
250000
250000
250000
250000
250000
250000
250000
250000
250000
250000
250000
250000
250000
250000
250000
250000
250000
250000
250000
250000
250000
250000
250000
250000
250000
250000
250000
250000
250000
250000
250000
250000
250000
250000
250000
250000
250000
250000
250000
250000
250000
250000
250000
250000
250000
250000
250000
250000
250000
250000
250000
250000
250000
250000
250000
250000
250000
250000
250000
250000
250000
250000
250000
250000
250000
250000
250000
250000
250000
250000
250000
250000
250000
250000
250000
250000
250000
250000
250000
250000
250000
250000
250000
250000
250000
250000
250000
250000
250000
250000
250000
250000
250000
250000
250000
250000
250000
250000
250000
250000
250000
250000
250000
250000
250000
250000
250000
250000
250000
250000
250000
250000
250000
250000
250000
250000
250000
250000
250000
250000
250000
250000
250000
250000
250000
250000
250000
250000
250000
250000
