125000
34153
6966
3155
1963
1437
1237
1024
861
765
655
621
604
546
566
586
580
592
541
577
635
598
691
737
764
819
866
965
1060
1153
1246
1392
1475
1578
1745
1941
2086
2283
2565
2729
2922
3300
3441
3755
4075
4487
4700
5076
5467
6033
6646
7277
7775
8297
8768
9481
10112
10942
11677
12765
13433
14468
15304
16567
17892
19436
20892
22254
23480
25161
27236
28920
30327
32304
34178
35960
37744
40533
41908
43511
45285
46807
48779
50966
53690
55952
58343
60774
63352
66673
69838
72011
74599
77124
80145
83822
86720
89459
92821
95250
98228
101330
103975
106782
109012
111690
115027
118009
121383
124939
127463
129315
131583
134393
138298
140838
143594
146030
148917
151482
154715
156584
158742
161087
163682
167119
170056
171750
173439
175525
178865
181938
184768
186729
188677
190661
192954
194844
196482
198054
200098
202313
203984
205596
206971
207954
208912
210118
211920
213297
214725
215954
217592
218758
219936
221137
222279
223240
224368
225513
226267
226883
227750
228470
229202
229947
230890
231635
232459
233273
234084
235259
236024
236428
237140
237736
238407
238896
239340
239652
240304
240663
241009
241475
241832
242201
242438
242609
242984
243071
243252
243540
243864
244088
244207
244487
244638
244819
244908
245202
245437
245680
245868
245922
246121
246335
246405
246457
246600
246756
246923
246932
247125
247268
247386
247477
247660
247774
247844
247887
248044
248184
248238
248332
248455
248460
248556
248595
248633
248685
248759
248792
248829
248853
248911
248974
249035
249111
249145
249173
249257
249222
249259
249284
249322
249348
249360
249395
249430
249485
249551
249579
249557
249596
249655
249654
249677
249687
249702
249696
249724
249743
249746
249754
249784
249811
249812
249820
249846
249853
249883
249879
249902
249911
249907
249916
249924
249911
249917
249916
249929
249922
249923
249933
249935
249945
249944
249942
249939
249934
249944
249948
249950
249966
249969
249968
249965
249962
249973
249972
249975
249963
249963
249966
249971
249969
249962
249970
249962
249962
249961
249954
249968
249974
249978
249977
249982
249986
249991
249994
249997
249997
249999
249999
249999
250000
250000
250000
250000
250000
250000
250000
250000
250000
250000
250000
250000
250000
250000
250000
250000
250000
250000
250000
250000
250000
250000
250000
250000
250000
250000
250000
250000
250000
250000
250000
250000
250000
250000
250000
250000
250000
250000
250000
250000
250000
250000
250000
250000
250000
250000
250000
250000
250000
250000
250000
250000
250000
250000
250000
250000
250000
250000
250000
250000
250000
250000
250000
250000
250000
250000
250000
250000
250000
250000
250000
250000
250000
250000
250000
250000
250000
250000
250000
250000
250000
250000
250000
250000
250000
250000
250000
250000
250000
250000
250000
250000
250000
250000
250000
250000
250000
250000
250000
250000
250000
250000
250000
250000
250000
250000
250000
250000
250000
250000
250000
250000
250000
250000
250000
250000
250000
250000
250000
250000
250000
250000
250000
250000
250000
250000
250000
250000
250000
250000
250000
250000
250000
250000
250000
250000
250000
250000
250000
250000
250000
250000
250000
250000
250000
250000
250000
250000
250000
250000
250000
250000
250000
250000
250000
250000
250000
250000
250000
250000
250000
250000
250000
250000
250000
250000
250000
250000
250000
250000
250000
250000
250000
250000
250000
250000
