0
0
0
0
1
1
1
4
5
6
7
9
11
13
15
20
22
22
26
27
28
31
32
35
37
37
36
39
38
39
42
43
43
42
41
43
43
40
40
40
39
39
39
43
44
44
46
47
46
45
46
46
44
43
42
42
37
35
34
32
29
30
30
28
28
28
27
26
26
26
25
27
28
27
26
26
29
29
30
29
29
29
29
28
27
26
23
24
24
23
23
23
22
23
23
22
22
22
22
20
19
19
19
19
17
17
17
17
17
17
16
14
14
12
12
12
12
12
12
12
12
12
11
11
11
10
10
9
8
9
8
8
7
7
7
7
7
8
8
8
8
8
8
6
6
6
8
7
6
6
7
7
7
7
8
8
8
10
9
8
8
8
8
8
9
9
8
8
8
8
8
7
8
10
10
10
10
11
11
11
11
11
12
11
11
11
11
10
9
8
8
8
8
11
11
11
11
11
11
11
11
11
11
11
11
11
11
10
10
9
10
9
9
9
10
10
11
10
10
8
8
7
8
8
8
8
9
9
9
9
8
8
8
8
7
6
6
6
6
5
5
5
5
5
5
5
5
4
4
4
4
5
5
5
5
5
5
6
7
7
7
7
7
8
8
8
8
8
7
8
9
9
8
7
7
6
6
6
7
6
7
7
8
8
8
8
8
8
8
8
7
7
7
