0
0
0
2
4
4
6
7
7
12
12
13
17
21
22
21
26
30
32
35
38
40
46
47
48
44
47
48
45
46
49
51
52
54
54
54
55
52
50
51
51
51
50
48
46
46
46
47
47
48
48
48
48
46
45
46
47
47
45
46
43
44
43
42
39
40
38
39
36
35
33
32
30
28
27
27
28
25
24
23
24
23
23
22
22
21
20
19
18
18
18
18
19
19
19
19
18
16
17
17
17
16
17
17
16
17
17
17
17
17
15
15
16
16
16
16
15
15
15
15
15
15
15
15
14
13
13
13
13
14
13
13
13
14
14
13
12
13
13
12
12
10
10
10
10
10
10
10
9
9
10
10
11
12
12
13
14
14
14
14
14
14
13
11
12
12
12
12
12
14
14
15
15
14
14
14
14
14
13
13
11
11
11
11
12
12
12
12
12
12
12
12
13
15
15
14
14
13
13
12
12
12
10
10
12
12
11
11
10
11
12
12
15
15
16
16
14
14
13
13
13
14
14
12
12
12
12
12
14
12
13
13
13
13
13
14
13
12
11
12
12
11
10
10
11
10
11
11
10
9
8
9
9
9
9
10
9
10
9
9
9
8
8
7
7
7
8
7
7
8
7
7
7
7
7
7
8
8
9
10
10
10
10
10
10
8
9
8
8
8
7
7
8
9
