0
0
0
0
0
0
0
0
0
2
3
7
11
21
28
44
61
80
105
143
187
240
298
339
423
517
632
768
900
1068
1237
1445
1670
1936
2244
2606
3005
3429
3910
4442
4995
5630
6369
7097
7900
8787
9724
10722
11796
13015
14301
15679
17170
18900
20793
22742
24793
27022
29358
31848
34515
37440
40515
43723
47111
50785
54598
58674
62985
67521
72299
77113
82377
87830
93497
99602
105891
112616
119575
126711
134254
142069
150252
158858
167508
176518
185971
195804
206024
216238
227172
238202
249382
261040
272759
284830
297042
309675
322643
335717
349123
362922
376915
390741
404765
418962
433559
448611
463844
479122
494376
509705
525220
541189
556951
572790
588513
604590
621079
637848
654661
671382
688382
705852
723823
742131
760287
778852
797423
816400
835737
854900
873977
893260
912622
931596
950680
969714
988823
1007926
1027040
1046415
1065864
1085335
1104881
1124384
1143679
1162853
1182116
1200900
1219835
1239173
1258649
1278233
1297989
1317824
1338081
1358593
1379665
1400764
1422138
1443318
1464905
1486763
1508389
1530337
1552238
1574452
1596438
1618164
1640152
1661547
1683245
1704797
1726420
1748729
1771122
1793286
1815072
1837286
1859137
1880858
1902305
1923585
1945006
1966676
1987961
2009272
2030252
2051674
2073078
2094179
2115548
2137092
2158666
2179453
2200388
2220791
2241257
2261567
2281724
2302080
2322198
2341778
2361015
2380468
2399887
2419419
2439392
2458820
2478140
2497516
2516308
2535088
2553272
2571824
2589669
2607605
2625439
2643426
2661476
2679636
2697623
2715630
2733222
2750989
2768584
2786707
2804770
2822789
2840594
2858233
2875651
2892293
2909626
2927119
2944366
2961704
2979361
2996525
3014042
3031526
3048472
3066059
3083629
3100820
3118487
3136175
3153820
3171726
3189629
3207931
3226287
3244631
3262924
3280943
3298683
3316676
3334012
3351469
3368655
3385690
3402711
3419715
3437062
3453805
3470455
3486931
3503339
3519506
3535787
3551934
3568868
3585581
3602531
3619303
3635689
3652126
3668759
3685481
3702585
3719321
3736228
3752830
3769210
3785821
3802984
3819881
3836820
3853313
3868919
3884778
3900026
3915355
3931005
3947178
3963060
3978727
3994579
4010071
4025835
4041430
4056765
4071600
4085862
4100252
4114660
4129380
4144096
4158720
4173580
4188434
4203834
4218978
4234538
4250014
4265013
4279934
4294277
4308740
4323725
4338987
4353850
4368265
4382882
4397231
4411963
4426206
4439806
4453389
4467208
4481335
4495771
4509767
4523876
4538755
4553487
4568354
4582971
4597519
4612141
4626471
4640278
4654396
4668648
4683229
4697348
4711597
4726389
4741088
4756104
4770631
4784691
4798477
4812432
4826604
4840823
4854418
4867922
4881688
4895553
4909563
4924039
4937946
4951557
4964864
4978293
4991949
5005112
5018282
5031702
5045162
5059017
5073430
5088516
5103285
5117941
5132577
5147244
5162021
5177085
5191981
5207112
5222261
5237389
5252262
5267115
5281806
5296869
5311747
5326582
5340912
5355267
5369096
5382759
5396824
5410898
5425145
5438905
5452386
5465719
5478128
5490450
5502815
5515412
5528199
5540749
5553098
5565099
5576861
5588749
5600804
5612758
5624819
5636930
5648836
5660711
5672251
5683426
5694890
5706642
5718174
5730055
5741926
5753674
5765144
5777065
5788455
5799873
5811427
5823063
5834958
5847205
5859707
5871886
5884635
5896572
5908578
5920866
5932737
5944906
5957018
5969771
5982575
5995561
6008971
6022682
6036210
6049433
6063144
6076279
6090337
6103901
6117570
6131511
6145419
6158965
6172256
6185071
6197854
6211151
6224291
6237534
6250345
6263276
6276197
6289388
6302437
6315273
6328186
6341397
6354225
6367288
6380201
6393061
6405459
6417618
6430128
6442838
6455745
6468625
6481279
6494550
6507151
6519767
6532225
6544532
6556468
6568853
6580727
6592337
6603631
6614944
6626683
6638812
6650610
6662060
6673165
6684512
6696145
6708231
