0
0
0
0
0
0
0
0
1
4
6
14
18
28
37
52
72
94
114
145
192
237
294
366
438
516
612
728
880
1046
1244
1432
1671
1942
2238
2572
2948
3371
3814
4245
4770
5344
6002
6674
7451
8279
9257
10317
11498
12679
14029
15387
16878
18573
20356
22239
24191
26305
28701
31255
33972
36906
40035
43207
46629
50168
53864
57859
62049
66424
71122
75976
81164
86647
92407
98622
104980
111517
118373
125365
132578
140116
148021
156022
164210
172850
181471
190549
199845
209412
219454
229457
240108
251076
262205
273638
285285
297134
309245
321613
334156
346962
360202
373514
387444
401658
415969
430631
445591
460439
475382
490551
505708
521254
536736
552336
568049
584270
600647
616884
633153
649947
666959
684043
701236
718580
736352
754570
772725
790864
809414
827705
846388
865501
884850
903922
923297
943002
962390
981841
1001461
1021448
1041440
1061776
1081888
1101953
1121931
1141800
1161358
1181490
1201637
1221319
1241429
1261421
1281150
1300568
1319532
1338448
1357911
1376762
1395901
1415007
1433959
1453391
1472998
1492690
1512466
1532544
1552408
1572680
1592589
1612772
1632999
1653096
1673017
1693179
1713273
1733430
1753292
1773480
1793239
1813246
1833292
1853286
1873480
1894122
1914632
1934904
1955218
1975499
1996083
2016616
2037023
2057407
2077584
2097737
2118293
2138850
2159759
2180707
2201481
2222109
2242596
2263188
2283435
2303765
2324468
2345010
2365786
2386225
2406232
2426439
2446347
2466774
2486491
2506633
2526653
2547086
2567000
2586570
2606290
2625859
2645298
2664831
2683928
2703110
2722050
2740644
2759293
2777945
2796459
2814897
2833277
2851719
2870863
2889704
2909059
2927934
2946546
2964984
2983453
3001540
3019404
3037091
3054842
3072596
3090576
3108386
3126211
3144145
3162009
3179873
3197880
3215590
3233962
3252269
3270017
3287816
3305545
3323480
3341475
3359379
3376517
3393310
3410211
3426547
3443419
3461122
3477992
3495319
3512354
3529115
3546290
3562990
3579503
3596078
3612565
3628910
3644999
3660959
3676911
3693147
3709262
3724535
3739388
3754235
3768483
3782657
3796816
3811132
3825189
3839237
3853099
3866975
3881161
3895253
3908987
3923169
3937817
3952562
3967063
3981687
3996405
4011170
4026297
4040809
4055609
4070588
4085456
4099951
4114603
4129740
4144603
4159565
4174895
4189959
4205318
4220557
4236405
4252434
4268694
4284779
4301088
4317549
4334218
4350560
4366633
4382533
4398220
4414088
4430081
4446266
4462614
4478519
4494583
4510730
4527336
4543798
4560938
4577660
4594652
4610807
4626815
4642590
4658532
4674864
4691218
4707852
4724283
4740826
4756940
4772613
4788796
4805206
4821676
4837807
4854254
4870786
4887568
4904636
4921817
4939376
4956325
4973073
4989575
5006252
5022826
5039793
5056276
5072423
5088701
5104496
5120595
5136658
5152821
5168761
5184272
5199503
5214657
5229565
5243703
5257796
5272082
5286465
5301315
5315529
5329693
5344158
5358134
5372328
5385813
5399331
5413195
5426539
5440027
5453253
5466407
5479108
5491675
5504248
5516185
5528524
5540246
5552399
5564542
5576539
5588606
5600740
5612855
5625368
5637561
5649296
5660949
5672557
5684058
5695432
5707191
5719498
5732494
5745082
5758565
5771652
5784512
5797438
5810174
5822385
5834948
5847632
5860330
5872884
5885463
5898129
5910569
5923320
5936238
5949045
5962517
5975602
5989074
6002132
6015768
6029000
6042554
6056091
6069820
6083087
6096614
6109868
6123384
6136551
6150323
6163744
6176633
6189604
6201894
6214339
6226951
6239437
6251997
6264541
6276338
6288252
6299922
6311742
6323499
6334809
6346244
6357187
6367888
6378266
6389353
6400154
6410809
6421396
6432081
6442251
6452841
6463185
6473929
6484887
6495747
6507309
6518542
6529397
6540626
6551586
6562767
6573836
6585365
6596504
6608166
6619268
6630861
6642042
6653120
6664368
6675637
6686526
6696980
6707770
6718476
