0
37
257
651
1201
1979
2896
4021
5160
6422
7892
9449
11014
12595
14304
16114
18047
20059
22053
24166
26148
28299
30250
32274
34255
36062
38128
40195
42279
44284
46254
47954
49557
51052
52502
53916
55089
56378
57434
58333
59131
59724
60295
60847
61533
61912
62793
63179
63392
63885
64422
64775
65019
65364
65519
65551
65446
65172
65078
64848
64564
64227
63967
63527
63047
62318
61699
60939
60232
59515
58852
57986
56958
55853
54875
53922
52752
51686
50628
49434
48202
46885
45633
44424
43083
41727
40362
38970
37528
36197
34814
33508
32177
30904
29792
28539
27212
26060
24878
23777
22632
21547
20532
19619
18690
17829
17040
16241
15476
14761
14110
13447
12806
12144
11546
10943
10362
9854
9402
8929
8500
8034
7584
7191
6784
6425
6004
5628
5258
4901
4580
4277
3969
3702
3432
3196
2968
2743
2565
2374
2199
2051
1894
1748
1614
1485
1368
1259
1165
1082
1004
932
863
795
732
667
617
579
533
490
449
409
370
348
315
286
265
246
234
216
197
184
169
159
147
142
133
120
112
107
102
92
89
80
75
68
62
59
55
51
46
42
37
32
29
28
28
25
24
22
21
21
17
17
15
12
11
11
11
9
9
8
8
8
6
5
5
5
5
4
3
3
2
2
2
2
2
2
2
1
1
1
1
1
1
1
1
1
1
1
1
1
1
1
1
1
0
0
0
0
0
0
0
0
0
0
0
0
0
0
0
0
0
0
0
0
0
0
0
0
0
0
0
0
0
0
0
0
0
0
0
0
0
0
0
0
0
0
0
0
0
0
0
0
0
0
0
0
0
0
0
0
0
0
0
0
0
0
0
0
0
0
0
0
0
0
0
0
0
0
0
0
0
0
0
0
0
0
0
0
0
0
0
0
0
0
0
0
0
0
0
0
0
0
0
0
0
0
0
0
0
0
0
0
0
0
0
0
0
0
0
0
0
0
0
0
0
0
0
0
0
0
0
0
0
0
0
0
0
0
0
0
0
0
0
0
0
0
0
0
0
0
0
0
0
0
0
0
0
0
0
0
0
0
0
0
0
0
0
0
0
0
0
0
0
0
0
0
0
0
0
0
0
0
0
0
0
0
0
0
0
0
0
0
0
0
0
0
0
0
0
0
0
0
0
0
0
0
0
0
0
0
0
0
0
0
0
0
0
0
0
0
0
0
0
0
0
0
0
0
0
0
0
0
0
0
0
0
0
0
0
0
0
0
0
0
0
0
0
0
0
0
0
0
0
0
0
0
0
0
0
