0
5
26
87
198
369
625
991
1504
2136
2896
3764
4763
5931
7356
8905
10685
12654
14802
17316
19924
22843
26159
29736
33685
38244
43291
48836
54930
61579
68730
76670
85255
94497
104611
115623
127480
140288
154039
168655
184317
200907
218342
236919
256721
278101
300051
323500
348572
374875
402118
431318
462135
494289
527910
562834
599514
638233
678644
720640
764396
809368
856733
905159
955469
1007449
1061072
1116645
1172876
1230533
1289902
1351559
1414259
1479017
1544341
1610188
1677315
1744693
1813106
1881945
1952160
2022792
2094423
2166405
2237990
2310616
2384489
2458084
2531558
2604790
2676954
2749872
2822611
2895823
2968014
3039650
3110319
3180454
3249399
3317579
3384726
3450618
3516574
3580896
3644029
3706943
3768779
3828226
3887120
3943780
3999405
4054407
4107614
4160027
4211114
4260617
4309290
4356188
4401173
4445258
4488652
4530249
4571742
4612041
4650829
4688901
4726924
4763676
4799504
4834305
4867885
4900027
4931549
4962761
4992548
5021609
5049461
5076406
5102437
5127201
5151278
5175041
5197817
5220350
5242005
5262840
5282737
5301853
5320114
5338398
5355889
5372077
5387593
5402953
5417841
5432169
5445811
5458871
5471308
5482880
5494102
5504990
5515183
5525145
5534796
5544189
5553309
5562193
5570657
5578720
5586684
5594150
5601143
5608038
5614608
5620950
5626994
5632900
5638476
5643735
5648809
5653949
5658676
5663223
5667827
5672199
5676415
5680532
5684566
5688298
5691970
5695334
5698526
5701616
5704628
5707589
5710389
5712920
5715247
5717548
5719760
5721953
5723987
5725976
5727828
5729556
5731172
5732761
5734231
5735653
5736945
5738221
5739464
5740636
5741696
5742767
5743661
5744558
5745407
5746282
5747091
5747881
5748624
5749300
5750018
5750648
5751268
5751789
5752318
5752845
5753342
5753752
5754201
5754576
5754938
5755278
5755597
5755941
5756243
5756529
5756770
5756966
5757202
5757383
5757550
5757705
5757905
5758107
5758330
5758488
5758632
5758804
5758955
5759136
5759265
5759389
5759503
5759594
5759672
5759755
5759824
5759842
5759903
5759959
5759993
5760003
5760037
5760085
5760117
5760137
5760157
5760163
5760176
5760187
5760187
5760161
5760161
5760142
5760159
5760169
5760166
5760142
5760148
5760156
5760151
5760129
5760142
5760156
5760158
5760163
5760164
5760164
5760178
5760212
5760219
5760229
5760230
5760242
5760240
5760248
5760225
5760225
5760238
5760224
5760220
5760202
5760186
5760187
5760180
5760205
5760215
5760194
5760171
5760140
5760132
5760093
5760047
5760019
5760007
5759956
5759934
5759899
5759838
5759801
5759749
5759717
5759678
5759642
5759584
5759546
5759509
5759434
5759386
5759341
5759292
5759241
5759178
5759129
5759084
5759028
5758985
5758915
5758853
5758817
5758744
5758734
5758678
5758610
5758573
5758542
5758487
5758455
5758435
5758401
5758357
5758327
5758265
5758255
5758236
5758213
5758175
5758133
5758101
5758041
5758004
5757951
5757896
5757862
5757802
5757767
5757730
5757712
5757670
5757625
5757596
5757555
5757512
5757480
5757438
5757414
5757390
5757368
5757339
5757319
5757272
5757250
5757226
5757164
5757124
5757072
5757027
5756969
5756916
5756860
5756844
5756836
5756811
5756747
5756725
5756676
5756595
5756561
5756485
5756453
5756382
5756338
5756300
5756264
5756221
5756198
5756152
5756106
5756078
5756055
5756029
5755999
5755978
5755947
5755900
5755874
5755828
5755795
5755772
5755732
5755718
5755670
5755599
5755562
5755531
5755480
5755436
5755388
5755330
5755277
5755230
5755171
5755108
5755092
5755080
5755033
5754968
5754940
5754912
5754878
5754836
5754792
5754752
5754681
5754644
5754615
5754580
5754524
5754490
5754418
5754353
5754290
5754255
5754220
5754184
5754123
5754083
5754057
5754018
5753969
5753943
5753903
5753857
5753794
5753725
5753689
5753649
5753621
5753577
5753522
5753445
5753401
5753375
5753309
5753260
5753201
5753160
5753120
5753087
5753027
5752999
5752966
5752924
5752857
5752830
5752798
5752775
5752756
5752707
5752661
5752631
5752620
5752582
5752525
5752511
5752463
5752429
