0
7
27
92
214
410
678
1060
1608
2231
2972
3842
4804
5960
7335
8963
10750
12762
15033
17481
20230
23277
26570
30177
34122
38579
43404
48706
54657
61170
68314
75915
84273
93259
103016
113448
124970
136999
150035
163962
178680
194583
211622
229639
248949
269180
290646
313578
337822
363325
390382
418947
449305
481162
514702
549994
586391
624801
664254
705873
748997
794434
840931
889353
939204
990871
1044469
1099269
1155394
1212802
1271966
1332726
1394774
1457604
1521175
1585253
1649730
1715709
1782613
1850715
1919129
1989036
2059442
2130359
2201684
2273186
2345187
2417504
2489284
2560804
2632954
2704580
2775875
2846511
2916118
2984848
3052836
3120413
3186683
3253032
3318506
3383437
3448181
3512118
3575526
3638220
3699247
3760180
3819591
3877318
3933850
3989407
4043390
4095972
4147331
4197919
4247370
4295177
4341889
4387698
4432153
4476052
4519034
4560605
4601641
4640664
4678685
4716285
4753043
4788988
4823072
4856003
4887977
4918843
4948885
4978022
5005934
5032958
5059201
5084687
5108930
5131960
5154547
5176288
5197481
5218288
5238616
5258152
5276650
5294588
5311777
5328364
5343932
5359093
5373811
5387757
5401234
5414310
5426928
5438935
5450456
5461812
5472662
5483017
5493260
5502807
5512112
5521055
5529403
5537311
5544879
5551703
5558290
5564927
5571072
5577009
5582633
5588058
5593249
5598344
5602930
5607419
5611827
5615916
5619897
5623767
5627518
5631159
5634448
5637858
5641064
5644211
5647122
5650088
5652981
5655668
5658267
5660926
5663437
5665708
5667820
5669852
5671890
5673940
5675781
5677541
5679276
5681018
5682657
5684168
5685633
5687137
5688440
5689690
5690907
5692020
5693085
5694158
5695134
5696068
5696965
5697816
5698653
5699435
5700087
5700780
5701415
5702074
5702738
5703334
5703872
5704392
5704918
5705404
5705876
5706270
5706653
5707070
5707442
5707805
5708143
5708520
5708807
5709119
5709392
5709676
5709923
5710182
5710388
5710621
5710782
5710942
5711122
5711276
5711378
5711511
5711605
5711710
5711802
5711947
5712042
5712129
5712221
5712312
5712363
5712421
5712486
5712554
5712599
5712618
5712638
5712643
5712629
5712626
5712615
5712625
5712620
5712627
5712625
5712611
5712575
5712570
5712559
5712567
5712563
5712551
5712534
5712513
5712514
5712512
5712470
5712469
5712453
5712411
5712386
5712366
5712344
5712307
5712309
5712287
5712258
5712233
5712209
5712167
5712195
5712187
5712205
5712154
5712138
5712105
5712086
5712071
5712057
5712035
5711998
5711962
5711923
5711904
5711843
5711799
5711763
5711734
5711698
5711669
5711621
5711576
5711556
5711510
5711444
5711398
5711350
5711312
5711279
5711249
5711199
5711158
5711121
5711077
5711021
5710973
5710934
5710917
5710872
5710859
5710824
5710802
5710784
5710766
5710772
5710719
5710682
5710641
5710624
5710555
5710522
5710508
5710477
5710468
5710413
5710398
5710347
5710318
5710243
5710180
5710160
5710110
5710100
5710067
5710030
5709977
5709952
5709943
5709902
5709853
5709820
5709802
5709744
5709716
5709690
5709625
5709573
5709513
5709452
5709405
5709367
5709340
5709311
5709254
5709208
5709171
5709108
5709074
5709016
5708974
5708945
5708895
5708825
5708781
5708759
5708730
5708679
5708672
5708644
5708613
5708576
5708526
5708489
5708429
5708393
5708365
5708335
5708315
5708270
5708219
5708180
5708129
5708109
5708057
5708029
5707968
5707927
5707842
5707803
5707792
5707753
5707690
5707702
5707644
5707627
5707585
5707529
5707497
5707454
5707399
5707367
5707323
5707272
5707212
5707177
5707137
5707094
5707051
5707034
5706997
5706936
5706916
5706888
5706844
5706790
5706746
5706727
5706696
5706651
5706598
5706568
5706519
5706451
5706414
5706355
5706319
5706272
5706210
5706173
5706112
5706073
5706038
5706005
5705971
5705923
5705894
5705877
5705836
5705799
5705739
5705683
5705637
5705594
5705578
5705564
5705517
5705497
5705456
5705418
5705380
5705341
5705293
5705258
5705226
5705185
5705147
5705116
5705062
5705021
5704986
5704916
5704854
5704816
5704760
5704694
5704632
5704592
