1000000
999530
997071
991382
981943
968016
950307
928908
904557
877349
848830
820438
791123
761184
732130
703391
675819
649301
624881
602349
580990
562070
545371
530495
516905
504379
493017
482860
474008
466020
458737
452227
446305
440926
436038
431704
427721
424231
421132
418284
415681
413314
411156
409151
407292
405522
403990
402699
401470
400382
399375
398542
397711
397001
396342
395724
395223
394778
394359
394002
393655
393352
393096
392879
392632
392423
392208
392070
391921
391803
391694
391604
391502
391424
391345
391288
391234
391198
391147
391110
391080
391065
391050
391029
391008
390993
390972
390963
390962
390959
390954
390948
390952
390954
390953
390944
390941
390944
390951
390957
390966
390972
390975
390981
390992
391002
391010
391019
391031
391034
391048
391054
391065
391080
391094
391102
391109
391127
391143
391157
391171
391182
391188
391194
391205
391220
391228
391245
391259
391264
391282
391296
391313
391327
391341
391360
391368
391380
391397
391411
391422
391432
391449
391462
391477
391502
391515
391527
391541
391552
391569
391586
391597
391608
391617
391626
391639
391648
391658
391669
391684
391696
391710
391726
391736
391753
391766
391777
391793
391802
391816
391827
391839
391850
391868
391883
391894
391907
391923
391937
391948
391958
391966
391982
391994
392015
392032
392049
392058
392079
392094
392105
392116
392133
392141
392153
392168
392180
392193
392209
392227
392239
392249
392261
392271
392285
392300
392312
392325
392340
392353
392366
392381
392390
392405
392417
392433
392450
392462
392481
392493
392501
392510
392518
392529
392542
392561
392574
392589
392603
392617
392625
392641
392653
392668
392679
392692
392703
392719
392733
392756
392770
392783
392799
392814
392826
392840
392854
392867
392879
392902
392917
392936
392951
392966
392982
392995
393005
393020
393029
393040
393055
393068
393086
393096
393110
393125
393143
393159
393170
393182
393201
393210
393222
393234
393244
393264
393275
393286
393295
393306
393321
393338
393353
393365
393375
393387
393399
393420
393433
393447
393461
393474
393489
393508
393515
393528
393541
393558
393565
393580
393599
393610
393625
393638
393646
393656
393664
393676
393686
393695
393706
393720
393730
393739
393749
393766
393778
393793
393804
393822
393833
393852
393866
393878
393882
393897
393910
393925
393938
393951
393965
393973
393990
394007
394019
394038
394050
394057
394073
394084
394098
394114
394125
394139
394159
394177
394194
394210
394221
394238
394249
394261
394270
394283
394291
394297
394306
394312
394326
394340
394355
394370
394385
394395
394408
394420
394434
394447
394459
394469
394483
394494
394503
394517
394528
394542
394556
394571
394577
394585
394599
394617
394630
394645
394663
394680
394692
394713
394722
394735
394744
394754
394766
394780
394790
394799
394813
394824
394839
394846
394862
394875
394886
394900
394916
394929
394942
394955
394967
394979
394996
395006
395014
395025
395040
395058
395070
395081
395094
395105
395118
395129
395140
395149
395165
395178
395196
395214
395222
395230
395240
395250
395260
395266
395277
395290
395305
395322
395341
395352
395372
395379
395403
395419
395435
395440
395460
395466
395481
395489
395507
395519
395533
395544
395562
395577
395595
395605
395616
395623
395636
395656
395674
395682
395695
395709
395729
395738
395749
395759
395767
395778
395791
395807
395820
395834
395844
395855
395870
395882
395895
395906
395918
395934
395943
395960
395969
395976
395985
395997
396011
396030
396044
396057
396070
396076
396088
396100
396115
396131
