1000000
999696
997615
992672
983833
970847
954449
934043
910303
884186
856338
828624
800759
772558
743966
715474
687462
660967
635875
611988
589504
567904
548111
530024
513311
498359
484680
472625
461723
451975
443099
434948
427500
420879
414770
409436
404494
400193
396239
392691
389483
386695
384175
381930
379919
378089
376415
374957
373584
372370
371181
370096
369159
368309
367504
366831
366200
365665
365198
364790
364411
364055
363750
363479
363239
363016
362805
362629
362482
362340
362240
362143
362065
361974
361920
361856
361790
361734
361681
361642
361614
361579
361545
361518
361503
361492
361476
361478
361476
361467
361462
361460
361460
361467
361470
361468
361472
361476
361478
361484
361491
361513
361525
361533
361536
361548
361565
361574
361583
361596
361608
361620
361642
361653
361665
361677
361692
361703
361715
361731
361742
361751
361764
361781
361794
361806
361820
361833
361846
361864
361888
361896
361913
361925
361935
361948
361963
361980
361993
362011
362029
362051
362059
362075
362086
362102
362113
362124
362146
362160
362167
362181
362195
362213
362234
362248
362260
362282
362290
362307
362320
362339
362354
362366
362381
362398
362407
362426
362440
362456
362472
362481
362493
362507
362517
362528
362543
362553
362570
362589
362595
362616
362624
362645
362658
362663
362675
362698
362710
362726
362738
362754
362763
362775
362784
362795
362812
362828
362841
362852
362865
362875
362885
362902
362914
362928
362937
362953
362967
362987
363001
363017
363029
363046
363059
363080
363095
363102
363116
363131
363141
363159
363170
363183
363198
363208
363221
363238
363250
363265
363279
363290
363303
363318
363331
363347
363356
363370
363383
363391
363405
363424
363438
363448
363461
363477
363495
363501
363518
363530
363546
363559
363574
363589
363602
363616
363629
363637
363650
363660
363667
363684
363702
363712
363721
363738
363749
363759
363771
363784
363796
363813
363826
363834
363850
363870
363885
363898
363910
363920
363939
363949
363959
363972
363989
363998
364007
364021
364040
364055
364071
364086
364097
364107
364118
364127
364152
364171
364189
364200
364210
364223
364237
364253
364263
364273
364282
364303
364314
364323
364333
364351
364363
364373
364386
364398
364410
364418
364432
364445
364462
364475
364490
364508
364527
364536
364547
364559
364574
364586
364595
364613
364632
364649
364665
364681
364691
364700
364717
364729
364747
364762
364776
364792
364804
364819
364835
364846
364856
364870
364880
364893
364907
364922
364931
364950
364959
364973
364985
364994
365007
365022
365034
365047
365062
365071
365085
365097
365117
365132
365148
365167
365183
365201
365222
365238
365255
365270
365285
365304
365314
365327
365337
365348
365368
365385
365396
365408
365420
365431
365442
365451
365463
365477
365492
365500
365519
365531
365557
365573
365588
365606
365615
365637
365650
365664
365681
365693
365709
365714
365722
365732
365744
365762
365780
365799
365811
365831
365847
365859
365868
365885
365902
365917
365930
365944
365957
365973
365986
366000
366013
366027
366038
366054
366066
366075
366085
366098
366107
366117
366132
366149
366170
366189
366201
366214
366233
366238
366247
366269
366283
366301
366313
366324
366336
366355
366366
366382
366399
366412
366423
366440
366451
366464
366477
366487
366499
366515
366527
366544
366557
366573
366583
366592
366605
366612
366625
366635
366645
366661
366675
366692
366705
366714
366723
366739
366752
366766
366790
366803
366817
366837
366851
366863
366874
366885
366901
366915
366931
366942
366959
