0
17232
105213
254097
385503
445585
454086
445847
434336
422743
411707
400931
390547
380507
370737
361343
352204
343192
334449
326140
317871
309815
301800
294044
286313
278791
271322
264087
256965
250035
243394
236719
230210
223838
217721
211742
205891
200052
194404
189021
183731
178453
173342
168398
163653
159011
154421
150079
145805
141703
137666
133719
129861
126218
122528
119028
115598
112271
109050
105894
102755
99866
96986
94139
91393
88673
86192
83735
81250
78943
76643
74472
72235
69995
67998
66022
64112
62273
60459
58696
57043
55435
53840
52254
50696
49200
47742
46266
44979
43702
42358
41087
39872
38726
37544
36419
35394
34392
33352
32357
31356
30479
29587
28693
27869
27005
26205
25439
24691
24024
23309
22566
21879
21241
20636
20068
19509
18956
18437
17904
17396
16857
16383
15847
15361
14900
14452
13994
13551
13163
12766
12396
12020
11664
11313
10931
10621
10316
10040
9766
9489
9196
8902
8614
8369
8101
7856
7615
7416
7185
6979
6761
6540
6336
6142
5927
5755
5601
5446
5272
5120
4970
4811
4676
4521
4394
4285
4153
4015
3892
3760
3658
3554
3467
3376
3271
3175
3091
2998
2911
2826
2760
2671
2592
2508
2445
2373
2305
2240
2168
2102
2034
1980
1926
1874
1815
1768
1726
1668
1618
1569
1529
1488
1442
1413
1377
1344
1309
1272
1224
1192
1156
1131
1097
1067
1043
1021
987
947
920
904
881
854
828
801
778
757
735
717
701
683
662
647
626
608
590
571
554
528
510
495
484
472
458
446
435
420
410
400
389
379
370
355
345
335
326
318
313
308
297
292
279
272
265
261
255
247
236
233
222
217
212
205
196
191
186
184
176
173
170
164
163
159
156
153
149
144
137
135
129
124
116
112
110
107
105
101
99
94
92
90
84
83
80
79
77
76
71
69
68
68
67
63
62
59
58
56
56
56
54
53
51
50
49
47
46
44
44
43
42
41
40
40
40
38
38
36
33
33
33
31
30
30
29
27
26
24
23
23
23
23
22
21
20
20
20
20
19
19
19
18
16
16
14
13
12
12
12
12
12
12
12
12
12
12
11
11
11
11
11
10
10
10
10
10
10
10
10
9
9
9
9
9
9
9
9
8
8
8
8
8
8
8
8
8
8
7
7
7
7
7
7
6
6
6
6
6
6
6
5
5
5
4
4
4
4
4
4
4
4
4
4
4
3
3
3
3
3
3
3
3
3
3
2
2
2
2
2
2
2
2
2
2
2
2
2
2
2
2
2
2
2
2
2
2
2
2
2
2
2
2
2
2
2
1
1
1
1
1
1
1
1
1
1
1
1
1
0
0
0
0
0
0
0
0
0
0
0
0
0
0
