0
23586
126566
277123
395299
445377
452467
444307
432873
421373
410160
399420
389214
379187
369427
359940
350886
342027
333203
324734
316231
308004
299947
292127
284299
276548
269129
261834
254702
247608
240751
234231
227849
221345
215223
209340
203573
197741
192147
186671
181272
176164
171160
166151
161336
156650
152054
147675
143557
139529
135494
131498
127698
123966
120406
116938
113528
110194
106970
103776
100685
97727
94853
92172
89409
86826
84285
81863
79470
77232
75071
72871
70756
68655
66622
64651
62797
61023
59264
57633
55921
54306
52757
51249
49757
48319
46941
45573
44292
43050
41733
40463
39271
38113
37043
35952
34901
33951
32930
31964
31001
30117
29236
28358
27552
26717
25946
25199
24403
23701
23033
22339
21690
21100
20488
19896
19328
18781
18251
17727
17210
16655
16189
15671
15192
14712
14268
13854
13435
13037
12633
12259
11892
11543
11182
10826
10513
10211
9960
9665
9375
9081
8802
8534
8280
8054
7800
7587
7363
7145
6954
6762
6563
6377
6182
5992
5818
5649
5490
5320
5173
5026
4877
4750
4605
4470
4328
4200
4064
3943
3834
3731
3624
3528
3418
3308
3228
3140
3039
2940
2870
2780
2687
2603
2546
2471
2394
2327
2253
2193
2126
2070
2013
1950
1905
1844
1790
1746
1685
1631
1575
1518
1477
1441
1387
1342
1305
1273
1241
1215
1187
1157
1125
1096
1062
1032
1000
974
950
922
895
870
835
812
788
765
743
725
706
687
658
643
619
603
576
553
532
520
507
499
490
477
468
455
439
428
422
408
394
375
363
353
342
334
325
315
309
298
283
272
267
262
255
246
243
239
233
229
220
214
206
203
195
187
180
171
162
160
157
155
148
145
137
131
123
118
114
113
109
108
104
99
97
93
90
90
88
84
79
77
76
72
70
69
69
68
68
68
66
63
63
62
60
58
58
56
54
51
48
45
44
43
43
41
41
41
41
41
39
37
37
35
35
35
34
33
31
31
30
29
29
27
27
25
24
23
23
22
22
20
18
18
17
16
16
16
16
16
16
14
14
13
11
8
7
7
7
7
6
5
5
5
5
5
5
4
4
3
3
3
3
3
3
3
3
3
3
3
3
3
3
3
3
3
3
3
3
3
3
3
2
2
2
2
2
1
1
1
1
1
1
1
1
1
1
1
1
1
1
1
1
1
1
1
1
1
1
1
1
1
1
1
1
1
1
1
1
1
1
1
1
1
1
1
1
1
1
1
1
1
1
1
1
1
1
1
1
1
1
1
1
0
0
0
0
0
0
0
0
0
0
0
0
0
0
0
0
0
0
0
0
0
0
0
0
0
0
0
0
0
0
0
0
0
0
0
0
0
0
0
0
