500000
477355
373221
212487
80570
19427
3157
369
62
25
35
29
28
28
32
31
20
35
29
31
35
40
38
43
47
50
56
66
52
63
66
85
78
86
100
115
126
121
145
150
149
163
190
200
219
221
241
265
306
340
369
391
433
449
491
497
538
586
635
681
745
792
828
892
949
988
1067
1131
1191
1234
1307
1357
1434
1502
1576
1656
1726
1796
1891
1984
2091
2174
2271
2358
2446
2557
2654
2739
2853
2955
3042
3136
3244
3351
3455
3538
3635
3731
3828
3941
4037
4131
4225
4336
4437
4534
4635
4717
4805
4932
5042
5138
5242
5357
5461
5567
5679
5772
5870
5977
6076
6176
6281
6395
6506
6611
6730
6849
6967
7077
7188
7274
7372
7476
7594
7683
7782
7889
7973
8077
8196
8300
8419
8512
8639
8762
8881
8980
9097
9206
9307
9424
9531
9630
9732
9850
9945
10056
10163
10271
10389
10480
10592
10701
10808
10921
11029
11147
11258
11367
11472
11577
11697
11820
11926
12018
12118
12217
12337
12445
12530
12633
12753
12863
12950
13044
13138
13233
13341
13449
13538
13654
13747
13842
13947
14046
14167
14260
14380
14482
14575
14684
14769
14880
14976
15069
15166
15276
15383
15484
15578
15687
15794
15890
15993
16089
16194
16291
16389
16515
16609
16703
16803
16900
17007
17123
17221
17324
17431
17526
17612
17697
17821
17906
18010
18120
18213
18318
18437
18549
18664
18788
18889
18982
19095
19195
19292
19384
19486
19596
19693
19782
19882
19975
20069
20169
20275
20386
20490
20593
20668
20776
20863
20949
21033
21135
21236
21337
21442
21547
21644
21743
21850
21969
22069
22168
22254
22345
22441
22545
22651
22758
22862
22952
23051
23164
23257
23355
23459
23567
23667
23772
23879
23983
24083
24211
24314
24413
24506
24607
24708
24820
24925
25010
25124
25215
25329
25424
25529
25616
25717
25821
25924
26026
26124
26237
26340
26461
26563
26656
26744
26853
26958
27074
27169
27273
27371
27479
27586
27679
27769
27897
27992
28110
28203
28318
28435
28547
28654
28745
28814
28921
29051
29149
29254
29343
29442
29530
29637
29722
29837
29929
30029
30109
30207
30290
30396
30483
30571
30676
30771
30877
30996
31092
31194
31305
31404
31493
31583
31704
31809
31907
32000
32115
32230
32327
32432
32517
32629
32723
32821
32925
33018
33134
33246
33356
33474
33583
33673
33772
33866
33964
34061
34155
34250
34358
34455
34553
34661
34761
34852
34951
35053
35155
35238
35336
35432
35542
35645
35753
35852
35966
36058
36168
36279
36391
36507
36617
36715
36813
36913
37018
37127
37244
37338
37417
37515
37622
37714
37817
37911
38013
38106
38226
38308
38412
38517
38624
38715
38816
38909
39009
39098
39201
39286
39402
39492
39579
39687
39789
39881
39987
40076
40173
40269
40366
40469
40565
40668
40764
40859
40964
41067
41168
41257
41350
41460
41533
41628
41714
41813
41909
42008
42105
42217
42320
42419
42508
42605
42721
42813
42925
43023
43112
43204
43291
43398
43501
43612
43701
43801
43882
43992
44087
44176
44273
44387
44500
44596
44690
44784
