500000
482589
393023
238988
98364
26110
4937
596
103
41
43
34
36
32
28
24
34
37
32
40
29
33
39
34
25
27
32
60
49
54
57
49
63
70
77
71
99
115
120
124
118
146
154
181
192
206
226
235
244
275
285
298
321
359
393
441
466
500
524
544
614
680
707
756
811
859
918
987
1048
1095
1181
1250
1334
1381
1464
1552
1646
1719
1798
1878
1966
2059
2140
2232
2318
2419
2513
2606
2716
2827
2938
3050
3147
3230
3309
3407
3505
3594
3697
3798
3921
4028
4140
4244
4339
4463
4571
4690
4790
4882
4993
5110
5226
5320
5415
5530
5645
5751
5848
5932
6031
6138
6238
6346
6471
6582
6694
6801
6912
7007
7120
7207
7325
7438
7558
7659
7757
7848
7937
8043
8157
8264
8376
8498
8599
8706
8810
8922
9030
9132
9239
9350
9441
9531
9635
9759
9846
9949
10060
10183
10275
10387
10481
10594
10700
10810
10915
11038
11156
11264
11362
11465
11559
11646
11742
11853
11961
12072
12183
12295
12386
12490
12611
12739
12840
12931
13062
13169
13279
13391
13501
13592
13694
13810
13908
14029
14141
14242
14349
14459
14581
14694
14815
14922
15027
15128
15227
15337
15449
15562
15679
15803
15929
16039
16129
16231
16336
16441
16541
16665
16760
16870
16981
17075
17195
17306
17428
17539
17641
17740
17860
17974
18076
18172
18263
18378
18469
18566
18676
18779
18889
18988
19079
19181
19283
19395
19520
19623
19712
19795
19908
20003
20123
20232
20351
20442
20551
20646
20739
20824
20946
21028
21123
21218
21322
21427
21525
21619
21712
21832
21922
22029
22127
22240
22327
22442
22537
22648
22758
22857
22957
23068
23159
23260
23372
23474
23567
23667
23766
23869
23971
24071
24170
24273
24363
24482
24587
24680
24788
24882
24985
25090
25200
25304
25407
25512
25608
25704
25817
25913
25990
26103
26212
26323
26428
26532
26647
26747
26868
26978
27078
27178
27282
27376
27464
27547
27661
27766
27846
27956
28052
28153
28269
28392
28495
28588
28682
28787
28876
28999
29104
29202
29322
29447
29545
29648
29740
29851
29932
30029
30144
30271
30365
30491
30592
30691
30794
30890
30988
31087
31206
31298
31424
31529
31620
31709
31814
31908
31978
32081
32179
32270
32365
32468
32558
32668
32751
32835
32921
33033
33122
33230
33302
33396
33493
33594
33708
33814
33914
34008
34104
34204
34301
34412
34530
34624
34739
34824
34932
35042
35133
35247
35332
35426
35507
35621
35732
35818
35915
36007
36096
36194
36284
36393
36501
36603
36690
36799
36894
36993
37116
37221
37332
37441
37530
37640
37737
37842
37938
38048
38158
38277
38385
38475
38586
38691
38793
38894
38989
39087
39184
39272
39395
39502
39595
39711
39814
39909
40007
40101
40189
40305
40416
40500
40597
40709
40812
40909
41015
41111
41198
41304
41401
41509
41613
41701
41776
41881
41968
42075
42186
42285
42396
42492
42593
42687
42794
42870
42979
43086
43183
43290
43372
43467
43562
43667
43762
43858
43959
44059
44157
44259
44360
44462
44561
44651
44721
44817
44915
45005
45097
