0
4
6
9
10
10
11
12
11
15
14
12
13
12
15
14
19
19
18
14
12
12
14
14
12
11
14
13
10
10
10
11
11
14
14
16
15
16
15
14
15
12
13
13
11
11
14
14
14
15
14
17
18
17
17
18
17
13
14
14
14
14
17
16
16
17
18
19
23
24
22
17
15
9
9
9
9
13
14
16
16
17
20
20
19
18
19
18
18
16
16
17
16
17
17
20
21
20
21
23
21
21
22
21
21
22
21
21
20
19
17
16
14
14
13
13
13
11
12
12
15
16
15
16
19
19
20
20
19
17
17
20
20
21
21
23
26
26
23
23
24
21
23
20
21
21
22
24
25
26
28
24
25
24
21
21
22
22
21
20
19
16
18
19
19
18
20
16
15
16
14
15
14
16
15
17
19
18
15
20
20
23
22
23
24
28
25
27
23
21
23
25
23
26
27
26
26
27
28
25
26
28
25
24
23
22
20
22
21
20
18
19
22
23
19
21
19
19
20
18
19
20
19
20
18
15
18
24
21
22
21
20
21
21
16
18
20
18
19
17
18
22
22
21
23
20
18
20
21
19
20
21
22
24
30
27
26
24
22
26
25
24
25
24
25
23
23
24
23
27
25
25
21
19
20
19
18
16
15
16
16
19
20
21
21
23
22
23
22
22
21
21
22
21
20
22
25
21
18
19
20
22
21
21
21
23
22
21
19
21
19
17
18
19
21
20
18
18
16
15
12
14
15
13
12
14
17
20
21
21
15
17
17
16
18
18
19
18
16
13
12
14
12
16
14
16
15
18
17
15
15
12
13
13
13
15
16
14
18
18
20
16
12
14
17
19
18
18
19
21
20
18
19
18
17
19
19
20
22
22
20
19
21
19
19
20
21
22
22
21
18
20
23
22
18
17
16
17
17
17
17
18
21
21
22
22
22
19
14
14
12
11
13
12
11
10
10
10
12
10
10
11
10
12
11
10
11
10
10
11
14
15
15
15
16
15
17
16
16
16
15
18
17
20
18
19
17
18
21
20
23
24
24
26
27
28
29
30
29
27
25
23
21
17
18
18
16
13
14
15
14
14
16
17
16
14
14
18
21
23
22
26
26
28
27
25
21
21
21
17
17
17
18
16
16
19
21
22
24
23
25
