0
1
2
6
8
7
11
12
12
13
14
17
18
21
21
21
21
25
28
26
25
24
24
25
23
24
22
22
21
25
21
21
21
20
24
22
20
21
19
18
18
18
18
18
17
16
16
14
14
16
13
12
13
11
8
10
11
12
11
12
18
20
18
17
22
22
23
20
22
22
19
18
18
18
18
14
16
15
15
15
13
14
15
16
16
16
14
15
21
20
18
18
16
19
22
21
21
22
18
20
17
15
17
17
15
18
18
18
19
19
21
23
22
20
17
18
17
18
19
19
20
19
17
16
15
17
20
18
17
17
18
18
19
20
18
20
21
17
16
19
21
21
20
23
23
20
21
25
28
31
28
29
26
26
26
24
24
25
23
26
22
24
22
21
20
19
19
17
16
16
16
15
16
14
16
17
16
15
20
19
20
19
18
19
18
18
14
15
18
18
15
12
13
15
15
16
16
18
19
17
17
18
15
13
13
11
15
15
18
16
14
18
23
23
24
27
28
26
28
26
28
27
26
24
23
19
18
18
20
18
17
16
19
18
17
15
19
19
17
20
22
21
21
21
20
19
19
21
21
21
24
25
27
29
29
32
31
32
32
35
37
38
38
36
36
35
35
36
36
36
30
29
28
24
25
21
17
16
18
19
18
18
18
16
17
17
20
18
16
16
17
18
15
15
12
10
10
9
10
11
12
10
9
12
12
11
12
13
14
17
19
22
22
22
23
20
19
20
22
22
20
22
20
23
24
21
21
15
15
11
15
13
15
14
17
17
17
19
17
21
23
23
22
21
19
20
19
22
21
20
18
24
25
24
22
22
19
18
22
21
21
19
20
21
21
25
22
20
21
17
19
19
22
21
21
18
17
17
16
17
20
21
22
23
21
20
23
19
21
23
23
23
24
25
25
23
23
23
22
25
24
23
25
23
23
24
22
21
24
19
21
23
22
19
20
17
20
20
19
22
22
22
23
23
24
19
15
18
18
17
14
15
19
19
18
18
18
19
19
19
18
18
20
17
18
19
19
18
17
16
17
14
14
17
16
15
15
12
8
9
11
11
11
15
12
16
16
15
16
21
21
22
19
18
15
14
11
13
13
15
14
16
19
19
20
18
17
19
19
20
19
19
19
20
19
19
20
22
16
18
17
