0
1
3
5
6
7
8
9
9
8
13
10
8
8
7
10
9
11
11
12
12
16
17
20
20
19
20
21
20
19
21
22
22
22
23
20
20
18
18
19
20
21
22
22
21
22
21
22
21
21
24
25
28
26
22
25
21
20
21
19
20
20
20
17
18
17
17
19
23
24
26
29
29
27
27
27
25
28
30
28
27
25
29
26
26
26
25
27
23
22
19
23
25
26
22
24
27
28
29
25
23
23
22
19
14
15
16
17
18
22
18
15
17
16
13
13
12
13
13
12
14
21
20
20
17
18
17
18
17
16
14
15
14
17
15
17
15
19
19
19
18
20
18
18
17
16
15
16
16
19
19
24
25
23
25
21
19
20
20
17
17
16
16
15
17
16
15
12
17
17
16
15
17
16
19
17
19
16
17
17
19
20
20
18
19
21
21
23
23
23
23
22
22
25
28
28
27
26
26
25
23
22
23
28
26
24
23
19
19
21
20
21
17
16
16
15
15
17
16
15
11
11
10
8
9
10
10
12
12
12
15
15
13
15
12
14
16
16
15
15
17
18
20
20
23
20
21
19
20
20
20
19
20
21
20
18
19
20
19
20
20
16
17
17
21
22
24
22
21
21
24
25
27
28
25
28
29
29
27
24
22
22
19
20
21
19
18
18
17
19
20
24
23
19
21
22
21
23
23
22
22
26
22
21
23
23
20
18
17
17
19
18
19
19
21
23
22
22
23
23
25
24
25
27
31
30
29
27
25
25
22
25
24
25
27
24
26
26
25
22
18
20
22
25
23
21
18
24
23
22
21
29
29
28
26
26
27
28
28
30
28
26
27
30
29
27
27
33
30
30
29
29
29
30
29
29
31
27
30
31
29
28
28
30
33
30
30
33
30
30
29
30
29
27
24
27
27
28
28
25
21
20
22
23
24
26
25
25
25
25
25
25
26
25
24
25
23
22
18
18
14
16
18
18
14
15
13
14
11
10
12
11
10
10
12
11
12
13
19
17
21
20
21
24
18
20
17
16
17
19
20
19
20
24
25
25
23
24
24
25
24
23
20
19
17
18
22
22
20
20
19
22
21
20
20
20
20
22
18
20
19
17
19
22
25
24
26
24
21
22
23
24
22
21
18
21
20
20
15
14
15
