6
28
81
144
222
303
401
501
618
728
841
965
1108
1248
1382
1506
1631
1779
1926
2051
2180
2310
2449
2595
2754
2873
3014
3154
3281
3411
3540
3665
3800
3951
4103
4245
4355
4515
4621
4719
4842
4978
5081
5218
5337
5440
5548
5655
5774
5896
6012
6138
6246
6372
6492
6593
6712
6800
6924
7045
7142
7235
7353
7455
7581
7688
7805
7901
7994
8085
8185
8269
8370
8449
8547
8636
8740
8836
8925
9036
9127
9244
9342
9426
9490
9581
9664
9741
9822
9910
9972
10038
10129
10194
10242
10315
10384
10430
10494
10527
10571
10643
10679
10711
10760
10770
10811
10839
10873
10922
10935
10963
11011
11041
11067
11100
11119
11143
11159
11186
11180
11203
11219
11220
11229
11229
11224
11219
11207
11206
11198
11189
11165
11158
11150
11147
11145
11127
11113
11089
11066
11040
11022
10998
10967
10945
10916
10888
10859
10832
10810
10783
10744
10715
10675
10635
10596
10566
10540
10503
10471
10437
10397
10372
10341
10311
10289
10248
10210
10177
10141
10113
10075
10035
9988
9950
9914
9872
9838
9817
9787
9750
9714
9681
9635
9601
9579
9547
9517
9474
9432
9399
9357
9328
9290
9258
9229
9203
9165
9133
9087
9050
9005
8964
8935
8900
8870
8826
8790
8760
8725
8692
8649
8619
8580
8547
8513
8482
8459
8427
8398
8368
8336
8305
8273
8247
8214
8172
8140
8115
8079
8042
8004
7971
7948
7917
7881
7853
7817
7790
7760
7723
7697
7665
7632
7606
7574
7541
7511
7476
7447
7417
7388
7364
7324
7289
7252
7229
7201
7170
7135
7102
7071
7042
7014
6991
6959
6944
6914
6885
6859
6827
6798
6770
6743
6719
6689
6654
6639
6613
6590
6570
6544
6521
6500
6472
6447
6425
6394
6371
6343
6311
6277
6259
6242
6213
6196
6171
6132
6118
6101
6080
6052
6027
5999
5965
5939
5910
5879
5850
5825
5802
5783
5769
5747
5721
5702
5679
5645
5619
5594
5566
5544
5521
5498
5478
5451
5436
5419
5406
5374
5357
5335
5321
5306
5288
5264
5236
5211
5186
5165
5132
5114
5094
5080
5061
5037
5020
4998
4972
4955
4931
4917
4902
4881
4864
4851
4831
4811
4785
4774
4754
4740
4716
4698
4679
4657
4646
4630
4607
4586
4569
4561
4534
4515
4497
4475
4458
4433
4417
4398
4367
4345
4321
4300
4271
4251
4233
4215
4205
4184
4168
4154
4144
4131
4111
4096
4083
4060
4040
