4
28
63
126
213
293
392
518
638
748
866
998
1134
1265
1381
1507
1649
1794
1926
2051
2182
2313
2449
2607
2760
2883
3000
3166
3298
3428
3563
3689
3815
3962
4097
4227
4370
4498
4620
4751
4866
4997
5117
5227
5357
5477
5613
5715
5842
5962
6076
6183
6278
6396
6526
6655
6742
6835
6957
7069
7156
7275
7386
7522
7655
7757
7835
7938
8059
8158
8256
8342
8451
8563
8657
8756
8837
8942
9046
9118
9182
9258
9333
9422
9489
9547
9619
9678
9737
9779
9852
9930
10012
10068
10147
10209
10267
10333
10388
10443
10500
10554
10606
10670
10725
10769
10806
10828
10861
10897
10926
10950
10976
10983
11007
11012
11042
11046
11077
11088
11109
11119
11127
11123
11115
11120
11128
11137
11123
11127
11126
11103
11084
11080
11066
11055
11050
11041
11017
10980
10961
10935
10901
10886
10879
10849
10822
10784
10757
10742
10709
10681
10655
10625
10593
10565
10546
10520
10505
10479
10436
10415
10383
10351
10330
10293
10263
10235
10206
10162
10128
10097
10065
10031
9999
9961
9922
9890
9853
9820
9778
9752
9713
9677
9644
9595
9556
9508
9473
9442
9411
9370
9331
9296
9256
9218
9190
9159
9135
9090
9045
9004
8966
8939
8910
8869
8835
8793
8750
8726
8697
8664
8627
8590
8554
8516
8482
8443
8413
8387
8361
8323
8290
8260
8229
8203
8172
8143
8114
8075
8044
8011
7975
7944
7909
7881
7839
7812
7786
7754
7724
7684
7648
7613
7575
7533
7511
7483
7459
7429
7408
7376
7351
7323
7295
7270
7234
7207
7176
7140
7104
7070
7044
7020
6994
6964
6932
6910
6888
6848
6813
6781
6749
6720
6700
6673
6637
6597
6572
6550
6518
6491
6459
6434
6414
6390
6361
6337
6311
6286
6257
6226
6205
6181
6145
6123
6108
6090
6070
6032
6010
5987
5963
5932
5909
5885
5867
5843
5822
5798
5776
5753
5727
5707
5682
5653
5629
5605
5591
5567
5544
5523
5503
5484
5455
5443
5417
5394
5379
5357
5335
5318
5292
5274
5261
5234
5216
5195
5175
5150
5126
5111
5087
5070
5044
5025
4997
4982
4967
4945
4926
4904
4883
4865
4839
4820
4801
4787
4766
4746
4722
4704
4692
4673
4659
4639
4623
4605
4590
4579
4563
4544
4529
4515
4501
4488
4466
4447
4428
4406
4391
4375
4357
4334
4317
4308
4296
4281
4265
4256
4240
4225
4206
4182
4163
4152
4134
4121
4104
4088
