5
30
80
136
225
329
441
561
680
788
906
1024
1157
1264
1384
1514
1673
1810
1956
2090
2230
2347
2499
2621
2762
2888
3015
3150
3284
3414
3556
3710
3842
3981
4113
4233
4363
4515
4644
4762
4874
5022
5121
5237
5348
5486
5597
5747
5867
5973
6057
6179
6278
6404
6509
6623
6752
6863
6975
7105
7236
7341
7448
7567
7682
7796
7898
8002
8127
8254
8373
8485
8574
8654
8752
8842
8935
9043
9131
9226
9323
9407
9485
9567
9643
9743
9828
9898
9966
10050
10117
10205
10260
10320
10385
10471
10524
10586
10643
10697
10746
10830
10890
10929
10980
11019
11064
11109
11144
11172
11210
11234
11253
11270
11294
11328
11346
11377
11384
11406
11424
11436
11455
11444
11453
11442
11449
11445
11451
11448
11451
11450
11462
11459
11445
11425
11412
11406
11389
11389
11379
11378
11355
11334
11308
11300
11273
11250
11211
11201
11168
11136
11098
11079
11052
11015
10995
10957
10933
10896
10862
10840
10800
10772
10752
10722
10685
10649
10613
10577
10541
10519
10484
10438
10404
10361
10319
10281
10253
10209
10174
10144
10092
10051
10023
9984
9946
9905
9871
9828
9795
9754
9722
9679
9644
9614
9568
9536
9485
9452
9409
9373
9337
9297
9259
9212
9168
9127
9099
9061
9029
8985
8950
8915
8877
8840
8809
8777
8748
8713
8678
8641
8602
8578
8541
8508
8469
8441
8418
8388
8363
8326
8298
8264
8225
8186
8156
8114
8078
8044
8018
7984
7967
7940
7913
7875
7841
7817
7788
7757
7718
7687
7653
7628
7589
7557
7522
7501
7468
7435
7396
7356
7325
7300
7272
7245
7216
7185
7144
7115
7093
7063
7033
7007
6984
6953
6925
6901
6879
6854
6823
6796
6776
6748
6723
6700
6672
6647
6623
6604
6585
6559
6536
6509
6486
6462
6428
6400
6382
6359
6335
6315
6296
6279
6246
6223
6199
6177
6156
6130
6101
6080
6058
6027
6008
5976
5958
5937
5917
5896
5876
5847
5821
5790
5772
5751
5719
5700
5686
5664
5641
5627
5598
5574
5554
5524
5498
5483
5461
5443
5423
5402
5393
5370
5351
5329
5305
5288
5269
5255
5230
5205
5175
5161
5144
5132
5112
5091
5065
5053
5027
5003
4985
4965
4948
4927
4914
4897
4880
4859
4842
4821
4802
4771
4759
4742
4724
4708
4694
4677
4660
4642
4627
4608
4584
4566
4547
4526
4512
4494
4473
4456
4443
4427
4414
4400
4387
4371
4355
4334
