959744
920609
882407
845803
810701
776875
744620
713153
683331
654668
627277
600933
575757
551653
528068
505745
484627
464255
444890
426316
408635
391587
375401
359629
344864
330699
317034
304046
291761
279912
268739
258042
247937
238394
229489
221209
213434
205975
199027
192384
186178
180397
175037
169754
165211
160819
156801
153480
150836
148699
147046
145421
144559
144267
144158
144218
144415
144622
144840
145049
145242
145432
145626
145855
146073
146275
146487
146713
146936
147156
147366
147559
147765
147960
148166
148384
148587
148819
149018
149211
149426
149675
149895
150097
150294
150505
150697
150906
151127
151368
151559
151778
151982
152218
152422
152628
152844
153065
153264
153494
153702
153947
154141
154349
154567
154764
154978
155191
155422
155629
155846
156048
156266
156473
156702
156916
157142
157340
157539
157787
157999
158205
158417
158618
158819
159023
159231
159465
159685
159890
160097
160306
160526
160727
160943
161158
161337
161572
161783
161995
162212
162431
162639
162865
163072
163268
163493
163686
163892
164085
164278
164464
164659
164853
165066
165266
165479
165662
165894
166095
166301
166532
166742
166960
167165
167375
167590
167787
168002
168202
168378
168573
168780
168994
169194
169410
169621
169820
170040
170258
170458
170699
170925
171129
171354
171573
171779
171984
172170
172403
172619
172820
173035
173240
173435
173649
173864
174076
174267
174502
174720
174922
175157
175368
175569
175748
175933
176153
176369
176594
176805
177016
177208
177420
177630
177833
178050
178251
178426
178601
178822
179010
179213
179402
179620
179801
179992
180181
180366
180578
180773
180972
181177
181412
181629
181841
182053
182257
182472
182653
182854
183063
183293
183494
183674
183854
184080
184296
184507
184721
184906
185105
185305
185502
185703
185901
186111
186301
186483
186692
186870
187086
187309
187521
187717
187932
188137
188331
188518
188719
188924
189132
189352
189566
189772
189972
190177
190388
190592
190783
190993
191197
191407
191603
191803
192015
192224
192424
192636
192819
193032
193219
193409
193608
193812
194023
194189
194375
194567
194760
194970
195146
195360
195578
195759
195966
196153
196343
196537
196732
196978
197191
197386
197553
197794
197977
198182
198368
198554
198758
198943
199133
199319
199519
199730
199925
200113
200322
200524
200738
200920
201104
201308
201506
201684
201873
202069
202268
202479
202657
202829
203024
203227
203442
203652
203844
204053
204242
204449
204645
204834
205035
205221
205402
205586
205789
205971
206158
206334
206542
206706
206924
207125
207331
207533
207712
207899
208096
208291
208484
208683
208872
209077
209299
209510
209694
209881
210070
210273
210466
210663
210844
211044
211238
211447
211630
211835
212027
212225
212423
212611
212817
213024
213212
213403
213564
213758
213973
214168
214366
