39153
74703
107622
137916
165111
189532
211397
230667
247860
262997
275956
287304
296702
304968
311489
317065
321068
324663
326788
327871
328109
327756
326597
324715
322298
319164
315459
311677
307182
302452
297318
292003
286430
280649
274498
268234
261864
255037
247845
240667
233052
225366
217941
210572
203035
195603
188393
181338
174333
167708
160678
153193
145445
137881
130673
123744
117376
111203
105289
99865
94623
89859
85145
80568
76324
72341
68487
65033
61634
58323
55267
52381
49663
47056
44668
42364
40137
38036
36123
34264
32432
30736
29124
27621
26191
24791
23520
22315
21111
19961
18898
17873
16933
16039
15174
14337
13597
12864
12231
11624
11037
10479
9920
9430
8951
8434
8003
7576
7159
6779
6398
6049
5728
5407
5124
4855
4595
4346
4122
3910
3714
3534
3362
3196
3034
2871
2708
2574
2449
2336
2222
2099
1976
1867
1772
1673
1596
1516
1430
1349
1275
1217
1148
1092
1032
975
914
859
805
768
723
677
635
596
562
533
503
482
463
438
417
400
374
355
335
314
299
286
272
264
251
236
220
206
200
194
185
176
166
155
143
136
132
125
121
117
116
108
105
101
99
94
86
82
78
73
70
66
63
62
61
56
51
49
47
47
44
41
40
36
33
31
31
30
26
23
21
18
18
17
15
15
15
15
14
14
12
11
11
11
11
11
11
11
10
10
10
10
10
10
9
9
9
9
8
8
8
8
8
8
8
6
6
5
5
5
5
5
3
3
3
3
3
3
3
3
2
2
2
2
2
2
2
2
2
2
2
2
2
2
2
2
2
2
2
2
2
2
1
1
1
1
1
1
1
1
1
1
1
0
0
0
0
0
0
0
0
0
0
0
0
0
0
0
0
0
0
0
0
0
0
0
0
0
0
0
0
0
0
0
0
0
0
0
0
0
0
0
0
0
0
0
0
0
0
0
0
0
0
0
0
0
0
0
0
0
0
0
0
0
0
0
0
0
0
0
0
0
0
0
0
0
0
0
0
0
0
0
0
0
0
0
0
0
0
0
0
0
0
0
0
0
0
0
0
0
0
0
0
0
