54090
28959
19864
15462
12882
11286
10231
9260
8742
8374
7806
7498
7050
7016
6997
6918
6725
6696
6760
6540
6842
6792
6589
6706
6744
6789
6941
6928
7006
7104
7257
7354
7565
7863
7862
7904
8283
8406
8797
8710
9159
9317
9442
9794
10180
10513
10615
11072
11839
12211
12344
12928
13639
14299
15072
15841
16424
17352
18238
19335
20184
21245
22340
23273
24392
25781
27000
28041
29680
30967
32540
33809
35805
37173
38885
40813
42718
44513
46154
48411
50818
52725
55172
57152
59861
62550
65171
67169
69982
72366
75295
78144
80770
84323
87092
90269
92849
96180
99957
102742
106004
109405
112766
115707
118963
122902
126034
128848
132876
135888
139436
142688
146020
149200
152460
155903
158981
162616
165740
168512
171927
174502
177222
180466
182432
185157
187586
190116
192785
194942
197320
199374
201830
203862
205931
207901
209657
211117
212683
214130
215788
217199
218411
219498
221081
222540
224273
225487
226790
228126
229298
230295
231255
232156
233176
233647
234516
235130
235919
236581
237159
237560
237904
238432
239001
239376
240042
240687
241184
241758
242088
242459
242994
243441
243774
244151
244357
244561
244848
245148
245518
245725
245877
246031
246190
246428
246597
246818
246954
247213
247323
247529
247645
247708
247942
248117
248185
248269
248376
248444
248463
248552
248646
248689
248704
248738
248774
248825
248864
248939
249005
249096
249161
249250
249310
249336
249322
249343
249329
249360
249367
249412
249402
249406
249403
249500
249520
249604
249629
249625
249643
249657
249680
249705
249728
249765
249782
249798
249819
249833
249839
249868
249889
249889
249883
249880
249882
249869
249874
249874
249887
249873
249878
249902
249911
249904
249920
249925
249930
249928
249931
249932
249933
249945
249941
249934
249926
249945
249959
249962
249962
249964
249973
249969
249974
249972
249967
249965
249970
249970
249973
249971
249963
249982
249988
249994
249996
249997
249999
249999
249999
249999
250000
250000
250000
250000
250000
250000
250000
250000
250000
250000
250000
250000
250000
250000
250000
250000
250000
250000
250000
250000
250000
250000
250000
250000
250000
250000
250000
250000
250000
250000
250000
250000
250000
250000
250000
250000
250000
250000
250000
250000
250000
250000
250000
250000
250000
250000
250000
250000
250000
250000
250000
250000
250000
250000
250000
250000
250000
250000
250000
250000
250000
250000
250000
250000
250000
250000
250000
250000
250000
250000
250000
250000
250000
250000
250000
250000
250000
250000
250000
250000
250000
250000
250000
250000
250000
250000
250000
250000
250000
250000
250000
250000
250000
250000
250000
250000
250000
250000
250000
250000
250000
250000
250000
250000
250000
250000
250000
250000
