65443
189928
286480
365469
429409
482277
526062
562438
592171
616804
636977
653652
666587
677757
687831
695118
701170
705897
710080
714391
717602
719350
720526
722222
723752
725031
726664
726795
727606
727295
727219
727959
728362
728631
727900
727586
726355
725881
725451
724704
723869
724136
723585
723595
722299
721069
720227
719815
717847
716791
715662
713938
712280
710975
709329
706686
705009
702669
700146
697830
695049
692462
690778
688501
685283
682105
678816
675926
671259
668294
664676
660633
656020
651985
647643
642532
637039
631989
626555
620881
615199
609828
603945
597953
591819
584878
577806
571198
563810
556172
548729
541014
533038
525209
516873
507579
499190
491025
482035
472944
464067
454912
445568
436307
426621
417322
407469
397676
388197
378638
368730
359015
349909
340013
330211
320888
311381
302517
293072
284228
275200
266022
257523
248476
240021
231937
223783
215358
207916
200552
193335
186593
180069
173394
166523
160678
154084
148180
142174
136461
131129
125674
120377
115232
110319
105653
101216
96693
91997
87932
84101
80072
76589
72723
69301
65840
62579
59511
56665
53739
51108
48658
46096
43406
41054
39120
36926
35029
33271
31674
29971
28262
26883
25494
24070
22712
21646
20455
19429
18522
17649
16829
16112
15210
14365
13588
12667
11926
11246
10569
9939
9511
8964
8582
8111
7778
7345
7014
6515
6140
5797
5363
5018
4646
4342
4065
3758
3593
3323
3106
2876
2718
2588
2391
2247
2127
2033
1922
1828
1698
1579
1445
1335
1254
1191
1081
1034
970
941
873
805
760
721
704
671
636
564
521
448
399
366
339
308
266
229
210
177
170
157
147
134
125
112
106
100
103
90
88
82
73
56
44
32
23
19
16
14
13
13
10
7
6
4
4
2
1
1
1
1
0
0
0
0
0
0
0
0
0
0
0
0
0
0
0
0
0
0
0
0
0
0
0
0
0
0
0
0
0
0
0
0
0
0
0
0
0
0
0
0
0
0
0
0
0
0
0
0
0
0
0
0
0
0
0
0
0
0
0
0
0
0
0
0
0
0
0
0
0
0
0
0
0
0
0
0
0
0
0
0
0
0
0
0
0
0
0
0
0
0
0
0
0
0
0
0
0
0
0
0
0
0
0
0
0
0
0
0
0
0
0
0
0
0
0
0
0
0
0
0
0
