13
99
215
337
452
563
672
769
856
951
1054
1131
1192
1288
1368
1435
1505
1585
1664
1702
1751
1834
1880
1924
1972
2017
2081
2126
2188
2270
2309
2357
2391
2449
2496
2531
2545
2581
2607
2618
2643
2659
2665
2697
2719
2749
2780
2821
2837
2863
2877
2877
2904
2904
2900
2906
2935
2967
3005
3017
3024
3042
3065
3064
3065
3085
3113
3114
3107
3121
3141
3136
3137
3151
3146
3155
3156
3149
3121
3134
3139
3128
3125
3123
3114
3101
3088
3088
3082
3089
3084
3082
3072
3070
3059
3042
3029
2992
2982
2939
2933
2926
2936
2918
2900
2875
2868
2855
2834
2810
2783
2776
2759
2738
2724
2706
2673
2662
2647
2623
2604
2596
2580
2569
2541
2487
2462
2461
2426
2409
2399
2365
2339
2329
2307
2277
2249
2221
2191
2170
2135
2087
2060
2030
2003
1975
1955
1928
1886
1840
1820
1795
1764
1728
1701
1684
1660
1624
1606
1583
1548
1514
1490
1470
1453
1436
1404
1380
1356
1320
1300
1283
1267
1233
1209
1175
1149
1119
1091
1041
1023
986
965
941
921
893
873
854
831
806
789
775
759
744
734
730
716
699
683
669
653
631
618
600
586
578
573
567
556
540
529
517
500
490
469
458
445
436
431
416
415
407
401
392
380
373
359
352
344
339
331
324
314
302
295
286
278
268
262
254
243
234
230
225
215
207
200
195
189
188
179
176
172
166
162
156
155
153
150
144
140
137
136
131
130
129
127
125
119
114
109
104
99
93
93
90
90
85
83
83
80
75
74
74
72
70
68
68
66
62
61
58
57
55
54
54
50
47
46
44
43
41
40
38
38
38
38
37
37
36
36
35
34
33
32
31
30
29
28
28
28
28
27
27
27
24
23
23
23
22
22
21
21
21
21
21
19
18
17
17
16
16
16
15
14
14
12
12
12
12
12
11
11
11
11
11
10
9
9
9
8
8
7
7
6
5
4
4
3
3
3
3
3
3
3
3
3
3
3
3
3
3
3
3
3
3
3
3
3
3
3
3
3
3
3
3
3
3
3
3
