7
34
90
161
244
332
427
529
640
766
886
1008
1140
1300
1419
1573
1726
1852
1985
2108
2222
2348
2484
2628
2767
2893
3047
3180
3313
3452
3588
3706
3852
3971
4082
4209
4332
4455
4583
4711
4836
4966
5107
5221
5348
5465
5571
5697
5795
5924
6025
6133
6260
6410
6528
6635
6740
6862
6977
7075
7186
7293
7399
7522
7636
7748
7826
7912
8020
8128
8243
8314
8421
8503
8601
8688
8805
8885
8960
9068
9152
9222
9319
9392
9470
9559
9622
9700
9798
9877
9927
10005
10069
10114
10164
10238
10290
10354
10408
10459
10509
10543
10587
10630
10675
10720
10764
10806
10839
10868
10913
10949
10991
11011
11055
11084
11104
11108
11121
11128
11126
11143
11144
11170
11177
11174
11170
11155
11157
11145
11141
11145
11126
11130
11127
11119
11102
11099
11078
11066
11055
11041
11014
10982
10954
10921
10892
10872
10842
10812
10778
10746
10718
10704
10667
10634
10605
10575
10538
10498
10481
10453
10413
10365
10328
10284
10254
10210
10174
10137
10109
10080
10046
10014
9981
9945
9907
9866
9833
9798
9757
9709
9667
9619
9599
9564
9538
9517
9477
9435
9399
9357
9313
9273
9246
9209
9170
9131
9100
9071
9032
8994
8965
8935
8911
8869
8840
8798
8763
8731
8702
8660
8629
8585
8552
8516
8489
8451
8411
8383
8342
8318
8289
8252
8222
8190
8163
8127
8089
8067
8036
8002
7969
7947
7915
7878
7844
7802
7776
7752
7717
7683
7660
7621
7593
7565
7530
7492
7464
7435
7406
7367
7344
7313
7294
7270
7239
7216
7185
7151
7117
7086
7059
7023
6992
6965
6924
6901
6882
6860
6838
6811
6786
6760
6743
6718
6697
6676
6658
6637
6612
6587
6550
6520
6488
6460
6430
6407
6367
6344
6317
6295
6273
6251
6216
6192
6173
6143
6112
6086
6065
6040
6014
5992
5972
5947
5923
5902
5888
5863
5826
5804
5776
5753
5731
5705
5675
5647
5618
5596
5572
5550
5525
5503
5479
5457
5436
5420
5399
5379
5362
5333
5311
5291
5259
5250
5231
5199
5184
5156
5131
5114
5095
5076
5061
5041
5024
5014
4994
4976
4948
4925
4903
4886
4871
4853
4842
4825
4808
4785
4766
4743
4729
4703
4676
4652
4628
4610
4589
4570
4552
4534
4520
4508
4491
4478
4450
4431
4406
4386
4367
4349
4329
4309
4297
4276
4264
4251
4234
4217
4197
4183
4171
4155
4139
4126
4111
4100
4087
4069
