5
33
87
154
228
313
413
544
649
763
899
1043
1154
1290
1430
1563
1693
1830
1969
2089
2218
2339
2470
2595
2727
2859
3016
3150
3265
3388
3519
3630
3761
3908
4031
4155
4274
4405
4535
4656
4743
4861
4984
5130
5273
5382
5506
5632
5743
5852
5950
6066
6185
6296
6396
6514
6642
6742
6844
6972
7100
7207
7343
7468
7576
7675
7789
7891
7983
8081
8175
8263
8373
8489
8607
8721
8798
8912
9016
9079
9158
9241
9314
9394
9458
9543
9604
9684
9749
9810
9878
9965
10028
10088
10163
10216
10286
10343
10402
10445
10498
10535
10599
10656
10697
10761
10816
10858
10892
10946
10962
11010
11028
11044
11077
11112
11139
11161
11185
11191
11190
11191
11201
11182
11175
11170
11180
11180
11165
11139
11137
11128
11124
11098
11085
11063
11044
11010
10998
10992
10970
10964
10930
10908
10887
10865
10851
10833
10799
10772
10750
10727
10706
10681
10656
10631
10597
10551
10527
10500
10475
10434
10390
10346
10313
10279
10245
10215
10186
10152
10101
10056
10019
9984
9930
9900
9870
9835
9801
9764
9725
9674
9644
9604
9570
9527
9493
9447
9413
9377
9345
9309
9281
9246
9215
9178
9155
9127
9097
9066
9026
8995
8963
8932
8901
8860
8830
8811
8776
8745
8713
8680
8646
8613
8571
8539
8505
8456
8409
8383
8339
8305
8272
8238
8209
8178
8150
8110
8074
8044
8007
7972
7949
7921
7896
7867
7832
7799
7765
7735
7705
7660
7623
7593
7567
7523
7498
7468
7445
7417
7385
7355
7319
7290
7260
7230
7208
7174
7142
7118
7080
7051
7025
7001
6969
6942
6918
6899
6867
6845
6812
6790
6761
6737
6709
6681
6644
6617
6589
6565
6534
6508
6481
6459
6432
6405
6382
6364
6344
6316
6294
6264
6241
6219
6197
6179
6155
6129
6110
6092
6070
6047
6019
6000
5981
5954
5935
5912
5889
5871
5846
5814
5795
5766
5735
5711
5681
5658
5638
5616
5589
5568
5538
5511
5487
5465
5446
5428
5400
5373
5352
5330
5304
5268
5250
5233
5215
5191
5167
5139
5115
5098
5079
5056
5036
5016
4996
4972
4963
4936
4921
4898
4874
4850
4826
4810
4789
4767
4746
4724
4697
4680
4663
4649
4625
4606
4578
4557
4540
4520
4493
4472
4449
4439
4422
4407
4386
4362
4346
4328
4307
4290
4275
4254
4237
4221
4201
4183
4166
4147
4133
4118
4103
4090
4075
4056
4040
4022
4010
3994
