0	0
0.1	4.7
0.2	30.8
0.3	81
0.4	145.6
0.5	227.6
0.6	316.3
0.7	420.9
0.8	530.2
0.9	645.9
1	763.4
1.1	886.7
1.2	1013.2
1.3	1147.5
1.4	1281.8
1.5	1417.2
1.6	1552.2
1.7	1692.4
1.8	1832.3
1.9	1965.8
2	2096.7
2.1	2227.7
2.2	2361.8
2.3	2497.8
2.4	2632.8
2.5	2776
2.6	2903.2
2.7	3042.1
2.8	3179.4
2.9	3312.9
3	3441.7
3.1	3570.8
3.2	3697.1
3.3	3832.3
3.4	3966
3.5	4097
3.6	4223.9
3.7	4352.3
3.8	4479.8
3.9	4603.4
4	4729.7
4.1	4845.9
4.2	4972.8
4.3	5093.9
4.4	5214.1
4.5	5338.4
4.6	5460.2
4.7	5579.3
4.8	5701.6
4.9	5814.9
5	5930.2
5.1	6041.1
5.2	6157.4
5.3	6274.1
5.4	6398
5.5	6514.4
5.6	6627
5.7	6750.5
5.8	6858
5.9	6970.5
6	7082.4
6.1	7195.1
6.2	7301.2
6.3	7414.1
6.4	7527.9
6.5	7642.8
6.6	7747.7
6.7	7851.2
6.8	7951.5
6.9	8050.8
7	8154.8
7.1	8257.4
7.2	8346.5
7.3	8449.4
7.4	8546.7
7.5	8642.4
7.6	8737
7.7	8829
7.8	8925.3
7.9	9020
8	9110.2
8.1	9189.7
8.2	9276.7
8.3	9360.2
8.4	9437.5
8.5	9512.7
8.6	9593.2
8.7	9672.8
8.8	9744.7
8.9	9816.9
9	9892.4
9.1	9961.5
9.2	10036.1
9.3	10103.9
9.4	10164.7
9.5	10228
9.6	10291
9.7	10350.4
9.8	10409
9.9	10464.3
10	10510.7
10.1	10560.8
10.2	10613.1
10.3	10662
10.4	10704.6
10.5	10749.8
10.6	10790
10.7	10832.9
10.8	10870.7
10.9	10904.1
11	10942.7
11.1	10973.1
11.2	11004.7
11.3	11036
11.4	11057.8
11.5	11086.4
11.6	11112.3
11.7	11133.8
11.8	11144.9
11.9	11161.7
12	11174.5
12.1	11184.1
12.2	11198.3
12.3	11210.2
12.4	11211.1
12.5	11212.7
12.6	11212.8
12.7	11215.4
12.8	11212.5
12.9	11207.8
13	11199.5
13.1	11193.9
13.2	11189.1
13.3	11179.4
13.4	11171
13.5	11157.3
13.6	11143.5
13.7	11131
13.8	11115.6
13.9	11098.8
14	11082.3
14.1	11063.9
14.2	11044.6
14.3	11021.3
14.4	11000.1
14.5	10976.3
14.6	10954
14.7	10927.9
14.8	10900.6
14.9	10871.6
15	10848.7
15.1	10819.7
15.2	10794.3
15.3	10766.6
15.4	10742.1
15.5	10709
15.6	10678.6
15.7	10648.4
15.8	10616.4
15.9	10588.7
16	10557.3
16.1	10528.1
16.2	10495.4
16.3	10460.1
16.4	10427
16.5	10393.6
16.6	10360.9
16.7	10327.3
16.8	10287
16.9	10254.1
17	10218.7
17.1	10185.4
17.2	10153.2
17.3	10116.2
17.4	10081.5
17.5	10043.6
17.6	10009.5
17.7	9973
17.8	9937.6
17.9	9905.1
18	9871.3
18.1	9832.8
18.2	9796.2
18.3	9758.4
18.4	9720.2
18.5	9685.4
18.6	9646.1
18.7	9613.6
18.8	9579.1
18.9	9545.6
19	9508.2
19.1	9473.9
19.2	9438.8
19.3	9403.3
19.4	9366.1
19.5	9331
19.6	9295.6
19.7	9261.4
19.8	9228.8
19.9	9194
20	9157.4
20.1	9117.9
20.2	9083.3
20.3	9046.3
20.4	9013.5
20.5	8979
20.6	8940.8
20.7	8906.7
20.8	8870.5
20.9	8834.7
21	8802.7
21.1	8770
21.2	8735.3
21.3	8700.7
21.4	8667
21.5	8633.2
21.6	8600.1
21.7	8566.5
21.8	8527.6
21.9	8494.3
22	8462.5
22.1	8426.8
22.2	8393.9
22.3	8360.2
22.4	8327.3
22.5	8296.7
22.6	8266.7
22.7	8234.3
22.8	8199.5
22.9	8166.8
23	8137.9
23.1	8108.4
23.2	8074.2
23.3	8042.6
23.4	8013.6
23.5	7981.3
23.6	7948
23.7	7915.8
23.8	7881.3
23.9	7849.4
24	7820.8
24.1	7793.1
24.2	7757
24.3	7726.9
24.4	7695.1
24.5	7666.1
24.6	7633.6
24.7	7603.2
24.8	7572.9
24.9	7545.8
25	7514.9
25.1	7484.2
25.2	7454.4
25.3	7426.9
25.4	7397.4
25.5	7367
25.6	7336.8
25.7	7306.4
25.8	7278.4
25.9	7249.1
26	7219.5
26.1	7186.6
26.2	7154.9
26.3	7126
26.4	7098.8
26.5	7072.5
26.6	7044.4
26.7	7014
26.8	6988.4
26.9	6960.8
27	6930.7
27.1	6902.2
27.2	6873.8
27.3	6845.5
27.4	6820
27.5	6794.6
27.6	6766.9
27.7	6738.6
27.8	6710.1
27.9	6687.3
28	6661.3
28.1	6634.4
28.2	6608.5
28.3	6578.6
28.4	6551.3
28.5	6525.9
28.6	6497.9
28.7	6470.9
28.8	6446
28.9	6419.7
29	6395
29.1	6368.2
29.2	6339.8
29.3	6314.9
29.4	6291.9
29.5	6265.5
29.6	6241
29.7	6219.2
29.8	6192.3
29.9	6167
30	6144.2
30.1	6120.4
30.2	6097.1
30.3	6072.6
30.4	6048.4
30.5	6023.2
30.6	5997.7
30.7	5974.6
30.8	5950.4
30.9	5927.3
31	5905.4
31.1	5879.8
31.2	5857.5
31.3	5833.2
31.4	5811.4
31.5	5787.7
31.6	5761.9
31.7	5738.2
31.8	5715.1
31.9	5692.3
32	5670.7
32.1	5647.8
32.2	5625
32.3	5601.3
32.4	5578.9
32.5	5554.1
32.6	5534.8
32.7	5512
32.8	5492.8
32.9	5472.5
33	5450.1
33.1	5427.2
33.2	5406.4
33.3	5383
33.4	5361
33.5	5341.7
33.6	5321
33.7	5299.7
33.8	5275.5
33.9	5253.6
34	5230.4
34.1	5209.2
34.2	5188.2
34.3	5170.7
34.4	5149.5
34.5	5129.8
34.6	5110.6
34.7	5089.9
34.8	5072.4
34.9	5051.9
35	5029.2
35.1	5007
35.2	4985.7
35.3	4965.4
35.4	4946.5
35.5	4927.9
35.6	4909.4
35.7	4891.5
35.8	4872.8
35.9	4851.9
36	4829.4
36.1	4808.6
36.2	4788.5
36.3	4772.9
36.4	4755.5
36.5	4738
36.6	4718.3
36.7	4696.9
36.8	4678.6
36.9	4661.2
37	4642.8
37.1	4623.5
37.2	4605.2
37.3	4589.8
37.4	4569.8
37.5	4553.4
37.6	4536.8
37.7	4517.7
37.8	4499.2
37.9	4480.5
38	4461.4
38.1	4443.1
38.2	4422.9
38.3	4406.4
38.4	4386.6
38.5	4370.2
38.6	4352.1
38.7	4334.8
38.8	4316.9
38.9	4299.6
39	4285.8
39.1	4267.6
39.2	4252.2
39.3	4235.1
39.4	4219.4
39.5	4205.2
39.6	4188.8
39.7	4172.4
39.8	4158.6
39.9	4142.1
40	4123.9
