960016
920937
882792
846300
810920
776709
744066
712762
682805
654284
626630
600264
575245
551022
527736
505219
484103
463995
444585
425940
408116
391089
374810
359257
344422
330206
316725
303916
291699
279876
268507
258216
248413
239175
230567
222497
214892
207598
200878
194662
188773
183627
178701
174315
170555
167405
164781
162558
160323
158702
157004
155275
153791
152451
151278
150392
149757
149617
149502
149414
149405
149636
149843
150058
150281
150490
150711
150920
151162
151379
151614
151802
151983
152188
152410
152618
152805
153018
153205
153422
153637
153870
154115
154304
154494
154705
154904
155106
155322
155533
155742
155935
156143
156329
156531
156737
156951
157173
157384
157622
157823
158043
158245
158456
158665
158874
159086
159283
159502
159692
159895
160112
160343
160538
160759
160960
161180
161360
161561
161790
161974
162191
162406
162615
162831
163054
163268
163474
163673
163893
164088
164308
164538
164717
164917
165148
165358
165582
165799
165999
166203
166417
166610
166843
167054
167250
167463
167664
167867
168087
168294
168481
168697
168894
169100
169329
169538
169753
169963
170173
170384
170606
170823
171025
171246
171459
171677
171886
172125
172343
172552
172767
172959
173161
173360
173563
173760
173971
174159
174370
174566
174766
174980
175158
175384
175569
175770
175975
176168
176405
176617
176833
177046
177235
177444
177641
177870
178094
178275
178467
178660
178858
179063
179264
179484
179699
179905
180110
180294
180489
180692
180887
181106
181303
181502
181710
181932
182148
182364
182549
182739
182935
183145
183372
183578
183799
183997
184210
184425
184629
184849
185072
185279
185494
185699
185925
186124
186333
186555
186761
186968
187196
187415
187628
187811
188020
188218
188433
188635
188832
189066
189256
189468
189675
189895
190124
190331
190530
190722
190919
191139
191327
191536
191784
192003
192218
192431
192618
192807
193026
193223
193434
193626
193824
194021
194249
194443
194652
194866
195087
195311
195505
195742
195982
196189
196398
196598
196806
197006
197201
197419
197625
197803
198001
198185
198397
198605
198816
198983
199188
199362
199562
199767
199973
200171
200378
200574
200767
200978
201198
201412
201608
201791
201982
202199
202415
202617
202827
203020
203233
203434
203620
203819
204015
204227
204426
204641
204847
205054
205252
205449
205635
205841
206032
206237
206433
206606
206826
207015
207203
207386
207613
207823
208013
208235
208428
208632
208800
209006
209208
209411
209633
209859
210044
210249
210451
210628
210822
211022
211205
211372
211585
211774
211989
212177
212367
212586
212789
212960
213154
213332
213541
213740
213959
214141
214348
214540
214767
214969
215169
215365
215554
215727
215933
216147
216335
216541
216734
216935
217150
217361
217559
217714
217920
218117
218299
218497
218694
218880
219093
