960023
920912
882995
846600
811454
777446
745287
713909
683909
655409
627620
601141
575798
551645
528168
506038
484617
464265
444973
426311
408411
391066
375004
359523
344788
330702
316875
303840
291502
279750
268350
257632
247558
237905
228945
220490
212507
204987
198213
191832
185787
180308
175242
170482
166350
162679
159510
156791
154303
152407
151370
150640
150182
149885
149758
149793
149832
149854
149908
150107
150282
150486
150691
150888
151115
151295
151524
151723
151933
152155
152367
152589
152780
152979
153189
153401
153610
153847
154057
154265
154446
154676
154887
155089
155293
155529
155751
155955
156158
156375
156579
156804
157009
157234
157434
157640
157848
158069
158284
158497
158708
158921
159126
159341
159551
159776
159991
160203
160430
160655
160879
161095
161315
161515
161736
161935
162127
162339
162557
162782
163001
163221
163389
163587
163827
164041
164256
164472
164676
164855
165071
165277
165499
165706
165912
166130
166359
166574
166773
166982
167192
167385
167589
167819
168040
168261
168470
168689
168897
169105
169328
169531
169731
169958
170162
170367
170594
170808
171016
171213
171413
171626
171828
172037
172227
172440
172654
172861
173086
173308
173494
173695
173921
174118
174308
174531
174711
174922
175158
175369
175577
175775
175982
176188
176420
176629
176815
177049
177256
177467
177649
177859
178086
178285
178521
178727
178922
179137
179321
179555
179799
180000
180230
180427
180642
180843
181052
181240
181443
181648
181836
182023
182213
182422
182611
182831
183035
183272
183496
183697
183916
184105
184305
184496
184710
184902
185118
185314
185552
185746
185945
186156
186347
186520
186727
186929
187121
187336
187533
187751
187996
188187
188403
188596
188787
188996
189197
189396
189612
189813
189993
190203
190435
190622
190823
191020
191193
191383
191573
191776
191991
192196
192364
192557
192762
192965
193177
193369
193579
193770
193977
194170
194383
194576
194795
194989
195185
195402
195605
195821
196026
196210
196397
196591
196820
196994
197206
197403
197589
197793
197997
198194
198368
198563
198778
198953
199159
199344
199525
199721
199937
200119
200325
200506
200679
200910
201108
201295
201485
201683
201885
202069
202282
202463
202647
202838
203045
203247
203446
203649
203862
204060
204259
204448
204641
204831
205046
205237
205425
205620
205803
206010
206218
206421
206614
206838
207052
207223
207406
207590
207813
208014
208196
208395
208563
208754
208940
209137
209323
209510
209718
209899
210088
210299
210522
210723
210911
211117
211333
211530
211754
211954
212150
212347
212523
212730
212934
213135
213312
213527
213711
213925
214138
214342
214542
214723
214886
215068
215280
215480
215679
215889
216089
216290
216477
216671
216904
217103
217284
217484
217697
217888
218089
218271
218487
218686
218908
219079
219284
219502
