959683
921020
883248
846826
811578
777519
744984
713527
683280
654605
626866
600398
575350
551223
527884
505645
484529
464058
444588
425840
408107
390864
374406
358812
344074
329603
315819
302735
290421
278592
267107
256500
246204
236450
227252
218704
210622
202846
195640
189126
183150
177670
172636
168427
164661
161292
158815
156317
154485
152966
151929
151047
150619
150392
149801
149339
148841
148607
148797
149010
149203
149431
149640
149844
150061
150277
150521
150733
150957
151178
151355
151559
151774
152009
152236
152466
152681
152879
153090
153295
153503
153710
153892
154081
154308
154520
154756
154972
155187
155390
155616
155815
156017
156227
156427
156628
156819
157034
157221
157447
157641
157872
158096
158334
158515
158748
158956
159135
159364
159566
159774
159974
160190
160388
160597
160811
161021
161217
161419
161616
161826
162033
162240
162439
162667
162891
163105
163318
163555
163766
163955
164160
164367
164573
164786
165002
165196
165398
165618
165810
166010
166246
166428
166626
166830
167019
167184
167412
167634
167840
168041
168245
168435
168627
168842
169055
169220
169410
169601
169830
170053
170282
170514
170720
170926
171126
171330
171515
171736
171933
172137
172326
172514
172749
172946
173167
173371
173569
173769
174002
174186
174362
174577
174765
174983
175182
175383
175574
175784
175983
176198
176408
176616
176833
177024
177261
177456
177662
177872
178072
178283
178497
178710
178919
179123
179324
179545
179745
179955
180168
180407
180615
180815
181013
181206
181412
181651
181840
182008
182224
182405
182611
182812
183016
183243
183418
183590
183810
184006
184201
184411
184648
184869
185064
185273
185469
185664
185886
186084
186292
186485
186683
186882
187099
187326
187561
187762
187979
188187
188379
188607
188836
189041
189232
189445
189642
189841
190043
190241
190445
190655
190867
191060
191266
191470
191671
191871
192070
192293
192489
192691
192887
193088
193299
193484
193658
193868
194080
194277
194485
194689
194888
195083
195273
195484
195692
195908
196120
196339
196554
196769
196994
197227
197433
197617
197810
198000
198200
198418
198617
198837
199025
199207
199407
199596
199792
199992
200196
200408
200604
200795
201001
201216
201394
201633
201851
202041
202235
202443
202668
202872
203066
203245
203438
203614
203801
204017
204177
204382
204586
204798
205003
205175
205386
205572
205758
205952
206182
206384
206578
206765
206947
207155
207366
207555
207733
207928
208119
208327
208537
208750
208946
209160
209372
209540
209725
209929
210115
210300
210542
210731
210932
211156
211349
211549
211741
211970
212166
212379
212574
212746
212945
213141
213331
213539
213733
213904
214080
214266
214464
214659
214863
215046
215249
215441
215652
215851
216059
216252
216463
216643
216819
217020
217210
217404
217585
217814
217980
218156
218319
