39117
75097
108071
138001
165166
189564
211168
230970
247974
263319
276433
287370
297193
305536
312004
317432
321657
324437
326300
327479
327704
327283
325931
324156
321905
318794
315248
311336
307328
302851
297746
292487
287313
281738
275903
269878
263416
257358
250895
244166
237523
230785
223582
216436
209174
201913
194908
188037
180857
173885
167090
160244
153210
145604
138030
130935
124231
118051
111957
106173
100668
95645
90707
85996
81445
77177
73103
69408
65853
62431
59141
56044
53153
50343
47639
45083
42829
40589
38501
36425
34512
32692
31011
29372
27922
26436
25103
23734
22485
21344
20194
19132
18104
17172
16262
15379
14604
13853
13157
12471
11821
11228
10605
10051
9547
9050
8586
8145
7735
7319
6926
6556
6217
5861
5572
5289
5050
4778
4532
4279
4062
3842
3655
3473
3299
3117
2963
2814
2685
2545
2432
2305
2191
2074
1962
1858
1776
1693
1614
1529
1456
1370
1294
1232
1179
1115
1060
996
943
882
841
793
751
712
678
642
602
569
538
506
484
451
417
397
377
352
330
318
301
286
275
262
248
233
215
203
191
183
174
167
159
156
142
134
122
118
110
104
93
89
88
84
80
77
72
67
62
58
53
48
44
41
39
34
34
32
31
30
27
25
22
22
20
19
18
18
18
18
15
13
11
10
10
10
10
9
8
8
8
7
6
6
6
6
6
4
3
3
2
2
2
2
1
1
1
1
1
1
1
1
1
1
1
1
1
1
1
1
1
0
0
0
0
0
0
0
0
0
0
0
0
0
0
0
0
0
0
0
0
0
0
0
0
0
0
0
0
0
0
0
0
0
0
0
0
0
0
0
0
0
0
0
0
0
0
0
0
0
0
0
0
0
0
0
0
0
0
0
0
0
0
0
0
0
0
0
0
0
0
0
0
0
0
0
0
0
0
0
0
0
0
0
0
0
0
0
0
0
0
0
0
0
0
0
0
0
0
0
0
0
0
0
0
0
0
0
0
0
0
0
0
0
0
0
0
0
0
0
0
0
0
0
0
0
0
0
0
0
0
0
0
0
0
0
0
0
0
0
0
0
