38846
74818
107777
137368
164673
189209
210662
230071
247279
262288
275580
287063
296958
305000
311791
316923
321246
324240
326483
327803
328136
327934
326531
324641
322040
319186
315922
312036
307746
303209
298610
293460
288175
282597
276677
270423
264304
258019
251222
244444
237828
231100
224040
217127
209919
202880
195479
188021
180910
173556
165761
158203
150650
143266
136008
129028
122489
116153
110345
104550
99211
93890
89011
84398
79936
75699
71690
68046
64625
61243
58056
55059
52230
49502
46874
44527
42159
39921
37801
35818
33929
32219
30573
29010
27502
26092
24712
23422
22220
21043
19928
18873
17919
16957
16049
15211
14425
13707
12955
12233
11568
10979
10409
9817
9306
8803
8326
7903
7494
7083
6724
6375
6013
5703
5423
5154
4882
4624
4387
4158
3916
3709
3531
3332
3157
2988
2856
2718
2562
2418
2262
2141
2023
1925
1822
1734
1637
1552
1459
1386
1314
1238
1183
1110
1044
997
941
903
850
806
760
726
684
641
611
566
527
495
467
450
418
389
366
344
330
315
297
278
261
247
235
222
206
199
190
183
175
169
161
152
146
138
131
123
118
115
107
105
98
95
92
87
82
82
79
71
70
65
60
56
54
53
47
46
41
35
34
34
33
30
27
27
25
23
21
20
19
17
17
14
14
12
11
11
10
9
9
9
9
9
9
9
9
8
8
8
8
7
7
5
4
4
4
4
3
3
3
3
3
2
2
2
2
1
1
1
1
1
1
1
1
1
1
1
1
1
1
1
1
1
1
0
0
0
0
0
0
0
0
0
0
0
0
0
0
0
0
0
0
0
0
0
0
0
0
0
0
0
0
0
0
0
0
0
0
0
0
0
0
0
0
0
0
0
0
0
0
0
0
0
0
0
0
0
0
0
0
0
0
0
0
0
0
0
0
0
0
0
0
0
0
0
0
0
0
0
0
0
0
0
0
0
0
0
0
0
0
0
0
0
0
0
0
0
0
0
0
0
0
0
0
0
0
0
0
0
0
0
0
0
0
0
0
0
0
0
0
0
0
0
0
0
0
0
0
0
0
0
0
0
