54642
29360
19865
15509
13200
11277
10362
9346
8885
8266
7853
7810
7288
7160
7017
6915
6701
6628
6694
6632
6668
6547
6639
6833
6612
6941
6854
6861
7019
7246
7229
7446
7479
7664
7715
7865
8172
8227
8590
8717
9149
9270
9596
9911
10050
10532
10894
11416
11696
12238
12743
13087
13994
14657
15355
16155
17008
17543
18536
19601
20472
21608
22604
23759
25083
26314
27403
28680
30214
31313
32969
34532
36250
37879
39556
40805
43090
44891
47042
49198
51230
53590
55563
57735
60012
62471
65370
67697
70347
73071
75724
78850
81619
84225
87504
90497
93327
96505
99852
103236
106369
109577
113060
116554
119956
122798
126288
129720
133219
136987
139970
142807
145959
149184
152321
155209
158384
161228
164746
167304
169962
172732
175547
178642
181150
184045
186412
188457
191178
193641
196043
198456
200502
202679
204869
206636
208613
210628
212290
213973
215571
216961
218423
219981
221592
222994
224237
225433
226799
227727
228865
229792
230751
231895
232797
233652
234472
235373
236197
236929
237648
238465
239206
239720
240425
240884
241409
241838
242171
242551
242930
243283
243719
244089
244360
244675
244916
245066
245318
245423
245685
245921
246139
246342
246410
246550
246740
246924
247086
247167
247267
247351
247461
247601
247728
247875
247950
248071
248163
248229
248352
248400
248476
248546
248692
248804
248851
248914
248988
249020
249107
249209
249256
249257
249333
249322
249348
249404
249463
249487
249555
249569
249605
249627
249692
249738
249749
249749
249758
249775
249765
249764
249726
249732
249747
249742
249760
249764
249788
249802
249836
249872
249892
249892
249881
249908
249914
249915
249916
249922
249936
249936
249940
249946
249962
249972
249972
249973
249974
249970
249966
249973
249974
249969
249973
249980
249978
249969
249972
249960
249964
249970
249982
249990
249994
249995
249999
249999
249999
250000
250000
250000
250000
250000
250000
250000
250000
250000
250000
250000
250000
250000
250000
250000
250000
250000
250000
250000
250000
250000
250000
250000
250000
250000
250000
250000
250000
250000
250000
250000
250000
250000
250000
250000
250000
250000
250000
250000
250000
250000
250000
250000
250000
250000
250000
250000
250000
250000
250000
250000
250000
250000
250000
250000
250000
250000
250000
250000
250000
250000
250000
250000
250000
250000
250000
250000
250000
250000
250000
250000
250000
250000
250000
250000
250000
250000
250000
250000
250000
250000
250000
250000
250000
250000
250000
250000
250000
250000
250000
250000
250000
250000
250000
250000
250000
250000
250000
250000
250000
250000
250000
250000
250000
250000
250000
250000
250000
250000
250000
250000
250000
250000
250000
250000
250000
250000
250000
250000
250000
250000
