54361
29474
19857
15516
12970
11693
10043
9398
8667
8342
7874
7539
7186
7115
6980
6839
6683
6700
6648
6746
6478
6730
6718
6617
6715
6771
6876
7012
6995
7187
7292
7423
7533
7615
7870
8138
8075
8150
8520
8843
9089
9414
9774
10040
10410
10847
11101
11559
12031
12739
13291
13940
14753
15603
16110
16987
17953
19061
19832
20854
21705
23313
23979
25040
26430
27915
29205
30487
32341
33695
35305
36891
38398
40085
42198
43977
46097
48193
50056
52097
54149
56786
58954
61569
63680
66785
69258
72077
74347
77292
80016
82758
85921
88720
91846
94525
97825
101554
104791
107744
111744
114742
117671
121198
124517
127933
131252
134372
137984
141392
144148
147146
150895
153646
156479
160420
163488
166172
169381
171816
174432
177031
179636
182468
185214
187335
189872
192205
195216
196945
198685
201094
203027
205014
206739
208671
210254
212064
213834
215231
216490
218183
219331
220745
222151
223669
224626
225900
227092
228583
229555
230496
231407
232400
233311
233986
234715
235383
236120
236748
237328
237914
238654
239306
239864
240595
241098
241675
242284
242649
243105
243419
243857
244241
244642
244848
245051
245242
245575
245868
246104
246292
246483
246637
246771
246897
246997
247181
247331
247432
247523
247602
247637
247729
247718
247804
247896
247972
248016
248108
248270
248349
248494
248474
248595
248660
248697
248677
248728
248787
248804
248853
248880
248976
249031
249131
249150
249196
249180
249178
249217
249305
249392
249417
249461
249496
249530
249598
249626
249670
249702
249693
249711
249733
249739
249739
249770
249802
249815
249825
249817
249828
249830
249834
249843
249866
249875
249886
249877
249879
249880
249883
249890
249911
249924
249933
249934
249933
249934
249937
249956
249954
249959
249962
249966
249967
249970
249970
249969
249974
249980
249974
249973
249973
249967
249966
249971
249972
249979
249988
249991
249995
249996
249998
249999
249999
250000
250000
250000
250000
250000
250000
250000
250000
250000
250000
250000
250000
250000
250000
250000
250000
250000
250000
250000
250000
250000
250000
250000
250000
250000
250000
250000
250000
250000
250000
250000
250000
250000
250000
250000
250000
250000
250000
250000
250000
250000
250000
250000
250000
250000
250000
250000
250000
250000
250000
250000
250000
250000
250000
250000
250000
250000
250000
250000
250000
250000
250000
250000
250000
250000
250000
250000
250000
250000
250000
250000
250000
250000
250000
250000
250000
250000
250000
250000
250000
250000
250000
250000
250000
250000
250000
250000
250000
250000
250000
250000
250000
250000
250000
250000
250000
250000
250000
250000
250000
250000
250000
250000
250000
250000
250000
250000
250000
250000
250000
250000
250000
250000
250000
