65483
190605
288003
366174
430775
482899
526840
563209
592671
617132
636754
653838
667471
678800
688373
696403
703459
708806
712154
715357
717999
720786
722234
724335
724677
725824
726070
726779
726794
726790
727411
726260
726129
726162
726026
725342
725899
726338
725285
725851
724773
724043
723699
723179
721920
722041
721496
719955
717862
716503
714858
713287
712010
709901
707746
706103
703687
702562
701153
698844
696820
694715
691274
688982
685512
682450
679785
675951
672226
668283
663928
660819
656353
652444
647997
643448
638608
633997
628743
623213
616671
610962
604469
598189
591531
585168
578644
572066
564806
557117
549735
542300
534450
526684
518049
509624
501418
492521
483808
475299
466048
456616
447170
437556
427813
418531
409027
399671
390699
380802
371166
361389
351599
341771
332485
323013
313515
303575
294406
285383
276263
267026
257447
248852
239964
231533
223125
214785
207032
199115
191887
184627
177792
170901
164485
158037
151739
145885
139867
134392
129365
124175
119325
113948
109040
104032
99396
95140
90906
86988
83041
79337
75742
72093
68705
65478
62251
59385
56251
53695
51115
48685
46396
44337
42315
40537
38682
36788
35056
33506
31909
30456
29054
27590
26366
25118
23815
22689
21627
20351
19118
17920
17012
16017
14975
14216
13576
12809
12186
11635
11176
10721
10233
9813
9201
8555
8104
7654
7239
6818
6452
6144
5773
5411
5136
4825
4554
4331
4104
3870
3663
3486
3286
3064
2890
2767
2596
2422
2274
2175
2068
1945
1804
1652
1568
1465
1361
1265
1216
1119
1045
942
869
791
725
691
661
656
622
590
571
558
531
524
508
475
444
421
390
376
338
325
326
304
287
282
291
260
262
228
222
220
212
192
186
179
170
163
175
169
172
164
155
149
161
169
148
142
143
140
130
118
114
110
110
102
100
86
70
55
42
30
23
20
18
15
13
11
6
6
4
4
3
2
0
0
0
0
0
0
0
0
0
0
0
0
0
0
0
0
0
0
0
0
0
0
0
0
0
0
0
0
0
0
0
0
0
0
0
0
0
0
0
0
0
0
0
0
0
0
0
0
0
0
0
0
0
0
0
0
0
0
0
0
0
0
0
0
0
0
0
0
0
0
0
0
0
0
0
0
0
0
0
0
0
0
0
0
0
0
0
0
0
0
0
0
0
0
0
0
