65449
190340
287241
365036
429159
482166
526419
562098
592029
616269
637184
653736
668137
679097
688453
695625
701175
706424
710781
713385
715762
717818
720053
721643
723032
724028
724577
725061
726385
726679
726725
726516
726819
726246
726002
726178
726366
726255
725899
724758
724105
724019
722766
722536
721832
720746
719404
718246
718090
717124
715811
715083
713275
711193
709582
707719
706314
703727
701745
698989
696349
694070
691252
688460
685238
682411
678249
675276
671794
667961
663945
659848
655306
650488
646178
640800
636048
630737
625784
620285
613987
608252
601785
595646
588931
582147
575764
568761
561189
552829
545679
537709
529298
520884
512107
503878
495674
487229
478169
469129
459541
450238
440932
430919
420833
411194
401871
392165
381235
371457
361287
351759
341752
332699
322871
313021
303580
294169
284515
275373
265860
256130
247440
238886
230840
222717
214042
206073
198452
190682
183328
176071
168788
162018
155348
148661
142418
136019
129997
124203
118688
113362
108289
103449
98775
93701
89277
85150
81086
77284
73838
70495
67283
64192
61514
58549
55662
53065
50400
48019
45692
43544
41559
39768
37745
35760
33993
32421
30846
29302
27855
26481
25147
23785
22407
21129
19920
18804
17726
16669
15841
14890
14112
13395
12681
12026
11303
10699
10077
9537
9000
8477
7990
7641
7276
6921
6558
6231
5966
5590
5267
5021
4753
4409
4161
3934
3683
3467
3295
3197
3113
2986
2889
2760
2643
2553
2467
2402
2262
2218
2103
2031
1893
1834
1795
1710
1608
1529
1475
1405
1338
1264
1197
1117
1053
1024
986
981
956
919
903
849
801
767
706
659
620
595
572
538
505
491
473
447
419
416
406
385
400
388
396
362
358
343
350
348
326
328
330
317
299
285
283
279
284
252
220
197
176
165
151
129
120
114
105
106
107
110
111
107
107
108
103
105
96
97
102
104
98
86
72
58
52
46
32
21
20
14
13
9
9
9
7
6
6
6
4
4
2
2
2
1
1
1
1
0
0
0
0
0
0
0
0
0
0
0
0
0
0
0
0
0
0
0
0
0
0
0
0
0
0
0
0
0
0
0
0
0
0
0
0
0
0
0
0
0
0
0
0
0
0
0
0
0
0
0
0
0
0
0
0
0
0
0
0
0
0
0
0
0
0
0
0
0
0
0
0
0
0
0
