0
0
0
0
1
1
1
2
1
2
2
2
3
3
4
4
5
7
9
11
12
13
13
14
16
16
18
20
21
24
27
28
32
32
32
32
33
34
36
36
39
39
41
43
43
47
46
48
48
45
46
46
46
45
45
45
46
45
46
47
48
49
48
48
50
46
46
46
47
45
48
49
49
50
49
48
46
47
45
47
47
47
48
49
48
47
47
46
46
46
43
43
43
40
40
38
37
36
36
35
35
34
34
34
33
33
32
32
30
30
29
29
29
28
27
28
28
29
29
29
29
29
27
27
27
27
27
26
26
26
25
25
24
25
25
25
25
24
24
23
22
21
21
21
21
21
21
19
18
18
17
17
15
15
15
15
14
14
13
13
13
12
12
12
12
12
12
10
10
10
10
10
10
10
9
9
9
9
8
8
8
8
8
8
7
6
6
6
6
6
6
6
6
6
6
6
6
6
6
6
6
6
6
5
5
5
5
5
5
5
5
5
5
5
5
5
5
5
5
5
4
3
3
3
3
2
2
2
1
1
1
1
1
1
1
1
1
1
1
1
1
0
0
0
0
0
0
0
0
0
0
0
0
0
0
0
0
0
0
0
0
0
0
0
0
0
0
0
0
0
0
0
0
0
0
0
0
0
0
0
0
0
0
0
0
0
0
0
0
0
0
0
0
0
0
0
0
0
0
0
0
0
0
0
0
0
0
0
0
0
0
0
0
0
0
0
0
0
0
0
0
0
0
0
0
0
0
0
0
0
0
0
0
0
0
0
0
0
0
0
0
0
0
0
0
0
0
0
0
0
0
0
0
0
0
0
0
0
0
0
0
0
0
0
0
0
0
0
0
0
0
0
0
0
0
0
0
0
0
0
0
0
0
0
0
0
0
0
0
0
0
0
0
0
0
0
0
0
0
0
