16
38
63
79
94
113
130
155
178
199
219
249
274
295
317
335
356
369
393
403
435
460
481
497
521
537
560
580
596
622
639
661
683
705
737
762
777
802
813
831
847
861
881
895
911
931
954
979
992
1022
1052
1076
1091
1109
1143
1165
1188
1201
1223
1238
1249
1267
1288
1313
1340
1356
1369
1400
1416
1431
1462
1485
1507
1520
1543
1567
1589
1612
1634
1650
1667
1696
1720
1743
1764
1789
1808
1826
1847
1875
1902
1926
1942
1962
1981
1995
2018
2033
2059
2079
2099
2131
2156
2177
2202
2224
2240
2259
2282
2297
2313
2329
2352
2374
2404
2425
2444
2473
2497
2511
2537
2552
2574
2601
2625
2652
2668
2698
2716
2738
2752
2777
2803
2828
2854
2872
2898
2911
2936
2955
2974
2992
3014
3037
3060
3078
3095
3116
3131
3150
3189
3212
3229
3245
3273
3296
3315
3349
3376
3395
3410
3431
3450
3475
3495
3520
3546
3570
3593
3619
3637
3666
3688
3714
3739
3758
3769
3801
3823
3839
3866
3887
3904
3923
3941
3958
3978
4006
4022
4054
4072
4091
4109
4129
4157
4185
4203
4220
4244
4260
4283
4303
4321
4349
4369
4388
4405
4426
4451
4480
4503
4527
4554
4582
4612
4637
4658
4676
4694
4717
4739
4764
4792
4816
4833
4847
4872
4885
4908
4927
4954
4977
5006
5026
5047
5066
5080
5100
5123
5145
5164
5194
5214
5238
5261
5278
5293
5315
5334
5355
5370
5388
5403
5427
5445
5463
5481
5501
5520
5539
5559
5581
5603
5626
5643
5664
5690
5713
5737
5763
5785
5808
5824
5851
5875
5897
5920
5940
5958
5985
6007
6031
6055
6076
6098
6125
6145
6171
6192
6219
6243
6258
6274
6305
6320
6328
6348
6373
6390
6409
6430
6453
6478
6496
6525
6543
6574
6604
6622
6641
6654
6675
6699
6718
6736
6757
6779
6793
6819
6838
6864
6893
6919
6936
6956
6978
7001
7030
7037
7053
7075
7092
7120
7140
7163
7192
7206
7223
7252
7274
7297
7321
7340
7365
7383
7404
7423
7439
7464
7482
7504
7524
7549
7575
7594
7617
7648
7673
7701
7721
7745
7763
7784
7809
7837
7861
7885
7904
7927
7945
7963
7982
8009
8040
8060
8073
8095
8124
8145
8162
8184
8206
8222
8234
8251
8269
8294
8312
8329
8349
8367
8391
8413
8439
8459
8486
8511
8535
8554
8578
