21
37
54
70
100
123
144
161
183
204
222
234
248
267
280
304
318
335
352
374
394
420
435
452
466
476
496
516
540
557
574
595
613
637
657
680
700
717
735
755
774
800
815
842
857
885
907
925
950
970
988
1002
1021
1044
1065
1084
1108
1123
1145
1168
1192
1210
1222
1239
1252
1272
1293
1308
1324
1346
1373
1398
1416
1437
1465
1492
1515
1540
1556
1582
1603
1621
1639
1659
1678
1693
1716
1745
1766
1775
1794
1812
1829
1848
1863
1877
1894
1919
1943
1965
1987
2009
2027
2051
2074
2091
2112
2134
2154
2180
2209
2235
2258
2277
2306
2327
2356
2375
2394
2417
2438
2458
2475
2498
2522
2541
2553
2574
2596
2619
2645
2663
2689
2716
2733
2756
2781
2808
2826
2843
2863
2886
2906
2922
2947
2961
2988
3011
3024
3041
3063
3094
3106
3125
3146
3174
3192
3218
3243
3271
3288
3308
3322
3350
3370
3391
3404
3426
3445
3465
3496
3528
3552
3569
3587
3613
3634
3647
3667
3677
3698
3717
3730
3764
3793
3823
3847
3869
3898
3921
3938
3958
3985
3999
4018
4036
4060
4083
4109
4123
4146
4170
4191
4220
4238
4257
4282
4301
4327
4348
4376
4398
4420
4437
4457
4475
4503
4529
4543
4565
4587
4613
4628
4653
4673
4693
4717
4734
4758
4775
4789
4817
4844
4870
4887
4898
4924
4944
4969
4992
5008
5023
5043
5063
5086
5111
5132
5146
5176
5198
5219
5239
5263
5288
5312
5326
5345
5371
5395
5421
5437
5455
5480
5505
5525
5541
5557
5579
5602
5614
5640
5667
5685
5715
5728
5752
5779
5803
5822
5843
5871
5891
5915
5940
5968
5989
6008
6033
6061
6085
6109
6118
6136
6158
6184
6212
6229
6254
6283
6311
6325
6345
6362
6387
6405
6427
6443
6463
6480
6496
6514
6536
6562
6584
6611
6633
6661
6688
6715
6739
6762
6779
6798
6812
6829
6842
6859
6878
6899
6920
6952
6965
6985
7017
7036
7057
7085
7098
7116
7139
7152
7173
7196
7213
7235
7253
7271
7290
7308
7325
7351
7377
7394
7416
7441
7457
7475
7500
7520
7553
7569
7589
7614
7635
7650
7673
7705
7734
7759
7779
7801
7821
7846
7872
7900
7917
7936
7957
7974
7994
8027
8052
8075
8092
8111
8133
8158
8179
8204
8235
8254
8277
8301
8326
8348
8367
8388
8413
8442
8458
