15
77
177
295
420
537
646
744
823
923
1012
1092
1182
1258
1332
1393
1454
1526
1595
1678
1733
1808
1846
1887
1935
1958
2019
2077
2114
2177
2205
2279
2328
2345
2395
2435
2461
2507
2511
2565
2604
2635
2653
2697
2729
2778
2794
2823
2866
2904
2930
2941
2956
2966
3000
3016
3027
3032
3060
3082
3104
3092
3106
3109
3107
3111
3120
3129
3147
3166
3181
3188
3189
3170
3162
3183
3201
3195
3187
3166
3161
3155
3183
3185
3170
3157
3170
3173
3187
3174
3156
3157
3148
3141
3143
3145
3130
3131
3119
3115
3106
3063
3031
3014
2978
2958
2959
2968
2956
2945
2930
2895
2873
2843
2811
2802
2792
2777
2749
2727
2709
2679
2668
2645
2609
2575
2559
2517
2487
2467
2424
2387
2343
2330
2309
2287
2267
2255
2233
2211
2193
2171
2163
2128
2100
2063
2025
2011
1981
1955
1913
1875
1850
1822
1768
1755
1719
1694
1662
1631
1604
1570
1539
1524
1509
1475
1446
1414
1377
1359
1338
1304
1287
1269
1240
1213
1202
1173
1156
1131
1115
1094
1052
1037
1020
998
982
958
942
929
902
886
872
844
824
811
789
769
750
729
716
702
693
675
659
639
627
612
596
583
569
550
541
521
504
494
481
468
463
446
436
425
416
409
394
375
371
358
349
343
331
312
305
294
288
288
279
269
267
255
255
255
250
245
236
229
225
215
207
199
195
185
178
171
163
161
152
146
143
139
139
136
135
134
133
130
128
124
120
116
112
110
109
107
104
102
101
95
93
87
84
79
78
77
76
75
74
73
68
64
64
62
59
57
54
51
50
49
47
45
44
44
44
43
42
42
40
38
37
37
35
34
33
31
31
30
29
28
26
24
24
24
23
23
21
21
21
21
21
21
19
19
18
16
16
15
14
14
12
12
12
12
12
12
12
12
12
12
12
12
12
12
12
11
10
9
9
9
9
9
9
9
9
8
8
8
8
8
8
8
8
8
8
8
7
7
7
7
7
7
7
7
7
7
7
6
6
6
6
6
6
6
5
5
5
5
5
5
5
5
