8
33
85
165
224
316
415
519
628
733
844
985
1122
1260
1412
1531
1659
1788
1923
2072
2237
2369
2506
2633
2796
2910
3060
3195
3357
3483
3641
3780
3928
4083
4225
4331
4446
4570
4706
4845
4964
5099
5197
5315
5416
5548
5661
5789
5897
6024
6168
6292
6409
6538
6649
6769
6875
6980
7062
7165
7293
7421
7511
7624
7742
7847
7933
8031
8139
8243
8335
8451
8547
8644
8717
8829
8927
9019
9120
9188
9256
9332
9409
9488
9588
9684
9765
9858
9915
9994
10043
10130
10205
10256
10315
10374
10419
10471
10508
10533
10580
10620
10666
10714
10745
10796
10847
10882
10908
10928
10950
10966
10979
10974
10983
11005
11023
11038
11056
11053
11070
11086
11101
11105
11119
11112
11114
11111
11115
11110
11108
11104
11087
11060
11046
11037
11031
11030
11024
11014
10991
10969
10953
10926
10907
10878
10852
10828
10786
10777
10740
10711
10685
10666
10633
10586
10564
10529
10495
10459
10433
10401
10367
10337
10298
10260
10231
10193
10168
10143
10097
10062
10026
9993
9964
9929
9891
9849
9803
9772
9733
9696
9662
9628
9594
9559
9521
9472
9429
9406
9369
9335
9292
9262
9224
9191
9156
9120
9083
9049
9011
8968
8933
8896
8857
8824
8790
8757
8729
8701
8664
8626
8589
8548
8510
8486
8457
8414
8386
8348
8309
8277
8241
8217
8181
8143
8108
8074
8044
8009
7976
7939
7904
7871
7832
7800
7766
7726
7699
7680
7649
7616
7590
7564
7533
7505
7475
7451
7414
7382
7345
7314
7284
7263
7239
7208
7183
7151
7130
7100
7071
7041
7015
6983
6953
6922
6900
6878
6844
6808
6787
6765
6740
6719
6693
6664
6634
6601
6586
6560
6527
6505
6482
6455
6434
6408
6390
6370
6342
6313
6278
6253
6228
6207
6181
6155
6131
6105
6083
6056
6032
6016
5988
5962
5936
5912
5894
5867
5844
5822
5792
5764
5737
5714
5699
5678
5657
5636
5621
5604
5580
5558
5544
5525
5493
5474
5459
5442
5415
5395
5374
5354
5338
5325
5305
5284
5267
5249
5230
5207
5187
5173
5146
5126
5104
5086
5064
5044
5022
4999
4976
4953
4933
4914
4892
4880
4856
4838
4822
4803
4779
4766
4750
4729
4703
4682
4664
4645
4630
4619
4590
4580
4563
4544
4531
4513
4493
4475
4452
4439
4421
4402
4395
4382
4375
4360
4346
4328
4305
4289
4271
4255
4237
4221
4206
4193
4174
4157
4137
4127
