5
29
68
133
213
309
416
525
645
768
884
978
1103
1215
1347
1480
1628
1756
1882
2041
2172
2321
2461
2618
2745
2870
3011
3116
3247
3383
3512
3653
3781
3908
4030
4174
4306
4426
4540
4652
4768
4904
5032
5165
5285
5398
5527
5650
5767
5862
5958
6084
6197
6330
6441
6537
6635
6755
6858
6966
7039
7156
7279
7384
7492
7617
7725
7816
7889
7983
8084
8179
8303
8394
8508
8593
8684
8780
8878
8935
9041
9099
9182
9237
9323
9382
9451
9507
9576
9640
9699
9786
9831
9890
9964
10012
10042
10094
10138
10187
10253
10281
10295
10321
10357
10378
10399
10413
10447
10453
10457
10495
10527
10536
10540
10547
10541
10552
10547
10556
10563
10562
10551
10535
10546
10541
10530
10525
10512
10507
10486
10473
10442
10422
10397
10366
10344
10326
10322
10299
10283
10266
10241
10222
10191
10174
10157
10141
10104
10077
10051
10024
10004
9992
9972
9931
9903
9881
9855
9827
9787
9746
9717
9676
9642
9605
9578
9545
9503
9462
9432
9400
9365
9328
9287
9258
9220
9182
9148
9115
9084
9049
9015
8968
8934
8903
8862
8818
8778
8750
8710
8679
8646
8615
8584
8539
8505
8480
8451
8419
8391
8347
8317
8282
8235
8197
8161
8134
8103
8076
8042
8004
7982
7958
7924
7887
7868
7828
7797
7756
7724
7696
7665
7641
7612
7582
7547
7512
7482
7462
7421
7380
7349
7324
7300
7266
7232
7203
7183
7157
7123
7087
7057
7035
7007
6985
6956
6932
6902
6872
6849
6828
6804
6782
6757
6740
6717
6690
6657
6626
6594
6570
6547
6524
6492
6471
6442
6416
6384
6350
6321
6300
6280
6255
6225
6205
6185
6162
6139
6110
6084
6058
6033
6011
5990
5969
5938
5917
5892
5861
5840
5819
5801
5776
5754
5740
5718
5695
5667
5653
5638
5621
5597
5577
5557
5544
5530
5503
5483
5465
5443
5425
5404
5370
5352
5330
5309
5291
5271
5245
5225
5209
5181
5161
5134
5113
5090
5065
5051
5032
5010
4990
4971
4949
4926
4901
4880
4853
4834
4812
4785
4768
4758
4735
4713
4692
4673
4646
4628
4613
4589
4570
4551
4529
4511
4497
4471
4444
4428
4409
4394
4379
4363
4345
4326
4307
4294
4279
4261
4248
4231
4221
4207
4196
4178
4156
4144
4123
4107
4088
4073
4061
4043
4030
4010
3994
3973
3952
3940
3923
3903
3892
3877
3863
3844
3833
3826
3811
3790
3779
