7
33
77
141
226
313
420
557
695
800
916
1052
1181
1295
1437
1562
1672
1808
1953
2075
2214
2327
2459
2591
2717
2859
3006
3150
3298
3421
3565
3709
3833
3950
4076
4185
4323
4442
4560
4688
4814
4950
5068
5201
5319
5420
5532
5649
5753
5867
5996
6142
6254
6381
6525
6649
6762
6903
7022
7153
7278
7369
7473
7556
7657
7777
7866
7985
8111
8190
8288
8380
8470
8549
8628
8719
8821
8904
8999
9076
9141
9213
9294
9380
9453
9541
9622
9702
9764
9847
9922
9984
10051
10142
10203
10269
10317
10364
10440
10492
10531
10575
10611
10652
10707
10749
10784
10816
10826
10851
10855
10872
10897
10911
10928
10929
10931
10947
10938
10953
10964
10974
10964
10952
10945
10941
10943
10936
10925
10924
10926
10918
10912
10885
10868
10843
10839
10820
10815
10809
10785
10771
10753
10731
10706
10663
10647
10622
10595
10567
10538
10507
10473
10445
10415
10372
10331
10297
10281
10253
10214
10175
10149
10121
10078
10041
10008
9981
9939
9893
9860
9822
9785
9750
9724
9706
9666
9642
9615
9575
9530
9515
9470
9439
9397
9365
9325
9280
9242
9212
9175
9139
9097
9067
9037
9005
8966
8920
8882
8849
8825
8784
8754
8722
8692
8658
8620
8595
8560
8533
8492
8453
8421
8388
8358
8324
8286
8256
8229
8202
8173
8145
8115
8085
8055
8022
7987
7955
7932
7900
7876
7844
7817
7785
7738
7708
7679
7649
7616
7599
7564
7541
7512
7484
7465
7436
7406
7381
7355
7323
7288
7263
7235
7205
7172
7141
7106
7092
7066
7037
7005
6984
6959
6931
6907
6866
6844
6821
6793
6762
6734
6709
6681
6654
6629
6608
6590
6569
6542
6514
6489
6465
6444
6413
6390
6362
6328
6303
6282
6261
6231
6198
6166
6144
6124
6097
6072
6053
6031
6002
5972
5941
5903
5878
5859
5837
5819
5797
5783
5753
5722
5688
5667
5639
5623
5594
5575
5559
5538
5522
5499
5475
5452
5435
5416
5400
5381
5353
5337
5312
5295
5271
5243
5224
5207
5179
5157
5132
5110
5087
5057
5045
5019
5000
4991
4975
4956
4938
4921
4907
4896
4866
4848
4822
4802
4784
4763
4747
4730
4711
4684
4661
4647
4629
4605
4581
4556
4538
4519
4499
4488
4471
4454
4439
4420
4406
4377
4358
4344
4328
4295
4266
4248
4232
4212
4202
4189
4179
4164
4144
4125
4110
4097
4084
4061
4047
4036
4018
4000
3978
