8
51
101
176
255
329
421
532
635
762
886
1034
1186
1310
1462
1592
1702
1858
1990
2120
2261
2381
2523
2661
2807
2926
3031
3179
3303
3419
3566
3709
3842
3971
4102
4231
4369
4487
4591
4706
4856
4975
5074
5208
5314
5427
5547
5660
5785
5918
6013
6139
6262
6366
6462
6563
6702
6804
6905
6998
7115
7245
7333
7428
7574
7677
7818
7907
8004
8103
8205
8284
8396
8490
8592
8687
8769
8870
8953
9049
9114
9210
9307
9386
9455
9523
9595
9655
9707
9779
9855
9924
9992
10058
10109
10189
10220
10262
10290
10322
10358
10397
10427
10473
10524
10563
10597
10616
10642
10681
10713
10729
10741
10746
10769
10802
10819
10826
10835
10828
10842
10834
10832
10829
10833
10822
10821
10813
10792
10792
10798
10780
10770
10763
10748
10753
10738
10706
10681
10669
10639
10611
10586
10557
10527
10507
10483
10459
10447
10438
10422
10387
10355
10318
10287
10259
10231
10191
10151
10115
10100
10056
10027
9983
9948
9923
9887
9854
9829
9792
9762
9722
9695
9653
9609
9566
9521
9487
9455
9436
9404
9378
9343
9313
9284
9253
9220
9189
9148
9108
9072
9037
8998
8969
8936
8909
8874
8851
8808
8784
8746
8716
8686
8651
8616
8580
8550
8514
8481
8447
8406
8373
8341
8314
8282
8251
8217
8187
8159
8125
8094
8055
8029
8003
7975
7945
7902
7866
7828
7794
7764
7727
7691
7668
7632
7587
7561
7528
7498
7475
7452
7430
7405
7384
7359
7322
7296
7262
7230
7208
7186
7149
7117
7089
7054
7032
7002
6970
6942
6910
6888
6864
6838
6811
6782
6758
6730
6705
6677
6655
6629
6601
6568
6550
6528
6505
6483
6459
6436
6407
6380
6362
6335
6316
6280
6255
6236
6216
6183
6153
6139
6111
6085
6063
6033
6010
5997
5966
5941
5918
5901
5872
5854
5830
5807
5774
5749
5721
5702
5678
5653
5630
5604
5587
5562
5537
5521
5504
5479
5462
5434
5413
5395
5376
5349
5334
5320
5298
5276
5247
5224
5199
5187
5169
5153
5129
5118
5093
5071
5049
5026
5005
4985
4968
4945
4923
4903
4880
4866
4845
4823
4806
4786
4768
4747
4722
4705
4687
4667
4637
4616
4596
4576
4559
4542
4532
4517
4494
4473
4458
4446
4432
4417
4399
4385
4364
4352
4334
4321
4305
4290
4275
4256
4234
4222
4205
4181
4164
4141
4129
4108
4095
4083
4075
4058
4047
4034
4017
3996
3981
