960240
921481
884037
847873
813394
780268
748435
717756
688146
659979
632901
606995
582483
558700
536073
514420
493609
473878
455096
437078
419684
403419
387949
373214
359323
346083
333816
322172
311243
301156
291441
282403
273825
266183
259619
253817
248042
242516
237550
233294
229697
226633
224120
221853
220189
218901
217675
216509
215627
215014
214908
214895
215065
215285
215490
215668
215881
216076
216263
216433
216619
216814
217009
217208
217402
217601
217791
217989
218168
218334
218533
218724
218909
219106
219301
219495
219662
219855
220055
220243
220434
220626
220813
221025
221196
221382
221567
221763
221949
222147
222338
222528
222709
222885
223064
223242
223437
223617
223788
223984
224189
224394
224575
224787
224980
225182
225381
225573
225736
225922
226110
226292
226494
226685
226890
227086
227260
227436
227619
227831
228014
228205
228385
228570
228761
228953
229120
229332
229495
229700
229893
230097
230288
230478
230650
230858
231041
231242
231440
231615
231812
232005
232208
232410
232602
232795
232979
233177
233370
233572
233783
233981
234166
234326
234507
234685
234898
235081
235257
235445
235633
235815
236009
236181
236352
236554
236746
236921
237131
237341
237541
237721
237920
238099
238299
238507
238692
238902
239109
239320
239498
239697
239896
240095
240276
240482
240654
240848
241022
241240
241446
241642
241841
242006
242217
242426
242609
242755
242973
243154
243322
243503
243696
243902
244091
244289
244493
244699
244860
245025
245209
245425
245598
245792
246017
246206
246399
246593
246778
246972
247155
247329
247519
247708
247882
248073
248270
248467
248656
248850
249046
249231
249430
249602
249786
249977
250165
250341
250527
250720
250925
251101
251287
251473
251651
251841
252020
252208
252408
252616
252804
253001
253194
253393
253587
253772
253968
254164
254342
254518
254692
254890
255069
255250
255438
255647
255842
256012
256206
256397
256595
256773
256952
257145
257333
257519
257713
257924
258124
258317
258493
258691
258849
259048
259247
259417
259629
259819
260027
260215
260393
260590
260791
261003
261187
261364
261555
261737
261938
262150
262332
262517
262691
262867
263074
263260
263457
263666
263835
264016
264204
264372
264526
264701
264898
265066
265237
265422
265607
265782
265976
266168
266341
266525
266683
266889
267081
267275
267450
267629
267830
268009
268202
268379
268561
268730
268900
269061
269234
269421
269611
269787
269970
270147
270322
270507
270690
270846
271031
271216
271398
271583
271783
271962
272140
272334
272531
272712
272894
273061
273250
273421
273608
273764
273985
274146
274302
274476
274694
274865
275053
275234
275404
275588
275772
275959
276138
276325
276519
276712
276903
277084
277265
277435
277615
277780
277958
278158
278361
278531
278710
278894
279075
279249
279445
279602
279787
279965
280136
280311
