960094
921533
884520
848557
813833
780865
749015
718564
689392
661434
634504
608845
584474
561103
538762
517324
496870
477138
458397
440768
424047
407922
392752
378378
364772
351946
339392
327744
316970
306989
297626
288998
280545
272810
265335
258693
252873
247875
242904
238396
234623
231631
228744
226289
224235
222765
221465
220316
219429
218981
218772
218696
218434
218443
218400
218355
218123
218073
218031
218128
218321
218523
218717
218924
219123
219304
219504
219717
219924
220108
220295
220499
220698
220892
221109
221289
221486
221702
221902
222084
222274
222458
222650
222831
222986
223190
223361
223543
223744
223940
224107
224305
224494
224683
224883
225071
225280
225486
225670
225858
226059
226277
226449
226646
226826
227042
227230
227411
227600
227792
227975
228160
228369
228577
228755
228956
229130
229333
229527
229711
229940
230155
230377
230573
230757
230933
231098
231295
231510
231712
231912
232082
232267
232462
232665
232858
233036
233233
233413
233603
233804
233993
234179
234365
234555
234746
234929
235118
235284
235472
235672
235835
236020
236197
236372
236544
236730
236896
237076
237271
237463
237658
237864
238048
238243
238429
238606
238780
238967
239174
239364
239550
239753
239916
240109
240278
240451
240662
240859
241072
241232
241435
241610
241786
241975
242184
242364
242545
242724
242908
243105
243276
243466
243636
243803
243991
244157
244342
244533
244737
244907
245074
245254
245426
245634
245795
245981
246170
246359
246558
246742
246935
247154
247346
247527
247707
247918
248106
248296
248468
248651
248831
249036
249229
249397
249576
249750
249935
250115
250298
250456
250642
250836
251029
251208
251394
251576
251748
251959
252141
252342
252518
252717
252904
253060
253256
253438
253622
253823
254025
254202
254392
254546
254722
254911
255079
255254
255427
255618
255811
256011
256222
256407
256611
256776
256989
257185
257359
257537
257706
257856
258040
258211
258374
258543
258724
258898
259073
259264
259436
259600
259780
259958
260127
260324
260514
260686
260864
261037
261225
261425
261605
261814
262014
262227
262404
262594
262779
262943
263140
263317
263490
263682
263901
264083
264276
264466
264661
264859
265043
265237
265417
265596
265751
265936
266113
266297
266501
266689
266886
267085
267268
267422
267611
267810
267973
268160
268357
268563
268733
268930
269113
269285
269481
269681
269868
270080
270247
270432
270622
270797
270999
271198
271397
271586
271756
271941
272141
272315
272508
272696
272862
273047
273230
273425
273617
273784
273962
274165
274354
274542
274704
274888
275066
275242
275403
275580
275764
275952
276121
276303
276499
276671
276823
277012
277202
277387
277574
277783
277986
278176
278364
278530
278724
278906
279100
279276
279464
279664
279838
280024
280209
280399
280568
280730
280908
281084
281248
281420
281593
