54235
29424
19838
15723
13026
11456
10297
9606
8798
8412
7888
7590
7422
7179
7224
7068
6888
6737
6805
6789
6784
6831
6871
6928
6945
6950
7214
7287
7259
7467
7678
7931
8023
8175
8351
8802
9047
9331
9612
10124
10187
10609
10922
11406
12178
12708
13430
13730
14268
15022
16012
16492
17386
18233
19076
19732
20971
22058
22925
24050
25208
26436
28005
29377
30549
32354
33733
35705
36905
38806
40407
42134
44340
46277
47802
50521
52365
54720
57279
59854
62125
63990
66861
69734
72508
75187
78186
80879
83662
86400
89381
92412
95149
98203
101469
105304
108347
111560
114858
118003
121203
125074
127646
131251
134432
137620
140704
143726
146865
150019
153612
157020
159952
163411
165983
169013
171826
174999
177403
180326
182669
185097
187537
189480
192079
194035
196305
198215
200607
202652
204073
205987
208000
210153
211922
213942
215577
216801
218356
219955
221384
222732
223933
225222
226461
227479
228486
229623
230663
231645
232421
233090
234095
235135
235827
236576
237167
237799
238426
239082
239534
240150
240613
240951
241147
241515
241995
242249
242629
242755
243196
243533
243862
244138
244476
244794
245038
245236
245520
245850
246194
246423
246635
246780
246965
247108
247317
247432
247504
247648
247804
247937
248188
248276
248334
248493
248536
248620
248735
248847
248888
248954
249004
249111
249191
249217
249284
249326
249347
249408
249413
249471
249512
249558
249609
249669
249696
249711
249735
249735
249737
249741
249743
249749
249738
249726
249751
249774
249787
249784
249806
249842
249884
249907
249925
249936
249930
249934
249950
249953
249953
249950
249950
249945
249945
249947
249939
249944
249936
249948
249948
249945
249955
249963
249968
249966
249964
249973
249976
249973
249971
249972
249974
249970
249968
249973
249982
249989
249996
249998
250000
250000
250000
250000
250000
250000
250000
250000
250000
250000
250000
250000
250000
250000
250000
250000
250000
250000
250000
250000
250000
250000
250000
250000
250000
250000
250000
250000
250000
250000
250000
250000
250000
250000
250000
250000
250000
250000
250000
250000
250000
250000
250000
250000
250000
250000
250000
250000
250000
250000
250000
250000
250000
250000
250000
250000
250000
250000
250000
250000
250000
250000
250000
250000
250000
250000
250000
250000
250000
250000
250000
250000
250000
250000
250000
250000
250000
250000
250000
250000
250000
250000
250000
250000
250000
250000
250000
250000
250000
250000
250000
250000
250000
250000
250000
250000
250000
250000
250000
250000
250000
250000
250000
250000
250000
250000
250000
250000
250000
250000
250000
250000
250000
250000
250000
250000
250000
250000
250000
250000
250000
250000
250000
250000
250000
250000
250000
250000
250000
250000
