54677
29308
20075
15729
13270
11445
10209
9391
8858
8353
7753
7685
7429
7074
7166
7113
7013
6951
6995
6770
6759
6930
6866
6972
6912
7193
7216
7345
7460
7595
7668
7813
8045
8204
8601
8564
8992
9126
9432
9696
10102
10573
11066
11435
11855
12507
13033
13426
14120
14799
15358
16280
16942
17628
18641
19504
20775
21560
22715
23628
24911
26102
27354
28618
30214
31291
33066
34785
36209
37520
39534
40878
42978
44668
46921
49055
51165
53347
55436
57444
60223
62447
65104
67201
69932
73151
75292
78777
81578
84438
87409
90212
93183
96068
99616
103259
106538
109644
112961
115936
119128
122173
125882
129427
132836
135921
139406
142481
145175
148413
151402
154916
157927
160894
163735
166542
169186
172276
174597
177014
179569
181769
184708
187198
189467
191633
193986
196305
198103
200424
202811
204398
206507
208713
210628
212332
213700
215203
216975
218625
220108
221624
222769
224024
225251
226218
227323
228142
229153
230381
231549
232525
233095
233869
234736
235516
236237
236909
237472
238140
238709
239088
239491
240107
240562
240917
241175
241500
241932
242427
242750
243431
243865
244163
244444
244702
244931
245094
245182
245389
245624
245793
245979
246176
246258
246439
246686
246815
246881
247058
247225
247383
247467
247556
247604
247713
247826
247928
247990
248093
248056
248155
248224
248256
248352
248412
248605
248660
248718
248779
248868
248978
249102
249203
249192
249260
249371
249412
249406
249422
249468
249537
249583
249619
249658
249678
249671
249695
249717
249734
249757
249780
249819
249848
249849
249849
249847
249869
249867
249865
249862
249887
249877
249875
249895
249901
249911
249921
249920
249935
249940
249946
249953
249959
249955
249960
249957
249954
249950
249949
249941
249937
249948
249960
249966
249971
249979
249980
249974
249961
249968
249968
249969
249967
249967
249966
249971
249970
249963
249964
249971
249969
249974
249972
249971
249967
249966
249970
249968
249967
249965
249967
249969
249974
249966
249975
249976
249969
249970
249972
249967
249969
249964
249966
249969
249965
249974
249966
249968
249970
249975
249973
249965
249964
249961
249971
249964
249969
249960
249970
249974
249976
249977
249979
249970
249964
249969
249974
249987
249997
249998
249999
250000
250000
250000
250000
250000
250000
250000
250000
250000
250000
250000
250000
250000
250000
250000
250000
250000
250000
250000
250000
250000
250000
250000
250000
250000
250000
250000
250000
250000
250000
250000
250000
250000
250000
250000
250000
250000
250000
250000
250000
250000
250000
250000
250000
250000
250000
250000
250000
250000
250000
250000
250000
250000
250000
250000
250000
250000
250000
250000
250000
250000
250000
250000
250000
250000
250000
250000
250000
