65662
190157
285860
364654
429177
481809
524953
561671
591379
616641
637012
653501
666495
678640
687531
695029
700587
704938
709508
712932
716285
718761
720680
722021
723813
724663
725416
726005
725997
726207
726157
727224
727033
726862
726149
724875
724843
723806
722327
721658
720781
719444
718610
717811
716415
715470
714382
711809
709791
709310
707202
704941
703002
700779
698101
695559
692844
690285
687163
683932
680521
676633
672921
670061
665116
660681
656452
651919
647024
642358
637278
632534
627350
621862
615794
610103
604174
597215
590906
584581
577850
570726
564511
556708
549076
541197
531552
523920
516108
507576
498493
489161
480216
471045
461149
451828
441938
432603
423337
414072
404056
393969
384586
375127
365790
356468
346798
336685
326949
317563
307865
299197
289762
280746
272133
263456
254229
245596
237686
229323
221071
213085
205180
197854
190105
182398
175241
168459
161445
154615
148116
141757
135264
128978
123365
118107
113163
108010
103276
99003
94836
90578
86491
82658
78790
75360
71938
68627
65314
62342
59583
56785
54034
51761
49280
47194
44910
42818
40784
38895
36952
34986
33320
31731
30232
28826
27468
26425
25117
24040
22698
21527
20411
19553
18587
17641
16744
15815
14985
14287
13461
12866
12257
11763
11211
10705
10065
9542
9054
8559
8059
7568
7115
6745
6405
6089
5848
5601
5289
5050
4846
4612
4278
4049
3759
3528
3253
3050
2874
2705
2535
2408
2262
2108
1950
1808
1706
1645
1561
1479
1324
1283
1163
1053
983
920
838
775
711
659
588
551
510
494
457
429
404
381
354
347
321
298
281
289
289
271
267
266
273
258
242
207
186
164
140
130
128
116
111
102
97
94
91
88
97
89
94
85
83
83
85
80
86
88
83
85
89
92
98
98
91
98
95
101
96
99
94
93
94
92
90
98
107
105
102
91
89
91
92
98
97
95
94
99
94
84
57
45
38
32
28
23
21
18
16
10
9
8
8
6
5
5
5
3
2
1
1
0
0
0
0
0
0
0
0
0
0
0
0
0
0
0
0
0
0
0
0
0
0
0
0
0
0
0
0
0
0
0
0
0
0
0
0
0
0
0
0
0
0
0
0
0
0
0
0
0
0
0
0
0
0
0
0
0
0
0
0
0
0
0
0
0
0
0
0
0
0
0
0
0
