65320
189908
286528
365398
429405
482540
526422
562691
592710
617590
637032
653334
665864
677431
686426
694046
700345
705718
709494
713538
716314
719495
720863
722954
724378
725663
726226
727315
727596
728220
728567
728985
728346
727854
727926
726492
725603
725844
724482
723734
722557
722265
720851
719698
719034
716666
715784
714635
712426
709501
708717
706969
706298
705154
702830
700058
697957
696402
693499
690952
688705
685770
682568
679648
676246
672843
669028
664533
660247
655718
652326
647582
642944
638313
633833
628803
623290
617871
612683
606338
599383
592985
586308
579492
571999
564644
556609
548609
540484
532528
524464
516232
507109
498358
489698
480756
472156
463341
454014
445160
435722
425852
415477
405353
395956
386714
377437
367777
358499
349380
340111
330730
320789
311494
302010
293071
283952
274914
266395
257879
249001
240613
232056
223424
214797
206508
198367
191246
183566
175979
168289
161103
154267
147909
141403
135495
129724
124496
119181
114450
109753
105152
100237
95854
91774
87718
83724
80288
76594
73336
70291
66914
63905
60875
58001
55329
52836
49893
47554
45303
43262
41218
39424
37698
36070
34365
32713
31109
29559
28292
26786
25229
24041
22886
21682
20467
19346
18352
17412
16602
15744
15016
14394
13763
13105
12529
11826
11288
10759
10179
9558
9093
8550
8021
7667
7255
6899
6530
6291
5956
5565
5279
5063
4778
4550
4325
4118
3884
3700
3515
3379
3283
3137
2998
2844
2762
2582
2453
2372
2258
2130
2056
1935
1896
1810
1732
1651
1625
1563
1456
1378
1306
1213
1141
1035
976
918
853
796
735
708
653
626
566
538
509
491
455
443
434
417
366
317
316
292
290
283
249
224
198
180
170
150
145
129
119
114
105
111
115
117
111
109
96
74
55
46
43
32
30
22
19
16
13
9
7
6
3
3
3
3
2
0
0
0
0
0
0
0
0
0
0
0
0
0
0
0
0
0
0
0
0
0
0
0
0
0
0
0
0
0
0
0
0
0
0
0
0
0
0
0
0
0
0
0
0
0
0
0
0
0
0
0
0
0
0
0
0
0
0
0
0
0
0
0
0
0
0
0
0
0
0
0
0
0
0
0
0
0
0
0
0
0
0
0
0
0
0
0
0
0
0
0
0
0
0
0
0
0
0
0
0
0
0
0
0
0
0
0
0
