65750
190362
287666
366020
430031
483127
526630
562513
591862
616594
636564
652999
666131
676773
687079
694611
701326
705810
709492
712555
715408
718617
720018
721149
723559
723506
724265
725782
725893
726198
725896
726174
725879
726201
725326
725142
723931
723644
723799
723413
722014
721918
720897
719622
718307
716961
715974
715466
713466
711535
709368
707904
705993
703811
700987
698514
695788
693014
690253
687887
685554
682243
679857
675971
672465
668594
665192
660792
657181
652156
647289
642736
637875
631935
626673
621412
615869
609915
604266
598492
591884
585054
577367
569881
562646
555472
547800
539394
531847
524107
516740
507707
499042
490386
481137
472261
463049
453320
444223
434293
425376
415366
405629
395653
386297
376704
366758
356465
346859
337295
327468
317652
308548
298996
289555
279907
270417
261432
252914
244454
235899
227252
219734
211883
204547
196940
189860
182231
175341
169022
162744
156406
149895
144031
138229
132595
127176
121874
116510
111051
106578
102224
97546
92931
88880
85256
81422
77630
73613
69742
66417
63431
60172
57095
54329
51849
49185
46688
44241
41851
39511
37364
35254
33230
31389
29709
28070
26523
25046
23547
22241
21165
20176
19104
18127
17266
16429
15602
14933
14214
13494
12717
12104
11545
10935
10364
9778
9188
8677
8255
7845
7513
7130
6656
6346
5980
5634
5354
5042
4707
4469
4216
3942
3649
3338
3060
2793
2578
2445
2320
2107
1965
1852
1732
1617
1497
1442
1405
1313
1220
1148
1044
939
864
798
729
684
627
562
500
457
414
370
352
319
294
275
255
231
209
174
160
150
139
136
132
117
106
92
88
78
64
56
49
43
38
29
24
18
16
13
11
8
7
6
4
4
3
2
2
2
2
2
1
1
1
1
1
1
1
1
1
1
0
0
0
0
0
0
0
0
0
0
0
0
0
0
0
0
0
0
0
0
0
0
0
0
0
0
0
0
0
0
0
0
0
0
0
0
0
0
0
0
0
0
0
0
0
0
0
0
0
0
0
0
0
0
0
0
0
0
0
0
0
0
0
0
0
0
0
0
0
0
0
0
0
0
0
0
0
0
0
0
0
0
0
0
0
0
0
0
0
0
0
0
0
0
0
0
0
0
0
0
0
0
0
0
0
0
0
0
0
0
0
0
0
0
0
0
0
