0
0
0
0
0
0
0
0
0
1
2
2
4
4
7
9
14
21
18
19
19
22
23
25
25
26
28
31
32
32
33
36
39
40
43
44
45
46
46
47
47
46
48
49
49
49
52
53
55
57
60
58
57
58
59
59
61
61
58
59
59
57
57
57
57
55
54
53
52
50
49
49
50
47
47
48
47
47
48
47
44
43
42
42
41
40
40
39
38
37
37
36
36
37
37
37
36
36
36
35
36
33
33
34
32
32
31
31
30
29
29
29
28
28
28
27
27
26
25
25
25
24
24
23
22
21
20
18
17
17
16
15
14
14
14
14
14
14
14
13
13
13
13
12
12
12
11
11
11
10
10
9
9
9
9
9
9
9
9
7
6
6
6
6
6
6
6
6
6
6
6
6
6
6
6
6
6
6
5
4
3
3
3
3
3
3
3
3
3
2
2
2
2
1
1
1
1
1
1
1
1
1
1
1
1
1
1
1
1
1
1
1
1
1
1
1
1
1
1
1
1
1
1
1
1
1
1
0
0
0
0
0
0
0
0
0
0
0
0
0
0
0
0
0
0
0
0
0
0
0
0
0
0
0
0
0
0
0
0
0
0
0
0
0
0
0
0
0
0
0
0
0
0
0
0
0
0
0
0
0
0
0
0
0
0
0
0
0
0
0
0
0
0
0
0
0
0
0
0
0
0
0
0
0
0
0
0
0
0
0
0
0
0
0
0
0
0
0
0
0
0
0
0
0
0
0
0
0
0
0
0
0
0
0
0
0
0
0
0
0
0
0
0
0
0
0
0
0
0
0
0
0
0
0
0
0
0
0
0
0
0
0
0
0
0
0
0
0
0
0
0
0
0
0
0
0
0
0
0
0
0
0
0
0
0
0
0
0
0
0
0
0
0
0
0
0
0
0
0
0
