21
43
60
73
97
114
135
163
181
199
216
237
248
260
285
307
324
352
376
397
413
426
449
463
486
511
527
538
567
594
619
637
655
679
704
714
738
748
767
787
811
826
839
857
879
890
905
923
947
963
990
1010
1028
1044
1071
1095
1114
1135
1166
1192
1218
1240
1261
1278
1298
1317
1341
1362
1381
1401
1420
1446
1465
1482
1503
1524
1544
1559
1580
1600
1621
1644
1664
1681
1703
1718
1730
1746
1769
1787
1817
1835
1857
1876
1891
1914
1934
1952
1979
1995
2014
2039
2058
2083
2108
2130
2146
2174
2194
2212
2228
2261
2278
2300
2322
2344
2365
2389
2411
2433
2453
2473
2491
2521
2534
2563
2592
2608
2637
2654
2677
2706
2723
2741
2769
2794
2808
2828
2845
2861
2892
2911
2938
2961
2986
3011
3024
3051
3070
3092
3118
3141
3159
3175
3194
3216
3234
3259
3285
3309
3325
3352
3369
3393
3423
3450
3472
3496
3520
3545
3557
3588
3607
3626
3640
3658
3683
3708
3729
3754
3775
3802
3825
3859
3879
3903
3927
3945
3970
3986
4004
4020
4029
4043
4069
4090
4104
4119
4144
4164
4186
4209
4235
4254
4281
4302
4320
4356
4369
4388
4403
4424
4441
4470
4496
4513
4530
4555
4579
4597
4625
4645
4662
4694
4713
4733
4761
4779
4796
4815
4839
4858
4878
4897
4915
4933
4961
4981
5003
5017
5042
5058
5076
5091
5111
5128
5144
5169
5186
5198
5216
5239
5254
5283
5300
5317
5335
5354
5386
5407
5432
5457
5481
5515
5530
5552
5574
5590
5603
5625
5646
5658
5683
5708
5724
5747
5764
5777
5792
5808
5832
5860
5878
5898
5921
5943
5965
5983
6002
6027
6054
6070
6097
6122
6136
6155
6177
6193
6210
6239
6268
6288
6304
6324
6345
6370
6385
6411
6434
6457
6477
6490
6520
6540
6560
6583
6600
6618
6639
6649
6677
6698
6717
6740
6767
6795
6814
6836
6855
6880
6902
6926
6944
6960
6980
7009
7024
7045
7065
7088
7110
7130
7166
7197
7218
7234
7253
7273
7297
7327
7342
7361
7391
7414
7442
7465
7480
7500
7522
7548
7563
7581
7602
7627
7647
7661
7680
7705
7728
7740
7762
7790
7812
7834
7856
7872
7893
7916
7940
7955
7970
7996
8020
8046
8068
8089
8104
8133
8152
8171
8188
8211
8235
8254
8274
8298
8325
8342
8359
8379
