26
49
66
89
114
138
163
186
204
234
246
267
289
310
335
349
369
396
418
442
469
484
508
536
555
577
603
625
644
662
688
701
716
732
749
765
785
810
825
848
861
883
901
923
951
978
1008
1027
1044
1064
1082
1111
1126
1136
1167
1180
1196
1219
1231
1246
1259
1276
1302
1326
1347
1376
1389
1417
1441
1459
1482
1502
1522
1549
1570
1591
1619
1643
1659
1678
1712
1732
1752
1780
1792
1815
1836
1861
1884
1903
1921
1942
1963
1984
2006
2019
2054
2079
2108
2129
2152
2177
2196
2215
2238
2264
2289
2317
2335
2356
2380
2403
2424
2441
2457
2474
2495
2525
2542
2569
2597
2624
2657
2681
2705
2719
2743
2765
2784
2809
2830
2851
2869
2886
2910
2931
2955
2973
2996
3015
3039
3056
3078
3097
3110
3133
3163
3184
3197
3228
3250
3274
3298
3315
3340
3354
3373
3392
3413
3426
3452
3471
3488
3510
3529
3549
3570
3586
3615
3640
3659
3684
3706
3725
3743
3763
3790
3813
3831
3852
3875
3894
3916
3934
3947
3965
3986
4015
4033
4056
4072
4085
4111
4132
4150
4177
4194
4219
4238
4252
4273
4295
4311
4337
4363
4384
4404
4423
4449
4472
4496
4515
4537
4553
4582
4615
4632
4654
4669
4683
4702
4728
4748
4774
4798
4822
4840
4853
4870
4895
4918
4942
4971
4989
5009
5034
5047
5072
5102
5119
5136
5159
5182
5204
5222
5249
5274
5298
5314
5347
5367
5387
5408
5429
5447
5468
5494
5513
5532
5551
5579
5599
5609
5629
5652
5678
5703
5724
5741
5761
5782
5799
5829
5858
5885
5908
5928
5945
5972
5988
6013
6042
6062
6083
6108
6127
6152
6171
6198
6222
6237
6258
6281
6301
6322
6350
6368
6394
6413
6430
6450
6477
6504
6521
6544
6567
6583
6604
6629
6652
6672
6684
6701
6717
6735
6754
6774
6796
6807
6836
6857
6874
6891
6918
6937
6953
6978
7000
7028
7052
7075
7102
7125
7149
7171
7192
7208
7226
7254
7274
7298
7327
7344
7370
7400
7426
7453
7474
7493
7512
7542
7558
7574
7595
7615
7637
7664
7684
7704
7721
7743
7766
7789
7807
7829
7841
7867
7884
7900
7917
7937
7960
7984
8006
8029
8051
8073
8101
8115
8144
8174
8203
8226
8251
8272
8296
8323
8349
8369
8388
8405
8427
8446
8465
8482
8509
8536
8554
8574
8604
