31
58
86
106
127
144
158
185
205
228
245
261
278
299
324
343
370
387
407
430
450
467
485
505
537
554
581
596
611
629
655
677
696
723
741
767
795
821
853
867
883
902
923
939
957
978
1003
1019
1039
1066
1100
1126
1141
1156
1174
1189
1207
1228
1250
1281
1305
1325
1352
1372
1393
1410
1427
1444
1465
1480
1505
1520
1542
1565
1587
1617
1645
1667
1682
1714
1733
1753
1770
1790
1804
1826
1851
1867
1889
1920
1940
1959
1983
2005
2024
2045
2070
2087
2117
2133
2157
2185
2201
2218
2239
2263
2278
2303
2325
2345
2362
2390
2416
2437
2452
2477
2500
2518
2540
2556
2578
2594
2616
2638
2657
2684
2711
2724
2740
2766
2783
2804
2829
2845
2869
2885
2912
2932
2958
2982
3006
3029
3051
3077
3091
3109
3132
3153
3178
3204
3224
3249
3277
3296
3321
3340
3359
3386
3405
3428
3446
3469
3490
3517
3549
3572
3596
3619
3638
3659
3676
3695
3727
3756
3777
3790
3814
3837
3868
3894
3917
3940
3960
3979
3995
4017
4042
4063
4081
4104
4133
4154
4176
4194
4208
4224
4247
4269
4292
4311
4331
4353
4372
4389
4414
4434
4456
4479
4496
4515
4541
4570
4592
4614
4631
4646
4663
4685
4709
4733
4746
4766
4787
4807
4829
4852
4868
4893
4913
4935
4953
4981
5006
5027
5054
5076
5106
5131
5156
5182
5210
5226
5250
5265
5289
5302
5323
5353
5376
5399
5421
5442
5467
5494
5522
5546
5577
5597
5618
5647
5667
5687
5701
5718
5741
5773
5796
5813
5830
5848
5870
5888
5910
5935
5962
5982
6003
6025
6043
6069
6099
6122
6148
6164
6194
6215
6238
6253
6280
6301
6316
6333
6355
6374
6389
6410
6434
6456
6478
6500
6520
6537
6559
6580
6594
6607
6626
6644
6659
6669
6689
6709
6730
6750
6758
6791
6813
6849
6871
6890
6899
6916
6943
6968
6989
7014
7038
7055
7074
7106
7125
7143
7162
7184
7207
7232
7256
7279
7312
7334
7358
7381
7410
7432
7454
7479
7493
7511
7535
7564
7589
7616
7635
7657
7683
7704
7722
7745
7764
7788
7808
7834
7851
7868
7885
7904
7921
7945
7972
7987
8010
8037
8065
8087
8113
8134
8153
8170
8196
8218
8234
8251
8271
8300
8323
8334
8353
8369
8393
8412
8431
8458
8481
8499
8524
8545
8561
8586
8605
8630
