17
42
60
87
108
134
155
179
201
224
247
270
303
323
346
365
381
406
430
453
468
488
511
533
549
565
587
598
618
639
662
679
701
725
750
775
786
809
820
840
860
881
897
915
933
943
957
977
994
1008
1033
1049
1066
1084
1105
1128
1150
1174
1191
1204
1227
1244
1266
1286
1296
1318
1333
1357
1375
1397
1416
1436
1455
1474
1495
1524
1543
1569
1591
1610
1629
1644
1666
1687
1712
1738
1751
1768
1791
1815
1839
1861
1885
1913
1943
1971
1989
2008
2031
2053
2071
2095
2116
2139
2157
2169
2190
2209
2234
2255
2272
2298
2316
2334
2351
2377
2402
2413
2428
2459
2485
2506
2521
2540
2558
2581
2602
2620
2641
2670
2685
2709
2730
2750
2770
2789
2810
2832
2844
2861
2879
2904
2927
2946
2963
2981
3004
3029
3050
3073
3097
3116
3141
3163
3182
3202
3225
3241
3266
3287
3306
3325
3349
3377
3396
3415
3435
3453
3472
3492
3514
3539
3563
3586
3606
3627
3648
3672
3693
3714
3732
3753
3769
3792
3822
3841
3855
3880
3902
3920
3944
3962
3974
3985
4003
4022
4039
4062
4088
4112
4135
4165
4189
4210
4226
4248
4270
4288
4305
4330
4342
4367
4393
4415
4430
4454
4475
4495
4518
4540
4558
4584
4608
4630
4648
4666
4685
4705
4723
4749
4771
4784
4806
4832
4855
4873
4890
4908
4933
4952
4966
4987
5008
5037
5060
5080
5104
5122
5144
5160
5176
5203
5233
5251
5271
5294
5312
5331
5348
5370
5398
5421
5444
5464
5483
5499
5521
5541
5561
5583
5595
5613
5623
5646
5668
5697
5713
5733
5745
5762
5791
5815
5835
5853
5871
5887
5910
5935
5956
5985
6012
6037
6066
6092
6111
6138
6158
6178
6195
6224
6242
6259
6277
6296
6320
6346
6374
6395
6415
6434
6460
6474
6489
6509
6528
6555
6578
6595
6613
6640
6659
6680
6701
6718
6738
6758
6777
6798
6818
6843
6861
6882
6903
6917
6935
6960
6978
6999
7021
7042
7070
7093
7117
7138
7164
7185
7202
7229
7250
7275
7298
7324
7339
7357
7379
7401
7424
7445
7468
7493
7512
7538
7555
7571
7596
7614
7633
7641
7670
7691
7711
7736
7763
7786
7812
7833
7857
7870
7893
7911
7932
7955
7981
7995
8014
8033
8055
8078
8108
8123
8141
8172
8196
8221
8239
8266
8279
8298
8312
8330
