13
77
197
316
439
522
561
611
677
732
805
867
916
967
1023
1079
1108
1134
1163
1193
1205
1252
1295
1327
1359
1376
1387
1403
1440
1471
1494
1507
1564
1603
1590
1596
1584
1581
1589
1590
1586
1580
1584
1597
1612
1656
1670
1691
1708
1722
1724
1742
1751
1750
1749
1740
1761
1774
1781
1771
1772
1787
1760
1742
1722
1725
1705
1718
1740
1714
1708
1713
1710
1699
1671
1669
1674
1684
1686
1700
1684
1663
1653
1653
1634
1623
1623
1632
1626
1618
1594
1602
1614
1598
1589
1567
1532
1506
1500
1487
1465
1467
1465
1454
1459
1430
1394
1384
1375
1349
1330
1301
1290
1280
1286
1252
1215
1200
1185
1157
1146
1121
1106
1094
1071
1054
1041
1027
1019
995
992
962
954
947
930
903
879
851
854
841
816
805
786
781
766
740
726
712
675
658
633
624
597
585
575
556
550
537
508
506
498
474
469
475
455
444
432
423
414
413
396
394
384
370
371
370
362
349
342
341
337
325
311
303
289
273
267
269
269
256
250
244
234
228
218
207
196
196
192
183
182
172
164
160
155
151
148
143
143
133
126
121
113
111
103
99
93
91
85
81
77
72
67
65
64
62
58
54
51
49
50
50
50
51
51
48
45
44
43
43
43
43
41
41
40
38
36
36
32
31
30
30
26
23
21
18
18
17
17
15
15
15
15
14
13
12
10
9
8
8
8
8
8
7
6
6
5
5
5
5
5
5
4
4
4
4
4
3
3
3
3
3
3
3
3
3
3
3
1
1
1
1
1
1
1
1
1
1
0
0
0
0
0
0
0
0
0
0
0
0
0
0
0
0
0
0
0
0
0
0
0
0
0
0
0
0
0
0
0
0
0
0
0
0
0
0
0
0
0
0
0
0
0
0
0
0
0
0
0
0
0
0
0
0
0
0
0
0
0
0
0
0
0
0
0
0
0
0
0
0
0
0
0
0
0
0
0
0
0
0
0
0
0
0
0
0
0
0
0
0
