15
82
181
300
403
508
612
694
745
801
853
901
959
1017
1063
1120
1152
1176
1237
1265
1288
1330
1354
1384
1412
1446
1455
1470
1482
1485
1502
1511
1522
1535
1573
1575
1589
1631
1660
1684
1676
1672
1669
1683
1693
1720
1709
1717
1746
1756
1758
1750
1759
1742
1723
1738
1751
1735
1737
1729
1749
1722
1737
1742
1708
1711
1715
1706
1707
1713
1720
1731
1726
1741
1738
1717
1715
1693
1681
1659
1669
1690
1679
1647
1613
1600
1589
1565
1560
1559
1558
1539
1522
1517
1508
1500
1465
1473
1441
1445
1438
1421
1417
1399
1393
1395
1393
1352
1328
1326
1328
1324
1313
1300
1271
1248
1242
1226
1227
1212
1202
1179
1168
1149
1139
1101
1071
1043
1021
989
967
947
931
906
896
879
872
858
832
820
828
808
809
791
788
768
748
720
697
671
643
622
606
592
582
559
542
533
521
509
494
473
461
449
433
422
411
392
382
382
368
363
355
345
334
317
308
307
286
274
270
262
258
242
232
229
219
215
209
207
201
186
176
168
164
154
144
139
136
130
129
127
119
114
107
103
98
93
88
85
83
81
72
71
69
69
69
70
65
65
62
59
59
53
48
46
45
43
43
40
38
36
33
30
31
30
29
29
30
30
31
32
31
31
25
21
22
21
19
18
17
16
16
15
13
13
15
15
14
13
15
16
15
13
12
12
14
13
12
13
12
12
12
12
12
12
12
12
11
9
9
9
10
11
11
10
11
9
9
8
8
7
7
5
4
4
5
6
6
6
5
5
6
5
5
5
5
5
5
5
5
5
5
5
3
3
2
2
2
2
2
2
2
2
2
2
2
2
2
2
1
1
1
1
1
0
0
0
0
0
0
0
0
0
0
0
0
0
0
0
0
0
0
0
0
0
0
0
0
0
0
0
0
0
0
0
0
0
0
0
0
0
0
0
0
0
0
0
0
0
0
0
0
0
0
0
0
0
0
0
0
0
0
0
0
0
0
0
0
0
