12
84
194
330
438
521
608
695
767
831
887
922
974
1028
1059
1087
1139
1179
1240
1286
1327
1334
1358
1388
1426
1454
1469
1478
1506
1531
1552
1551
1546
1554
1578
1584
1580
1606
1619
1623
1612
1640
1659
1673
1655
1668
1662
1671
1680
1705
1722
1725
1745
1716
1719
1709
1706
1723
1727
1719
1705
1701
1724
1719
1700
1716
1712
1712
1703
1692
1672
1657
1658
1668
1673
1667
1667
1655
1644
1642
1659
1645
1652
1657
1654
1654
1649
1640
1615
1625
1620
1610
1585
1563
1540
1530
1527
1498
1489
1501
1475
1463
1457
1431
1424
1419
1404
1377
1373
1353
1339
1339
1337
1308
1290
1250
1235
1244
1232
1223
1194
1162
1163
1142
1135
1119
1104
1111
1085
1073
1044
1028
1018
1004
989
964
924
912
893
878
863
849
832
816
805
781
762
750
737
719
685
659
640
634
617
596
585
568
547
539
523
517
499
481
472
452
442
428
416
402
379
365
360
355
338
336
333
323
314
301
283
275
274
264
256
248
241
233
225
223
208
195
186
179
177
166
156
148
139
129
123
119
112
110
107
103
98
94
91
86
85
81
79
78
75
74
72
69
69
68
66
62
58
56
52
49
48
43
37
37
38
36
36
36
37
35
34
31
29
26
23
21
20
18
18
17
16
16
16
13
13
13
13
12
11
11
11
11
11
10
10
10
8
6
6
5
5
5
5
5
4
4
4
4
4
4
4
4
3
2
2
2
2
2
2
2
2
2
2
2
2
0
0
0
0
0
0
0
0
0
0
0
0
0
0
0
0
0
0
0
0
0
0
0
0
0
0
0
0
0
0
0
0
0
0
0
0
0
0
0
0
0
0
0
0
0
0
0
0
0
0
0
0
0
0
0
0
0
0
0
0
0
0
0
0
0
0
0
0
0
0
0
0
0
0
0
0
0
0
0
0
0
0
0
0
0
0
0
0
0
0
0
0
0
0
0
0
0
0
0
0
0
0
0
0
0
0
0
0
0
