15
79
187
315
418
508
580
650
710
789
864
936
993
1026
1097
1128
1157
1209
1219
1250
1303
1328
1371
1395
1436
1452
1490
1526
1555
1563
1583
1586
1590
1615
1624
1628
1614
1631
1627
1640
1633
1642
1624
1652
1673
1704
1741
1740
1736
1715
1701
1690
1728
1723
1726
1739
1766
1750
1761
1742
1757
1747
1727
1729
1727
1725
1730
1718
1713
1710
1697
1690
1687
1702
1713
1676
1654
1658
1649
1641
1642
1615
1609
1589
1594
1581
1594
1559
1569
1581
1545
1544
1499
1490
1481
1477
1482
1488
1461
1445
1441
1431
1405
1388
1366
1363
1368
1340
1340
1333
1327
1300
1288
1279
1268
1235
1207
1183
1154
1131
1103
1098
1075
1075
1069
1042
1023
998
973
959
950
942
942
919
895
884
866
840
834
824
814
803
782
765
747
738
725
706
685
663
655
645
614
603
592
586
574
561
558
544
533
517
494
478
460
442
439
428
402
389
387
373
359
354
345
333
322
305
297
280
285
272
264
261
253
244
243
242
237
224
218
214
204
195
184
179
174
169
161
154
142
131
128
123
119
113
108
101
95
96
93
90
84
76
75
70
69
66
61
58
58
58
55
48
48
47
48
46
45
41
38
37
36
34
30
28
25
25
23
22
22
23
18
14
14
14
12
11
11
11
11
8
8
8
8
7
9
9
9
9
10
9
9
9
8
7
7
5
5
4
4
3
3
3
2
2
2
2
2
2
2
2
2
2
2
2
2
2
2
2
2
2
2
2
2
2
2
2
2
2
2
2
2
2
2
2
2
2
2
2
1
1
1
1
1
1
1
1
1
0
0
0
0
0
0
0
0
0
0
0
0
0
0
0
0
0
0
0
0
0
0
0
0
0
0
0
0
0
0
0
0
0
0
0
0
0
0
0
0
0
0
0
0
0
0
0
0
0
0
0
0
0
0
0
0
0
0
0
0
0
0
0
0
0
0
0
0
0
0
0
0
0
0
0
0
0
0
0
0
0
