0
3
13
16
29
37
44
63
77
89
96
114
125
141
156
168
180
190
202
218
227
242
261
275
293
303
314
327
342
349
367
384
396
413
423
437
459
469
480
492
507
518
529
544
554
561
574
584
599
609
627
637
651
665
674
678
684
698
708
721
738
752
767
775
783
795
809
817
829
835
846
865
878
892
905
915
932
940
949
958
971
978
995
1013
1031
1042
1052
1062
1072
1088
1093
1094
1107
1119
1129
1148
1167
1180
1196
1200
1206
1213
1225
1235
1238
1240
1250
1255
1266
1277
1291
1300
1312
1324
1338
1344
1364
1366
1368
1377
1402
1412
1420
1424
1434
1440
1449
1446
1451
1459
1461
1470
1477
1483
1490
1490
1493
1506
1519
1523
1528
1533
1544
1555
1567
1565
1575
1579
1583
1584
1589
1596
1606
1610
1615
1616
1634
1637
1646
1651
1659
1666
1666
1670
1684
1687
1697
1705
1718
1724
1739
1740
1746
1760
1781
1787
1784
1790
1794
1799
1801
1816
1819
1826
1823
1828
1834
1839
1851
1865
1868
1874
1877
1888
1898
1906
1911
1919
1925
1936
1944
1949
1959
1964
1966
1969
1977
1981
1997
2007
2009
2013
2022
2030
2026
2032
2034
2043
2041
2049
2051
2054
2062
2070
2071
2074
2071
2069
2074
2077
2088
2096
2104
2117
2117
2129
2130
2141
2147
2145
2149
2152
2163
2160
2160
2155
2162
2165
2174
2181
2183
2186
2185
2187
2202
2203
2210
2214
2213
2212
2213
2214
2222
2232
2238
2240
2235
2231
2245
2251
2254
2260
2262
2271
2278
2288
2301
2298
2302
2305
2314
2314
2314
2318
2320
2318
2321
2322
2322
2328
2326
2322
2327
2327
2332
2336
2335
2332
2334
2334
2340
2336
2338
2347
2341
2350
2346
2351
2345
2349
2352
2352
2358
2355
2368
2381
2382
2387
2394
2406
2406
2414
2409
2413
2414
2422
2424
2418
2416
2416
2427
2434
2437
2440
2447
2455
2459
2454
2468
2469
2467
2462
2463
2467
2470
2474
2479
2484
2488
2495
2498
2504
2504
2501
2502
2511
2514
2517
2524
2525
2520
2524
2531
2533
2534
2538
2538
2538
2532
2532
2535
2540
2541
2540
2543
2541
2540
2544
2542
2544
2550
2554
2558
2562
2568
2559
2560
2561
2558
2559
2556
2558
2563
2557
2553
2555
2544
2546
2543
2552
2555
2555
2548
2553
2546
2544
2547
2547
2542
2538
2534
2532
2529
2528
2513
2516
2509
2511
2514
2508
2501
2502
2499
2502
2506
2512
2510
2506
2506
2495
2488
2486
2484
2485
2485
2479
2476
2468
2461
2460
2458
2451
2444
2442
2439
2434
2429
2423
2416
2405
2398
2393
2385
2372
2359
2349
2340
2333
2328
2326
2321
2315
2307
2298
2297
2292
2281
2272
2266
2261
2259
2250
2241
2237
2229
2220
2208
2189
2181
2175
2171
2161
2153
2149
2141
2133
2124
2113
2109
2105
2101
2089
2084
2079
2072
2064
2057
2043
2031
2025
2015
2004
1999
1996
1989
1985
1980
1976
1970
1961
1956
1951
1943
1935
1925
1918
1909
1902
1896
1888
1880
1875
1868
1861
1853
1851
1845
1836
1829
1819
1812
1807
1797
1789
1781
1772
1769
1758
1750
1740
1734
1728
1723
1710
1699
1692
1686
1679
1668
1654
1648
1645
1641
1629
1625
1620
1614
1609
1606
1598
1587
1578
1572
1568
1560
1551
1549
1542
1536
1528
1520
1514
1510
1502
1499
1494
1490
1483
1477
1467
1456
1455
1447
1438
1433
1431
1426
1421
1416
1413
1410
1404
1394
1390
1384
1379
1376
1365
1362
1355
