960220
921710
884948
848927
814263
780823
748749
717477
687568
658887
631568
604984
579658
555170
531656
509298
487964
467369
447645
428712
410572
393312
376637
360797
345577
331011
316959
303951
291105
278878
267088
255929
245283
234672
224655
215294
206303
197455
189134
181188
173650
166367
159435
152667
146369
140319
134525
128882
123525
118456
113530
108824
104343
100153
95968
92025
88306
84786
81370
78192
75081
72057
69337
66614
63994
61428
58957
56615
54430
52282
50226
48291
46535
44743
43051
41473
39955
38466
36989
35598
34266
32988
31836
30772
29637
28647
27671
26690
25796
24912
24064
23241
22461
21707
20993
20329
19661
19058
18476
17890
17367
16847
16335
15872
15466
15056
14671
14317
13961
13587
13263
12893
12570
12252
11953
11702
11413
11139
10907
10680
10441
10234
10000
9811
9611
9458
9326
9155
8981
8807
8673
8521
8358
8224
8094
8002
7913
7823
7732
7611
7550
7460
7400
7302
7212
7164
7065
6998
6983
6965
6933
6898
6834
6799
6745
6682
6648
6589
6540
6478
6439
6385
6347
6278
6221
6207
6202
6182
6149
6113
6108
6014
6023
6034
5968
6014
5980
5957
5940
5893
5913
5904
5887
5902
5868
5870
5882
5827
5827
5827
5842
5802
5788
5794
5820
5812
5803
5814
5810
5794
5804
5798
5789
5759
5784
5773
5778
5759
5767
5741
5703
5683
5709
5714
5763
5809
5819
5767
5760
5806
5797
5783
5750
5789
5766
5786
5761
5768
5788
5795
5787
5799
5779
5756
5751
5740
5754
5750
5728
5749
5762
5776
5820
5810
5821
5809
5822
5783
5744
5720
5741
5752
5715
5685
5685
5682
5672
5706
5673
5653
5612
5645
5695
5683
5738
5724
5718
5718
5697
5699
5688
5667
5665
5659
5676
5697
5717
5749
5771
5766
5729
5762
5784
5799
5754
5781
5774
5834
5857
5837
5841
5863
5889
5903
5935
5940
5931
5954
5959
5971
5986
5966
5952
5981
5990
6000
6003
5995
5980
5947
5946
5962
5983
5991
5994
5996
6029
6079
6143
6181
6208
6246
6279
6328
6374
6394
6416
6465
6490
6534
6585
6665
6694
6731
6792
6864
6911
6956
7026
7119
7167
7270
7288
7363
7425
7486
7578
7668
7765
7846
7953
8030
8134
8202
8309
8414
8524
8620
8728
8849
8994
9091
9230
9387
9554
9714
9899
10050
10165
10331
10486
10604
10760
10884
10987
11096
11260
11382
11493
11616
11732
11843
11927
12044
12175
12302
12450
12595
12702
12827
12940
13071
13201
13364
13563
13748
13958
14130
14332
14575
14786
14957
15153
15325
15512
15685
15864
16044
16226
16417
16616
16810
16998
17215
17401
17580
17791
18006
18230
18478
18718
18959
19191
19452
19695
19915
20156
20412
20658
20934
21168
21409
21634
21889
22119
22349
22578
22824
23081
23339
23591
23827
24062
24305
24548
24795
25033
25264
25514
25776
25990
26210
26462
26724
26976
27232
27471
27712
27934
28195
28426
28666
28909
29164
29422
29663
29890
30120
30353
30605
30858
31073
31312
31559
31808
32040
32294
32547
32801
33040
33299
33515
33760
34004
34234
34478
34741
34993
35200
35418
35684
35943
36195
36426
36654
36877
37126
37370
37624
37867
38110
38330
38579
38834
39086
39325
39579
39831
40056
40278
40526
40783
40992
41210
41425
41675
41933
42164
42394
42645
42895
43152
43392
43613
43860
44107
44345
44601
44831
45058
45304
45546
45803
46044
46307
46525
46765
46971
47232
47468
47689
47922
48171
48391
48610
48863
49100
49345
49580
49838
50057
50311
50560
50803
51030
51252
51488
51714
51933
52179
52393
52606
52864
53095
53320
53540
53775
54025
54239
54473
54673
54923
55164
55387
55609
55851
56075
56290
56508
56756
57023
57236
57480
57709
57965
58206
58442
58663
58907
59163
59402
59627
59834
60064
60282
60547
60831
61066
61287
61527
