959716
920907
883668
847579
813104
779749
747675
716422
686741
658107
630595
604155
578891
554802
531681
509129
487583
467182
447462
428603
410561
393516
377021
361110
345883
331213
317200
303807
291190
278997
267213
255943
245169
234901
225109
215627
206466
197733
189500
181513
173875
166630
159484
152856
146560
140467
134697
129288
124047
119011
114235
109584
105185
100899
96812
92890
89111
85535
82107
78815
75759
72689
69826
67050
64543
61965
59499
57195
55043
52910
50790
48887
47120
45389
43604
42022
40461
38869
37482
36063
34758
33530
32363
31259
30151
29107
28065
27180
26233
25400
24555
23826
23005
22220
21517
20855
20189
19537
18992
18403
17826
17313
16829
16337
15862
15431
14951
14511
14191
13851
13522
13156
12845
12566
12270
12005
11712
11456
11197
10920
10725
10469
10263
10113
9929
9750
9552
9406
9267
9117
8987
8850
8702
8559
8448
8327
8245
8124
7990
7887
7802
7748
7658
7596
7536
7453
7340
7238
7162
7093
7037
6997
6914
6869
6815
6764
6725
6691
6661
6664
6621
6589
6529
6526
6486
6476
6429
6406
6328
6240
6215
6173
6165
6156
6170
6171
6128
6114
6086
6079
6055
6028
6027
6019
6032
6011
5994
6009
5999
5973
5955
5906
5912
5888
5893
5848
5841
5806
5786
5765
5753
5761
5749
5736
5727
5750
5744
5692
5680
5715
5682
5677
5672
5688
5660
5672
5730
5740
5770
5789
5740
5741
5758
5744
5726
5718
5741
5718
5701
5702
5718
5699
5713
5734
5735
5704
5711
5681
5675
5645
5624
5622
5606
5638
5667
5652
5591
5578
5594
5596
5610
5610
5607
5626
5616
5643
5668
5682
5651
5639
5637
5621
5623
5631
5635
5639
5651
5634
5648
5639
5599
5619
5629
5675
5669
5643
5622
5613
5629
5603
5636
5625
5672
5696
5670
5679
5681
5709
5695
5710
5689
5678
5665
5626
5650
5667
5687
5700
5668
5650
5657
5623
5634
5600
5598
5597
5635
5640
5642
5643
5637
5655
5685
5677
5645
5628
5627
5601
5593
5590
5601
5621
5633
5634
5608
5594
5610
5606
5620
5622
5610
5610
5656
5652
5663
5664
5644
5625
5644
5635
5662
5628
5644
5624
5653
5687
5690
5683
5640
5650
5636
5665
5693
5719
5683
5655
5633
5631
5654
5676
5698
5672
5652
5642
5633
5643
5651
5650
5669
5672
5687
5711
5712
5714
5686
5687
5708
5707
5713
5710
5704
5663
5605
5630
5662
5651
5668
5666
5666
5630
5612
5648
5629
5643
5660
5667
5629
5640
5685
5658
5669
5713
5702
5676
5707
5752
5727
5779
5833
5826
5776
5769
5789
5773
5826
5863
5884
5881
5843
5845
5905
5907
5974
6011
6023
6016
6060
6063
6090
6078
6153
6138
6158
6155
6179
6210
6207
6262
6311
6367
6429
6483
6577
6668
6732
6798
6893
6937
6965
7056
7099
7129
7181
7258
7324
7405
7485
7598
7686
7784
7890
8002
8137
8242
8370
8471
8582
8722
8833
8943
9037
9151
9293
9430
9573
9739
9914
10050
10197
10340
10500
10680
10805
10939
11077
11235
11355
11494
11656
11819
11991
12199
12420
12634
12872
13123
13327
13528
13742
13966
14202
14446
14714
14980
15233
15478
15721
15983
16247
16532
16806
17033
17264
17541
17779
17978
18190
18454
18722
18977
19205
19460
19754
20019
20269
20493
20727
20956
21182
21400
21647
21869
22125
22396
22640
22852
23123
23379
23645
23894
24129
24389
24653
24878
25100
25350
25600
25842
26088
26324
26580
26869
27121
27382
27610
27848
28103
28367
28609
28858
29095
29348
29606
29845
30096
30331
30566
30807
31047
31262
31488
31717
31949
32178
32378
32653
32894
33138
33390
33656
33881
34129
34358
34592
34857
35098
35334
35586
35814
36048
36285
36535
36756
37002
37237
37478
37731
37965
38189
38439
