38832
74285
107131
136884
163485
187557
208759
227684
244602
259667
272875
284697
294726
302841
310244
315848
320466
323741
326104
327495
328154
327518
326837
325573
323444
320717
317488
314046
310171
306225
301618
296927
292217
287125
282058
276606
271096
265478
259773
253842
248143
242108
236207
230418
224735
219299
213802
208182
202630
197193
191742
186519
181535
176606
171577
166529
161868
157124
152469
147806
143240
138964
134866
130687
126720
122640
118859
115188
111564
107967
104337
100842
97573
94340
91394
88463
85584
82804
80152
77437
74822
72405
70078
67809
65585
63472
61366
59205
57249
55351
53539
51790
49988
48312
46573
44970
43504
42021
40613
39298
37913
36652
35403
34251
33126
32025
30905
29856
28904
27987
27067
26178
25342
24652
23895
23186
22519
21876
21194
20569
19949
19320
18778
18254
17726
17201
16731
16294
15921
15485
15046
14638
14262
13879
13516
13191
12862
12587
12239
11921
11608
11370
11101
10869
10592
10344
10088
9898
9639
9421
9238
9051
8859
8689
8581
8416
8266
8103
7982
7817
7657
7556
7461
7305
7200
7107
7024
6906
6773
6692
6620
6560
6500
6446
6359
6278
6229
6171
6086
6026
5956
5898
5838
5833
5746
5696
5661
5590
5576
5534
5498
5454
5400
5401
5339
5329
5311
5314
5270
5236
5248
5250
5211
5199
5190
5187
5146
5125
5076
5075
5037
5034
5025
4994
4992
4995
4980
4949
4945
4899
4847
4838
4845
4828
4807
4806
4773
4733
4717
4701
4697
4663
4705
4669
4662
4662
4645
4656
4615
4580
4608
4607
4568
4581
4560
4522
4505
4527
4537
4538
4581
4588
4608
4606
4599
4611
4589
4556
4560
4571
4577
4574
4563
4590
4565
4567
4600
4574
4574
4554
4530
4523
4555
4568
4562
4557
4565
4569
4567
4541
4547
4562
4500
4509
4541
4490
4490
4518
4520
4535
4546
4539
4558
4543
4563
4574
4538
4541
4564
4573
4543
4553
4559
4584
4626
4638
4603
4603
4596
4613
4576
4587
4593
4554
4528
4548
4552
4564
4577
4569
4571
4563
4604
4601
4615
4639
4664
4714
4721
4718
4714
4707
4708
4732
4740
4731
4695
4693
4703
4724
4702
4706
4725
4675
4678
4654
4636
4614
4607
4625
4650
4662
4663
4657
4653
4694
4688
4679
4673
4663
4683
4675
4707
4684
4684
4686
4663
4658
4674
4696
4666
4675
4634
4636
4621
4597
4585
4594
4641
4642
4653
4613
4610
4604
4605
4616
4589
4573
4607
4614
4639
4625
4628
4617
4610
4580
4605
4621
4671
4620
4622
4585
4575
4549
4530
4512
4525
4526
4501
4475
4484
4468
4476
4491
4487
4473
4458
4451
4473
4459
4429
4405
4400
4358
4354
4311
4292
4296
4276
4179
4141
4132
4087
4063
4032
3985
3956
3883
3856
3806
3779
3751
3757
3744
3711
3703
3660
3637
3576
3552
3508
3461
3442
3406
3334
3287
3236
3168
3153
3125
3082
3057
3013
2966
2912
2837
2771
2739
2691
2656
2644
2582
2517
2437
2350
2258
2190
2114
2054
1968
1902
1854
1806
1735
1662
1600
1548
1491
1420
1355
1319
1291
1269
1257
1251
1254
1239
1237
1222
1214
1221
1202
1178
1156
1150
1165
1161
1137
1105
1089
1075
1056
1036
1013
994
998
991
1000
969
913
917
910
944
961
994
993
966
931
869
818
779
743
694
662
624
581
557
531
501
476
457
438
414
393
381
365
346
319
301
286
265
254
234
218
205
193
185
175
165
155
145
140
132
127
121
113
106
99
95
86
83
79
75
72
66
64
62
61
57
54
52
51
46
45
43
42
40
35
32
28
24
23
22
21
20
20
19
15
14
14
