38867
74382
106800
136000
163096
186773
208051
227091
244270
259558
272673
284158
293958
302096
308837
314780
319705
323426
325296
326912
327397
327257
326700
325136
323141
320424
317394
314003
310169
306198
301745
296815
291958
286983
282082
276767
271253
265525
260166
254450
248934
243151
237375
231713
226001
220130
214371
208758
203322
197904
192508
187175
181878
176683
171439
166496
161558
156705
152143
147749
143540
139053
134736
130545
126484
122480
118616
114844
111221
107668
104209
100836
97589
94517
91489
88469
85549
82778
80005
77480
74891
72413
70147
67803
65592
63401
61292
59220
57210
55206
53401
51656
49909
48271
46704
45207
43770
42336
40912
39551
38293
37101
35791
34636
33501
32384
31298
30236
29284
28427
27495
26579
25764
25020
24132
23440
22707
21978
21224
20545
19937
19302
18765
18231
17692
17207
16729
16282
15812
15424
14980
14523
14170
13806
13431
13112
12830
12457
12131
11834
11566
11297
10989
10726
10460
10219
9945
9743
9509
9266
9112
8935
8773
8606
8422
8262
8111
7933
7775
7672
7588
7450
7325
7237
7113
7023
6975
6867
6778
6695
6577
6523
6442
6357
6318
6265
6207
6115
6057
5986
5949
5863
5794
5734
5699
5658
5590
5562
5526
5490
5461
5456
5429
5389
5323
5283
5218
5199
5184
5173
5143
5132
5105
5094
5066
5036
4988
4999
4980
5012
4968
4944
4960
4963
4935
4914
4896
4861
4838
4827
4790
4767
4761
4763
4807
4744
4705
4683
4668
4656
4641
4667
4692
4665
4683
4654
4672
4653
4655
4646
4655
4624
4606
4617
4605
4607
4627
4578
4548
4543
4540
4527
4525
4520
4514
4487
4495
4490
4515
4537
4521
4510
4526
4534
4509
4492
4494
4550
4521
4554
4533
4528
4520
4532
4506
4514
4565
4520
4553
4583
4597
4644
4664
4678
4674
4703
4694
4691
4697
4652
4685
4688
4674
4667
4644
4671
4678
4670
4673
4647
4600
4562
4578
4568
4523
4523
4569
4621
4612
4600
4572
4612
4653
4627
4605
4611
4600
4633
4654
4627
4627
4637
4636
4625
4641
4644
4608
4608
4641
4601
4605
4604
4613
4662
4679
4683
4708
4667
4699
4700
4705
4722
4721
4682
4730
4727
4705
4708
4709
4752
4776
4762
4819
4782
4781
4810
4801
4813
4778
4810
4816
4815
4786
4765
4795
4795
4802
4802
4782
4762
4763
4783
4778
4781
4754
4726
4701
4667
4663
4659
4650
4634
4628
4640
4616
4634
4661
4672
4618
4565
4615
4616
4624
4692
4672
4679
4677
4714
4695
4703
4703
4732
4727
4730
4738
4748
4739
4727
4695
4683
4678
4694
4698
4670
4656
4588
4552
4537
4521
4543
4560
4552
4539
4536
4496
4444
4452
4454
4454
4457
4432
4440
4411
4394
4324
4300
4290
4287
4281
4271
4237
4256
4207
4192
4190
4162
4169
4160
4154
4159
4108
4033
4008
3988
3968
3964
3908
3842
3804
3747
3713
3683
3647
3646
3575
3548
3476
3420
3343
3289
3213
3175
3107
3034
2971
2919
2848
2803
2752
2716
2657
2607
2555
2485
2427
2379
2318
2219
2144
2064
1987
1923
1866
1825
1775
1693
1638
1554
1505
1470
1419
1372
1324
1284
1240
1181
1136
1104
1043
984
936
887
851
799
749
720
686
649
603
572
536
507
478
453
434
410
390
362
344
332
313
298
281
267
255
245
233
219
207
199
187
174
167
159
148
136
126
122
112
106
97
92
87
86
84
74
69
68
68
64
60
57
53
51
49
47
46
44
41
38
37
36
32
32
31
27
26
24
20
20
19
17
17
17
17
16
16
16
14
14
13
13
12
11
11
10
10
9
9
9
