6567
3501
2176
1656
1360
1196
1077
997
946
880
836
781
734
809
738
703
639
668
695
705
693
685
714
672
674
706
672
725
718
723
719
756
756
759
788
851
748
842
839
846
920
933
898
940
984
1034
1011
1052
1187
1144
1142
1239
1208
1279
1318
1371
1367
1424
1397
1496
1586
1558
1598
1781
1741
1830
1869
1944
2009
2099
2128
2128
2269
2335
2407
2478
2581
2653
2719
2806
3009
3153
3117
3201
3332
3550
3472
3689
3846
3914
4102
4239
4304
4481
4675
4766
5033
5190
5459
5567
5714
5972
6079
6307
6431
6769
6902
6890
7448
7703
7847
7987
8301
8693
9049
9152
9429
9691
9964
10231
10682
10856
11130
11537
11979
12191
12397
12616
13022
13496
13849
14171
14403
14811
15401
15829
16160
16568
16934
17241
17512
17845
18232
18577
19013
19522
19775
20359
20752
21475
21646
21836
22233
22423
22838
23460
23990
24562
24908
25204
25869
26067
26361
26880
27064
27356
28024
28211
28630
29136
29283
29686
30100
30480
30839
31039
31168
31438
31928
32200
32444
33053
33213
33456
33486
33621
33684
33902
34350
34575
34854
35067
34953
35305
35667
35831
35909
36109
36242
36272
36379
36749
37008
37195
37392
37630
37953
38039
38474
38816
38893
38811
39094
39030
39030
39038
39514
39531
39706
39830
39909
39990
39883
39948
40088
40028
40006
39763
39793
39974
39913
39914
39802
39909
40136
40090
40178
40010
40015
40135
39920
39695
39762
39787
39691
39741
39700
39764
39663
39669
39531
39512
39769
39973
39976
39835
39607
39491
39459
39176
39344
39224
39222
39298
39484
39677
39443
39731
39944
39959
40013
39916
40031
40083
40222
40247
40226
40175
40107
39857
39759
39631
39646
39532
39661
39862
40138
40340
40371
40310
40493
40485
40486
40225
40206
40418
40267
40042
40121
40100
40289
40155
40076
40088
40192
40240
40390
40301
40298
40314
40425
40400
40664
40930
40985
41202
41219
41245
41168
41531
41972
41892
42042
42317
42189
42343
42412
42265
42232
42620
42722
42641
42820
42899
43243
43726
43756
43896
43910
44102
44278
44411
44166
44501
44936
45121
45310
45527
45800
46064
46230
46431
46445
46742
47244
47856
48589
48872
49513
49676
50038
50345
50538
50773
51034
51506
51974
52326
52611
53194
53922
54455
55289
56112
56603
57412
58268
59392
60490
61868
63547
65108
66700
68349
70407
72379
74432
76296
78604
80981
83092
85475
87935
90343
92948
95542
98041
100967
103656
106168
108793
111423
114057
116821
119299
121955
124503
127011
129825
132314
135023
137557
139891
142427
145099
147774
150339
152845
155494
157901
160180
162824
165175
167563
169991
172185
174395
176730
178943
181206
183336
185287
187276
189201
191091
193055
194753
196619
198271
199824
201386
202943
204467
206117
207762
209294
210763
212317
213776
215143
216419
217670
218883
220064
221191
222333
223442
224535
225399
226265
227160
228037
228892
229702
230496
231258
231994
232751
233466
234157
234816
235448
236027
236621
237208
237776
238289
238774
239244
239706
240154
240610
240941
241333
241736
242111
242423
242776
243136
243472
243793
244112
244378
244651
244900
245187
245443
245664
245893
246090
246248
246427
246586
246729
246902
247051
247195
247327
247437
247573
247677
247826
247960
248096
248199
248305
248422
248521
248608
248680
248769
248833
248893
248964
249032
249093
249149
249207
249251
249292
249332
249368
249399
249434
249472
249504
249532
249563
249599
249630
249655
249675
249697
249719
249737
249750
249756
249766
249780
249792
249805
249817
249828
249836
249845
249859
249866
249875
249883
249891
249897
249913
249918
249922
249928
249933
249935
249937
249943
249943
249949
249950
249954
249955
249956
249957
249961
249963
249964
249969
249971
249972
249972
249974
249977
249977
249981
249981
249982
249984
249987
249987
249987
249989
249989
249991
249992
249992
249993
249994
