7604
22538
33019
40656
46807
52151
56297
59876
62758
65017
66640
68030
69218
70326
70896
71677
72188
72529
73145
73423
73784
73836
74180
74242
74468
74451
74536
74449
74446
74560
74540
74543
74447
74258
73908
74229
74356
74327
74306
74372
74477
74349
74607
74668
74513
74617
74570
74644
74480
74384
74585
74602
74487
74745
74642
74543
74743
74619
74751
74857
74600
74533
74675
74936
74755
74613
74688
74741
74586
74512
74449
74126
74051
73800
73837
73745
74054
73998
73833
73841
74003
73947
73894
73616
73471
73337
73501
73595
73685
73851
73730
73474
73275
73180
73029
72922
72749
72704
72675
72825
72807
72649
72780
72825
72554
72796
72528
72475
72308
72188
71980
71659
71474
71645
71386
71084
70991
71126
70936
71200
70969
70993
70809
70837
70448
70383
70420
69883
69583
69573
69429
69086
69203
69092
68716
68471
68298
68000
68109
68170
68150
68005
67842
67712
67288
67136
67421
67458
67294
67071
66931
66599
66378
66184
66339
66409
66318
66306
66066
65761
66018
65841
65870
65962
66258
65825
65500
65727
65672
65591
65197
65132
64871
64835
64876
64836
64766
64695
64520
64357
64181
64266
63965
63969
63885
63674
63614
63768
63641
63667
63552
63216
63102
62988
62945
62917
62819
62825
63092
62994
62971
63129
63255
63273
63470
63419
63609
63865
63825
63383
63332
63459
63480
63337
63390
63603
63789
63481
63307
62993
63043
62889
62806
62784
62959
62958
63135
62920
62815
62676
62761
62702
62544
62856
62692
62802
62915
62999
62916
63134
63112
63116
63204
63176
63630
63454
63495
63318
63035
62862
62793
63010
63068
63244
63108
62827
62947
62862
62892
62766
62912
63017
63152
62898
62906
63165
62975
62998
62758
62681
62805
62882
62935
63002
62716
62504
62640
62382
62554
62577
62550
62272
62343
62407
62263
62514
62844
62633
62651
62724
62547
62441
62511
62408
62251
62209
62275
62123
61991
61924
62081
62345
62392
62494
62751
62654
62392
62259
61864
61537
61673
61795
61970
61821
61790
61440
61381
61699
61466
61485
61387
61223
61105
60968
61236
61106
61070
61027
60826
60814
60814
60923
60988
60709
60456
60450
60133
60036
59799
59356
58930
58793
58468
58500
58385
58238
58361
58004
57980
57754
57449
57133
56775
56339
56201
56154
55778
55384
54981
54207
53589
53322
52706
52215
51881
51856
51626
51513
51580
51580
51498
51659
52044
52256
52675
53112
53441
54011
54081
54037
53992
54163
54111
54071
54138
53911
53789
53646
53676
53510
53613
53474
53132
52792
52144
51336
50644
49644
48626
47537
46277
45385
44302
43051
41912
40812
39626
38661
37699
36634
35536
34666
33428
32575
31463
30367
29563
28854
27956
27103
26256
25440
24750
24061
23343
22663
22066
21363
20593
19783
19029
18309
17652
17235
16598
16051
15405
14700
14079
13447
12853
12243
11682
10995
10542
10096
9710
9290
8888
8411
8036
7664
7389
6982
6587
6194
5775
5443
5136
4826
4490
4240
3969
3775
3530
3374
3196
3090
2946
2870
2706
2596
2502
2416
2364
2256
2178
2102
2018
1918
1798
1721
1613
1510
1453
1390
1359
1267
1169
1132
1120
1045
1014
974
903
872
811
795
726
659
603
557
514
501
486
462
412
384
339
318
300
288
266
257
241
232
213
204
205
187
182
178
174
156
152
143
150
155
151
163
170
170
150
145
130
119
111
109
105
111
105
111
105
93
75
61
51
41
31
27
24
21
18
15
12
12
11
8
7
5
5
3
2
2
2
2
2
2
1
1
1
0
0
0
0
0
0
0
0
0
0
0
0
0
0
0
0
0
0
0
0
0
0
0
0
0
0
0
0
0
