7577
22390
32827
40929
47513
52674
56447
59825
62435
64799
66644
67986
69168
70112
70957
71761
72649
73031
73359
73495
73890
74001
74278
74504
74500
74638
74694
74581
74623
74691
74579
74653
74512
74470
74512
74652
74568
74887
75052
74655
74872
74748
74834
74750
74858
74751
74404
74616
74827
74941
74922
74836
74922
74805
75076
74804
74738
74942
74822
74547
74547
74453
74423
74608
74427
74510
74269
74089
74319
74095
74252
74219
74351
74367
74457
73993
74101
73919
73689
73596
73790
73833
73813
73691
73533
73378
73226
73044
73287
73363
73056
72974
73150
72982
72908
72913
72901
72602
72688
72735
72480
72412
72590
72331
72258
72203
71983
72204
72019
71652
71835
71628
71491
71457
71584
71144
71059
70943
70935
71243
70932
70600
70663
70401
70479
70269
70177
70068
69915
69688
69514
69549
69253
69217
69221
68873
68961
68690
68323
68056
67936
67877
67782
67811
67621
67590
67543
67298
67151
67197
66902
66838
66682
66462
66349
66524
66212
66012
66109
65981
66143
66156
66139
65896
65758
65564
65171
64993
65220
65258
65231
65189
65332
65223
65282
65044
65031
64732
64627
64688
64352
64485
64339
64425
64152
64133
64172
64303
64335
64033
64067
63907
64180
63985
63961
63950
63763
63837
63751
63727
63666
63460
63487
63459
63324
63036
62886
62752
62910
63140
63342
63657
63662
63419
63139
63087
62997
62976
63022
63172
63286
63100
63109
63204
63141
63228
63162
63002
63003
63141
63063
63260
63264
63040
62747
62698
62909
62890
62972
63137
63058
63170
63153
63158
63260
63413
63148
63139
63164
63062
63142
63018
63136
63094
62777
62554
62555
62478
62375
62518
62599
62444
62702
62779
62775
62602
62511
62536
62521
62404
62587
62430
62412
62439
62541
62138
61998
62209
62226
62199
62172
62061
62166
62295
62303
62147
62176
62155
62192
62469
62327
62341
62344
62617
62674
62584
62421
62635
62796
62618
62470
62426
62642
62721
62716
62751
62748
62672
62324
62454
62532
62507
62389
62388
62368
62321
62290
62010
61981
62414
62380
62332
62388
62493
62189
62409
62380
62233
62505
62304
62116
62287
62644
62652
62461
62297
62185
62046
61999
61795
61751
61438
61420
61614
61708
61651
61490
61166
61081
60848
61052
60841
60570
60450
60507
60142
60095
60047
60146
60091
60134
60013
59708
59701
59257
59279
59183
59097
58807
58449
58290
57963
57632
56942
56713
56351
56015
55733
55608
55048
54520
53957
53207
52587
52141
51545
50935
50503
50111
49590
49293
48881
48519
48486
48288
48065
48014
47839
47468
46914
46517
46059
45899
45221
44533
44033
43654
43393
43067
42820
42512
42323
41876
41638
41694
41800
41858
41640
41109
40612
39837
39454
38882
38242
37447
36741
35773
35075
33994
32890
31789
30901
29864
28757
27878
27046
26091
25150
24294
23323
22472
21615
20899
20222
19478
18831
18259
17527
16853
16191
15569
14923
14324
13650
13026
12494
12061
11501
11042
10542
9997
9502
9070
8597
8098
7641
7162
6757
6413
6086
5750
5435
5110
4837
4608
4381
4043
3750
3505
3282
3031
2907
2737
2534
2348
2200
2074
1992
1890
1801
1705
1579
1458
1384
1294
1215
1154
1070
1013
959
889
830
782
729
671
612
571
535
477
430
398
378
347
330
305
311
301
288
273
264
275
265
243
233
232
217
215
195
180
176
180
182
181
181
194
182
155
140
136
122
111
106
94
90
83
79
81
77
80
86
80
83
77
77
83
91
74
59
46
39
33
25
19
16
10
9
9
9
5
3
3
3
2
2
2
1
1
1
1
0
0
0
0
0
0
0
0
0
0
0
0
0
0
0
0
0
0
0
0
0
