7554
22818
33191
41104
47409
52627
56331
59914
62456
65006
66712
68009
69445
70400
71334
71962
72384
72906
73280
73659
74119
74347
74358
74570
74719
74585
74609
74647
74559
74620
74731
74564
74495
74610
74620
74899
74667
74739
74809
74796
74824
75020
74915
74624
74399
73968
74043
74407
74460
74257
74304
74193
74132
74320
74582
74453
74378
74418
74405
74483
74645
74587
74655
74525
74545
74341
74366
74258
74157
73990
73870
73924
73983
74050
74213
74261
74441
74333
74301
74404
74231
74062
73940
73990
73745
73489
73388
73427
73327
73258
73226
73003
72967
73148
73263
73167
72991
72952
72728
72716
72635
72428
72207
72212
72178
72303
72010
71911
71789
71956
71716
71614
71536
71361
71373
71227
71155
70746
70460
70530
70370
70552
70478
70547
70410
70505
70259
70201
69990
69757
69513
69471
69326
69340
69350
69017
69092
69120
68826
68723
68622
68351
68059
68070
67850
67878
67621
67254
67139
67175
67023
66778
66747
66672
66690
66525
66394
66082
65842
65650
65714
65604
65601
65247
65328
65490
65327
65414
65133
65035
64843
64959
64823
64507
64570
64568
64669
64578
64380
64193
64368
63999
64058
64023
64139
64116
64237
64130
64141
64232
64149
64200
64205
64035
63927
63564
63410
63512
63252
63222
63500
63515
63324
63782
63850
63810
63854
63577
63648
63465
63338
63310
63398
63089
63289
63410
63426
63302
63260
63209
62954
62764
62760
62536
62475
62654
62806
62678
62720
62751
62710
62614
62746
62711
62626
62769
62562
62859
62735
62478
62617
62679
62709
62643
62752
62681
62413
62584
62445
62310
62202
62494
62521
62677
62869
63018
62942
62999
63020
62930
62921
62815
62692
62695
62483
62413
62308
62403
62562
62877
62531
62499
62560
62943
62939
62962
62970
62816
62903
62703
62639
62622
62804
62639
62786
62610
62359
62335
62298
62231
62304
62307
62502
62506
62562
62434
62606
62763
62713
62698
62697
62657
62633
62486
62936
62923
62962
62900
62877
62933
62824
62642
62930
62891
62666
62828
62603
62561
62371
62482
62401
62448
62549
62769
62738
62929
62707
62892
62967
62879
63040
62937
63068
63200
63386
63232
63091
62947
62815
62941
63126
63129
63126
63157
63013
62793
63001
62839
62654
62974
62797
62786
62712
62970
63118
63305
63355
63400
63484
63385
62959
63133
63193
62857
62844
62611
62796
63109
63187
63213
63149
63082
63008
62756
62665
62766
62549
62714
62706
62475
62569
62727
62648
62514
62366
62479
62491
62553
62159
62274
62503
62381
62535
62833
62826
62758
62707
62759
63038
62999
62878
62824
62726
62490
62688
62393
62332
62438
62426
62418
62298
62502
62248
62287
62202
62257
62299
62252
62124
62239
62442
62135
61885
62267
62054
61815
61787
61608
61646
61560
61306
61179
61009
60794
60632
60592
60438
60196
60362
59894
59661
59553
59450
59611
59636
59516
59604
59686
59493
59324
59167
59108
58911
58956
58890
58665
58001
57541
57452
57351
57157
56999
56916
56631
56230
56044
55707
55404
54956
54597
54539
54179
53852
53410
52874
52496
51950
51203
50364
50034
49150
48585
48042
47650
47063
46293
45778
45232
44544
43643
42803
41956
41457
41331
40912
40838
40725
40885
40896
40659
40547
40537
40508
40445
40245
40406
40478
40598
40421
40250
40166
39852
39626
39058
38718
38544
38382
38288
38149
37704
37470
37075
37186
37235
37310
37682
37873
37762
37507
36899
36073
35164
34317
33137
32027
31159
30068
28941
28080
27039
26047
25241
24293
23379
22814
22270
21660
20950
20105
19290
18556
17773
16914
16075
15394
14713
14156
13494
12895
12270
11644
11163
10736
10207
9840
9446
9001
8597
8228
7953
7574
7209
6878
6585
6264
5948
5679
5445
5215
4964
4769
4641
4440
4227
4067
3933
3805
3663
3483
3260
3005
2745
2574
2428
2281
2181
2072
1927
1754
1612
