24
41
61
97
121
147
174
203
226
247
260
286
310
322
337
354
368
387
407
435
460
483
511
532
555
576
599
609
630
650
663
696
719
737
758
766
779
798
816
834
857
883
904
916
949
967
981
1005
1023
1040
1058
1075
1097
1126
1147
1162
1180
1201
1218
1248
1276
1291
1298
1330
1356
1386
1401
1428
1454
1475
1492
1507
1529
1541
1557
1578
1599
1630
1649
1668
1691
1713
1736
1756
1777
1794
1814
1836
1858
1875
1895
1917
1939
1958
1971
1993
2010
2026
2049
2070
2091
2106
2131
2145
2172
2198
2223
2244
2265
2281
2314
2333
2355
2378
2398
2414
2446
2469
2489
2515
2539
2563
2582
2601
2623
2636
2655
2681
2709
2732
2751
2774
2790
2814
2831
2850
2867
2893
2911
2938
2963
2984
2999
3024
3043
3068
3091
3109
3137
3166
3180
3203
3227
3241
3260
3283
3299
3322
3338
3363
3394
3410
3433
3460
3485
3502
3521
3538
3558
3587
3608
3634
3660
3675
3693
3708
3723
3750
3777
3797
3815
3837
3856
3880
3910
3930
3950
3975
3998
4029
4048
4072
4093
4112
4135
4151
4168
4186
4202
4217
4242
4257
4287
4307
4319
4346
4363
4389
4401
4415
4436
4456
4475
4506
4521
4543
4562
4582
4608
4630
4646
4663
4680
4707
4733
4744
4767
4787
4807
4823
4841
4863
4881
4900
4921
4935
4956
4976
4990
5010
5029
5051
5076
5091
5110
5130
5153
5175
5192
5210
5236
5249
5268
5286
5306
5330
5355
5381
5405
5426
5454
5477
5498
5524
5542
5549
5568
5587
5611
5637
5666
5693
5714
5730
5751
5770
5797
5817
5838
5856
5876
5890
5907
5933
5955
5978
6000
6022
6044
6070
6091
6104
6126
6152
6174
6196
6213
6238
6257
6283
6304
6327
6345
6364
6382
6404
6428
6449
6473
6499
6521
6536
6556
6574
6600
6620
6644
6659
6677
6702
6737
6754
6777
6793
6818
6842
6856
6884
6903
6929
6947
6966
6985
7005
7026
7052
7076
7094
7117
7141
7170
7190
7209
7233
7246
7273
7292
7311
7330
7357
7377
7406
7432
7461
7481
7503
7521
7542
7571
7582
7602
7628
7650
7667
7680
7701
7733
7757
7779
7795
7820
7840
7864
7884
7903
7926
7948
7969
7994
8016
8030
8049
8070
8082
8099
8122
8144
8173
8194
8210
8228
8245
8265
8285
8299
8318
8344
8361
8388
8412
8424
8450
8473
8497
8515
8534
8552
8570
8596
8613
8644
8665
8680
8692
8705
8727
8748
8766
8783
8799
8822
8847
8869
8883
8904
8928
8954
8966
8991
9013
9037
9066
9083
9100
9121
9150
9165
9189
9202
9225
9251
9271
9289
9315
9338
9363
9383
9398
9415
9431
9448
9473
9496
9518
9556
9576
9597
9619
9640
9659
9680
9697
9718
9742
9767
9788
9811
9830
9851
9873
9890
9914
9932
9946
9967
9990
10008
10019
10042
10059
10079
10097
10122
10138
10163
10179
10195
10221
10240
10258
10286
10303
10327
10348
10374
10401
10425
10447
10471
10494
10508
10525
10555
10574
10591
10611
10634
10660
10683
10715
10731
10749
10768
10788
10813
10832
10853
10878
10895
10916
10935
10959
10982
11001
11023
11043
11067
11076
11094
11118
11134
11149
11168
11185
11207
11229
11260
11276
11306
11321
11334
11355
11373
11390
11419
11438
11451
11468
11489
11514
11537
11557
11590
11615
11635
11661
11684
11704
11725
11743
11764
11788
11808
11821
11843
11867
11886
11915
11939
11957
11979
12003
12022
12046
12071
12092
12114
12132
12157
12175
12198
12218
12241
12253
12274
12292
12309
12330
12341
12355
12378
12395
12416
12435
12451
12479
12504
12519
12535
12552
