21
40
71
97
118
144
162
186
207
224
246
270
300
331
356
385
405
413
434
466
492
511
534
553
578
597
612
632
653
676
691
710
733
751
781
798
823
835
853
870
882
902
927
946
958
985
1005
1024
1037
1058
1091
1107
1127
1147
1170
1191
1206
1217
1241
1263
1283
1307
1330
1350
1363
1383
1406
1424
1453
1459
1477
1503
1517
1546
1563
1584
1605
1624
1646
1670
1695
1718
1746
1765
1781
1801
1821
1842
1863
1880
1904
1922
1931
1953
1969
1993
2020
2041
2058
2077
2103
2124
2142
2163
2183
2204
2230
2258
2287
2306
2329
2354
2369
2397
2422
2446
2467
2485
2505
2527
2554
2575
2607
2620
2640
2656
2683
2701
2723
2744
2768
2792
2821
2835
2851
2871
2894
2913
2932
2952
2970
2989
3008
3035
3057
3083
3105
3123
3143
3159
3183
3198
3220
3236
3259
3283
3302
3329
3355
3383
3401
3423
3451
3477
3501
3514
3532
3551
3568
3584
3603
3628
3645
3670
3689
3707
3730
3754
3777
3794
3810
3832
3859
3876
3902
3926
3953
3976
3992
4014
4036
4063
4078
4101
4129
4149
4174
4195
4210
4232
4260
4285
4304
4330
4350
4382
4399
4423
4437
4450
4473
4496
4519
4544
4568
4591
4612
4633
4652
4673
4700
4715
4731
4744
4760
4776
4801
4818
4839
4857
4880
4906
4924
4955
4975
4995
5021
5045
5058
5086
5104
5123
5151
5170
5194
5219
5243
5265
5286
5309
5336
5347
5365
5391
5413
5434
5460
5489
5506
5532
5548
5570
5586
5611
5625
5642
5668
5687
5705
5726
5748
5770
5789
5809
5838
5863
5880
5913
5933
5956
5981
6012
6032
6054
6074
6101
6129
6146
6159
6185
6202
6219
6253
6275
6298
6315
6330
6348
6367
6383
6410
6435
6456
6477
6500
6525
6540
6560
6584
6603
6624
6645
6665
6690
6706
6731
6758
6781
6799
6821
6840
6860
6881
6896
6911
6927
6947
6963
6978
7001
7022
7046
7066
7086
7106
7129
7145
7160
7183
7211
7234
7249
7268
7299
7321
7339
7353
7375
7386
7402
7428
7445
7458
7476
7501
7524
7543
7569
7593
7621
7642
7661
7683
7712
7729
7761
7781
7801
7817
7839
7859
7883
7907
7932
7960
7982
8003
8031
8050
8074
8098
8127
8149
8177
8200
8219
8246
8272
8290
8317
8334
8350
8365
8380
8398
8424
8448
8467
8489
8503
8519
8537
8555
8575
8590
8609
8624
8642
8660
8676
8704
8720
8738
8761
8791
8812
8839
8851
8867
8894
8911
8927
8948
8974
8993
9017
9038
9068
9086
9101
9124
9141
9163
9187
9207
9229
9250
9271
9290
9303
9321
9340
9358
9380
9409
9437
9462
9485
9515
9536
9556
9578
9599
9621
9645
9659
9684
9702
9716
9742
9763
9795
9814
9837
9857
9874
9896
9915
9934
9953
9975
9998
10017
10036
10054
10077
10102
10128
10146
10170
10190
10212
10237
10262
10284
10307
10330
10353
10370
10394
10415
10433
10451
10471
10498
10521
10541
10566
10591
10606
10623
10642
10656
10675
10697
10717
10742
10775
10794
10817
10839
10859
10880
10897
10918
10934
10957
10990
11011
11030
11057
11077
11100
11114
11143
11170
11188
11213
11230
11258
11278
11296
11309
11327
11342
11358
11371
11386
11418
11445
11462
11487
11502
11526
11542
11561
11587
11608
11625
11643
11655
11671
11699
11727
11751
11773
11796
11811
11829
11853
11870
11892
11908
11927
11949
11970
11985
12002
12039
12060
12079
12101
12123
12138
12156
12173
12192
12215
12241
12264
12290
12305
12330
12356
12389
12410
12436
12459
12492
12514
12534
12559
12581
12604
12625
12647
12669
12692
12708
12732
