23
44
62
83
116
137
156
178
203
212
237
257
283
307
328
349
368
385
410
427
457
467
496
527
553
570
590
610
632
649
672
697
709
732
747
769
783
797
821
836
849
873
885
914
931
956
985
999
1019
1037
1052
1072
1095
1117
1139
1146
1176
1198
1216
1238
1254
1272
1286
1316
1341
1365
1377
1390
1413
1433
1447
1469
1493
1517
1544
1561
1576
1594
1623
1641
1668
1690
1712
1733
1750
1767
1782
1798
1822
1846
1863
1885
1915
1932
1952
1976
1996
2022
2041
2058
2083
2108
2123
2140
2162
2178
2193
2213
2230
2246
2262
2290
2309
2326
2351
2371
2393
2419
2446
2462
2479
2497
2515
2532
2547
2568
2585
2608
2635
2654
2682
2700
2720
2742
2759
2780
2799
2818
2835
2852
2872
2900
2919
2945
2965
2981
3000
3017
3040
3068
3090
3113
3137
3154
3173
3197
3225
3243
3262
3284
3299
3316
3336
3358
3379
3404
3418
3439
3456
3475
3502
3522
3548
3574
3598
3616
3631
3650
3664
3687
3710
3726
3746
3770
3788
3811
3834
3855
3875
3892
3909
3931
3954
3986
4009
4034
4055
4084
4108
4132
4151
4167
4181
4206
4226
4244
4257
4272
4291
4316
4334
4357
4386
4410
4432
4461
4482
4499
4518
4535
4564
4578
4595
4613
4632
4654
4672
4694
4718
4738
4759
4774
4789
4813
4834
4854
4873
4893
4914
4938
4958
4983
5008
5029
5046
5064
5091
5108
5126
5144
5161
5177
5193
5220
5234
5257
5273
5292
5311
5337
5362
5382
5409
5427
5451
5475
5497
5528
5552
5574
5591
5609
5631
5656
5680
5704
5721
5743
5772
5800
5823
5841
5862
5883
5894
5925
5951
5964
5992
6019
6031
6051
6069
6090
6110
6133
6156
6168
6190
6212
6226
6242
6265
6284
6306
6334
6361
6377
6410
6426
6445
6473
6490
6518
6541
6561
6576
6600
6619
6643
6664
6684
6706
6723
6742
6764
6778
6797
6816
6845
6864
6883
6898
6923
6944
6973
6998
7024
7042
7060
7085
7108
7124
7143
7171
7189
7201
7220
7238
7259
7286
7317
7340
7361
7385
7403
7423
7439
7452
7474
7496
7518
7551
7573
7593
7609
7630
7652
7674
7698
7722
7733
7762
7783
7809
7835
7857
7882
7907
7926
7949
7965
7982
8001
8028
8052
8074
8094
8117
8130
8158
8173
8189
8213
8229
8257
8276
8300
8314
8335
8352
8372
8394
8416
8439
8458
8475
8498
8515
8528
8552
8575
8596
8628
8646
8664
8674
8695
8718
8738
8763
8792
8810
8824
8837
8860
8888
8909
8930
8955
8975
8995
9013
9030
9053
9076
9099
9122
9139
9163
9182
9199
9229
9257
9281
9298
9325
9342
9365
9379
9402
9422
9439
9456
9477
9497
9518
9535
9550
9585
9600
9616
9636
9666
9689
9708
9721
9746
9770
9784
9809
9831
9851
9872
9894
9919
9938
9964
9989
10012
10036
10054
10070
10091
10120
10142
10164
10181
10202
10224
10243
10264
10284
10308
10341
10357
10378
10398
10417
10444
10462
10482
10501
10520
10543
10555
10567
10589
10610
10640
10674
10694
10714
10746
10767
10788
10805
10835
10859
10875
10893
10905
10924
10948
10964
10984
11001
11025
11049
11071
11097
11117
11132
11152
11174
11185
11208
11226
11249
11268
11293
11311
11336
11359
11377
11392
11415
11434
11451
11475
11498
11515
11534
11556
11580
11611
11635
11662
11679
11699
11729
11748
11766
11792
11814
11833
11870
11896
11912
11933
11951
11985
12013
12033
12053
12078
12114
12135
12161
12183
12205
12227
12247
12270
12293
12310
12333
12358
12379
12403
12430
12451
12475
12503
12528
12548
12576
12599
12630
12652
