0
3
3
4
5
11
16
23
33
41
57
64
67
74
76
83
96
97
93
96
109
114
122
125
130
132
137
144
136
141
142
142
142
152
152
149
146
138
147
147
142
146
147
143
143
141
139
144
148
157
155
156
160
164
170
162
164
155
156
153
156
156
164
169
164
169
170
175
175
175
173
163
162
163
162
165
162
155
159
155
158
148
141
142
140
138
139
145
141
140
143
142
141
142
135
129
128
122
121
115
118
115
118
122
115
118
107
110
111
113
114
115
116
115
112
110
107
100
97
95
95
97
99
101
100
99
96
98
97
98
97
98
98
98
97
92
93
96
93
94
89
87
82
85
81
87
91
87
87
90
85
85
85
83
86
89
92
86
81
79
80
75
81
76
72
73
68
68
64
66
62
62
60
65
65
64
65
66
65
62
61
67
66
67
72
73
70
69
68
70
67
66
64
54
57
63
64
60
59
57
64
60
63
61
59
53
55
55
55
60
65
68
71
73
76
73
78
74
73
73
79
76
75
77
70
72
75
82
79
77
80
81
82
85
85
90
88
88
84
82
83
80
84
90
90
86
84
81
83
76
80
74
76
77
81
82
81
82
84
81
83
86
85
83
85
86
87
93
95
97
91
93
98
99
97
97
103
108
108
113
114
113
112
115
111
113
114
113
108
107
104
105
101
105
103
97
95
89
90
90
85
85
83
86
87
87
91
91
96
99
102
104
106
112
107
108
110
110
109
106
108
105
106
105
106
103
102
107
108
107
114
121
115
114
108
111
118
119
123
125
123
122
123
123
129
127
132
130
125
127
129
139
134
131
134
137
135
137
141
132
134
138
138
138
132
133
136
137
133
129
130
131
130
127
130
131
134
130
127
130
133
128
128
124
118
121
126
121
127
130
124
124
123
120
117
116
119
118
121
122
124
120
123
124
124
125
123
128
126
119
122
123
127
126
126
134
135
132
132
130
136
135
132
136
133
134
136
135
126
137
137
137
141
136
136
134
129
127
128
121
120
122
119
126
127
128
124
114
108
109
108
104
96
100
100
97
97
98
93
92
92
91
89
93
100
101
100
100
96
99
98
94
88
84
86
85
86
91
87
87
91
91
95
93
91
92
92
97
94
94
91
89
87
87
87
81
79
80
78
80
77
75
80
78
80
79
79
79
75
72
70
67
61
59
58
56
54
54
55
53
48
45
45
45
43
42
39
39
39
42
40
41
39
40
36
35
32
32
30
27
27
26
22
21
20
20
19
19
19
18
18
17
17
17
16
16
16
12
11
11
11
11
10
10
10
10
10
10
10
10
10
11
11
10
10
10
9
9
11
11
9
8
7
6
6
6
6
5
4
4
4
4
4
3
3
3
3
3
3
3
