0
2
5
9
12
20
34
40
49
59
72
79
86
80
84
85
97
98
103
103
106
114
111
113
117
115
122
130
132
135
134
139
141
137
145
142
146
155
152
155
159
160
163
161
161
162
157
152
154
153
154
150
152
150
147
147
149
151
149
152
162
165
156
149
154
150
147
141
138
140
139
140
135
129
136
140
143
143
144
140
139
139
141
133
138
135
132
130
129
133
129
127
127
128
124
123
127
122
125
116
124
120
117
109
109
108
111
117
119
117
113
118
111
112
109
106
105
107
99
96
97
99
100
100
99
98
96
95
94
91
86
83
81
80
75
73
74
66
70
69
68
76
73
68
70
63
63
65
68
69
72
67
68
67
68
70
75
76
73
68
67
65
65
63
61
60
59
58
61
66
68
74
78
81
81
82
83
80
79
83
84
83
86
84
87
83
81
76
75
77
80
80
76
71
70
70
68
71
72
70
64
62
62
65
60
59
60
65
67
71
67
67
70
67
67
69
68
67
65
64
67
63
65
64
60
62
62
67
67
67
70
68
68
63
64
64
60
65
64
65
63
66
66
68
72
73
75
77
77
81
83
74
66
65
69
69
65
63
65
66
61
63
69
67
71
72
65
67
69
72
72
73
76
78
80
82
83
86
86
85
83
85
86
91
91
93
94
100
103
109
104
104
108
112
110
110
109
104
103
101
102
102
104
105
105
101
103
99
101
103
105
100
102
99
97
94
91
87
84
87
86
83
77
84
84
81
82
84
76
76
77
80
79
80
87
85
85
93
98
92
89
91
100
98
95
97
98
100
104
102
104
106
114
112
111
111
114
117
119
119
115
117
117
116
113
124
129
133
129
131
127
126
133
142
143
145
141
138
134
130
131
133
132
133
127
129
128
123
129
126
129
128
129
127
126
119
109
111
111
113
118
117
120
123
121
120
117
125
121
124
125
124
122
124
125
127
130
136
135
137
138
138
135
137
136
142
137
139
145
152
149
153
153
153
152
145
148
143
138
141
143
148
141
141
144
144
146
148
152
150
151
148
151
143
143
140
145
138
138
132
131
129
128
127
122
121
124
125
124
117
113
111
111
113
111
106
99
100
102
97
99
100
97
98
97
99
100
94
93
91
85
87
85
85
86
88
83
80
78
74
72
76
78
76
76
72
70
70
67
64
62
62
56
56
54
55
53
57
56
52
46
43
43
38
38
38
36
36
35
31
31
31
29
27
27
25
22
21
21
23
21
21
20
18
16
16
15
15
14
13
13
13
13
12
11
11
11
12
10
9
9
9
8
8
10
9
9
9
9
8
8
8
8
7
8
8
8
7
6
4
3
3
3
3
3
3
3
3
2
2
2
2
2
2
2
2
2
2
2
3
