9
15
22
35
33
41
44
47
36
43
42
42
34
28
20
29
26
30
35
39
38
35
37
33
40
40
41
44
46
40
37
39
35
38
43
42
49
44
45
48
53
54
57
38
37
43
53
56
59
58
60
55
58
54
56
54
59
57
67
71
78
75
73
72
76
73
76
77
76
78
85
89
93
90
84
91
87
88
91
85
92
94
100
97
97
99
110
111
116
127
133
133
142
146
148
156
162
169
168
175
182
184
183
183
194
200
207
211
213
220
220
229
227
231
242
254
257
263
265
270
276
283
286
285
292
299
306
314
316
321
330
334
338
345
354
364
370
376
379
381
389
403
410
415
423
430
441
449
447
452
465
468
476
480
487
494
503
514
522
523
531
542
549
557
566
577
577
579
586
592
599
603
602
614
617
622
630
637
650
658
663
672
673
685
684
690
698
696
700
703
711
721
722
726
740
747
755
767
774
781
786
796
805
814
824
833
841
848
856
862
870
871
880
888
894
894
897
906
918
926
930
934
940
945
945
950
955
962
967
974
979
983
989
995
1002
1010
1010
1016
1025
1033
1040
1049
1056
1062
1071
1080
1083
1085
1084
1085
1091
1106
1119
1127
1132
1136
1147
1145
1156
1164
1169
1179
1187
1190
1194
1193
1197
1202
1207
1210
1217
1221
1224
1235
1240
1238
1246
1254
1261
1267
1274
1279
1284
1288
1292
1294
1295
1292
1298
1300
1304
1311
1324
1330
1342
1346
1353
1361
1361
1367
1371
1375
1377
1388
1394
1398
1404
1413
1415
1418
1424
1436
1436
1441
1444
1446
1449
1450
1450
1459
1455
1460
1467
1470
1477
1484
1493
1495
1492
1497
1499
1504
1508
1511
1510
1511
1520
1521
1535
1536
1542
1549
1555
1549
1554
1563
1572
1578
1583
1587
1587
1592
1586
1594
1595
1598
1607
1608
1613
1616
1618
1622
1623
1623
1620
1624
1628
1633
1636
1636
1636
1634
1640
1645
1649
1655
1654
1651
1654
1664
1664
1661
1661
1662
1657
1667
1672
1677
1688
1686
1688
1696
1696
1702
1708
1715
1718
1720
1727
1734
1740
1737
1742
1742
1745
1743
1748
1758
1761
1764
1768
1767
1771
1772
1776
1775
1776
1775
1778
1785
1783
1789
1800
1810
1812
1813
1814
1818
1823
1834
1833
1840
1838
1847
1846
1855
1859
1865
1871
1872
1877
1877
1880
1880
1887
1889
1890
1893
1889
1901
1913
1914
1921
1922
1922
1925
1936
1946
1954
1960
1961
1965
1968
1981
1980
1980
1984
1988
1990
1998
2012
2027
2037
2043
2047
2049
2053
2054
2059
2067
2075
2083
2091
2101
2109
2114
2119
2130
2140
2145
2158
2165
2171
2179
2187
2195
2207
2218
2231
2245
2258
2263
2270
2284
2290
2301
2306
2309
2315
2324
2332
2338
2346
2350
2355
2365
2374
2390
2402
2411
2421
2430
2441
2452
2460
2469
2478
2487
2499
2509
2516
2526
2534
2546
2559
2571
2577
2586
2595
2606
2609
2613
2626
2632
2640
2648
2656
2671
2682
2687
2696
2704
2716
2732
2747
2760
2767
2776
2789
2794
2805
2818
2826
2841
2855
2864
2878
2892
2909
2921
2927
2940
2946
2954
2963
2975
2983
2998
3010
3020
3030
3038
3047
3060
3068
3086
3098
3104
3116
3129
3137
3145
3160
3179
3185
3194
3201
3214
3227
3241
