558
611
672
750
825
902
1001
1101
1194
1302
1413
1549
1655
1799
1942
2056
2215
2393
2556
2744
2952
3166
3376
3609
3857
4127
4404
4677
5003
5354
5711
6067
6430
6824
7253
7621
8042
8473
8999
9412
9852
10345
10883
11414
11931
12535
13086
13677
14409
15061
15854
16510
17246
18028
18859
19671
20602
21466
22295
23171
24175
25163
26115
27141
28137
29111
30204
31414
32590
33558
34568
35750
36942
38172
39226
40350
41647
42917
44195
45460
46627
47876
49249
50435
51662
52954
54327
55905
57423
59171
60711
62200
63743
65356
66869
68320
69956
71485
73135
74634
76268
77879
79540
81090
82737
84224
85592
87043
88528
90154
91892
93607
95158
96421
97932
99438
100916
102199
103814
105503
107027
108671
110210
111550
112927
114396
115773
117323
118962
120344
122173
123591
124867
126506
128225
129604
130936
132238
133784
135069
136325
137579
138708
139904
141266
142417
143796
144939
146083
147408
148596
149811
151117
152157
153349
154163
155135
156282
157526
158818
159843
160917
161610
162134
162774
163263
163658
164368
164860
165566
166007
166739
167013
167157
167039
166998
167064
166776
166676
166673
166399
165867
165581
165489
165305
164912
164577
163944
163009
162206
161560
161051
160100
159128
158091
157250
156455
155474
154708
154037
153178
152358
151202
150182
149271
148515
147601
146394
145361
144243
143074
141805
140712
139589
138362
136940
135573
134261
132898
131579
130301
129176
127633
126217
124852
123013
121591
120300
118996
117725
116301
114707
113183
111551
109887
108036
106510
105175
103472
101752
100228
98957
97377
95942
94782
93114
91731
90539
89022
87906
86693
85367
84010
82924
81710
80482
79022
77562
76111
74981
73533
72394
70982
69368
67759
66235
64750
63423
62130
60723
59374
58256
56687
55269
53815
52487
51154
50126
49010
47650
46610
45658
44379
43323
42094
40988
39932
38910
37950
37104
36205
35405
34519
33733
32971
32079
31127
30275
29518
28741
27885
27292
26470
25794
25080
24370
23856
23109
22391
21764
21249
20612
20027
19417
18883
18247
17826
17329
16733
16232
15782
15361
14866
14283
13802
13284
12808
12400
11962
11615
11134
10768
10323
9882
9613
9323
8980
8765
8451
8214
7871
7628
7320
7026
6716
6500
6217
5962
5708
5455
5316
5098
4897
4720
4597
4400
4292
4134
3963
3834
3680
3569
3390
3240
3081
2930
2805
2740
2614
2508
2395
2298
2228
2121
1995
1921
1801
1722
1641
1587
1528
1466
1372
1303
1236
1174
1141
1053
999
957
876
838
797
769
738
692
654
628
609
568
537
503
479
465
440
414
386
362
346
326
313
285
268
247
228
216
205
189
185
189
181
160
159
151
148
144
134
127
113
103
95
90
92
85
76
64
58
62
54
48
46
45
44
39
39
34
38
35
32
34
35
34
32
33
33
32
27
28
27
31
30
33
29
26
26
26
27
27
29
32
27
30
34
33
34
31
34
28
30
30
29
30
27
28
26
24
20
21
19
21
18
16
17
22
25
23
21
24
24
20
19
20
21
21
22
23
23
22
22
22
19
18
16
16
16
15
16
15
13
13
12
13
11
10
10
8
8
9
11
10
12
12
15
15
12
11
10
11
10
8
9
8
6
5
5
4
4
3
3
4
4
5
4
4
4
3
3
3
3
3
2
2
2
3
2
2
1
1
1
1
1
0
0
0
0
0
0
0
0
0
0
0
0
0
0
0
0
0
0
0
0
0
0
0
0
0
0
0
0
0
