553
611
678
751
843
916
1000
1119
1211
1335
1420
1538
1657
1808
1969
2131
2295
2464
2656
2839
3045
3248
3470
3707
3955
4233
4521
4822
5116
5462
5840
6174
6522
6893
7271
7716
8153
8635
9183
9637
10166
10719
11207
11873
12521
13224
13927
14705
15439
16171
16852
17598
18470
19407
20293
21292
22381
23392
24461
25471
26548
27688
28859
30063
31269
32411
33582
34809
36165
37414
38687
40005
41161
42439
43962
45465
46807
48213
49904
51618
53097
54673
56186
57767
59486
61089
62862
64697
66486
68115
69860
71574
73363
75059
76580
78530
80415
82191
84006
85603
87573
89437
91218
93014
94816
96896
98622
100459
102423
104213
106263
108563
110332
112340
114140
116002
117988
119911
121883
123839
125662
127545
129555
131592
133711
135717
137583
139505
141588
144044
146382
148905
151327
153887
156498
159010
161210
163144
165223
167208
169297
171543
173766
176225
178364
180521
182635
184975
186921
189106
190911
192685
194662
196459
198075
199761
201225
202968
205153
206721
208266
210138
211920
213537
215024
217278
219069
220911
222321
223910
224954
226284
227783
229095
230000
231212
232266
233452
233736
233878
234604
235291
235805
236164
235960
236046
236007
236043
235983
235533
235702
235490
235381
234897
234530
234388
234834
234595
234832
235184
235316
235118
234445
233990
233418
232566
232229
232107
231301
230440
229875
228871
227922
227077
226363
225269
224279
223145
222015
221341
220301
219143
217924
216123
214390
212305
210760
209319
207829
206417
205100
203280
201820
200035
198141
195896
194279
192401
190432
188475
186368
184329
182118
180475
178338
176046
174259
171955
169904
167610
165509
163678
161627
159327
157688
155316
153297
151032
148811
146931
145014
142645
140633
138215
135783
133455
131026
128477
126250
123693
121196
118911
116308
114013
111565
109160
106970
104773
102748
100869
98876
96932
94920
92941
90894
88839
86766
84845
83276
81380
79569
77878
75774
73903
72162
70289
68404
66568
64879
63270
61617
60099
58704
57116
55506
54042
52502
50920
49474
48200
46874
45516
44285
42845
41694
40415
39363
38404
37112
35916
34949
33803
32681
31602
30599
29446
28544
27591
26748
25820
24849
24106
23254
22452
21798
21023
20308
19601
18956
18235
17491
16865
16357
15832
15161
14641
14037
13418
12956
12444
11994
11496
11041
10556
10062
9623
9225
8940
8662
8391
8010
7714
7369
7098
6789
6545
6225
5942
5615
5404
5181
5003
4787
4616
4402
4274
4124
3949
3826
3663
3475
3360
3189
3044
2901
2740
2630
2520
2437
2339
2231
2158
2056
1986
1891
1803
1717
1652
1596
1519
1441
1355
1287
1233
1208
1177
1122
1104
1049
976
954
934
884
855
814
775
737
713
676
661
625
605
586
548
535
484
465
425
410
385
365
353
334
310
305
290
273
257
245
230
217
217
206
187
169
165
158
159
143
128
118
120
110
111
106
105
94
86
79
73
72
67
66
62
61
63
58
51
54
53
48
44
42
44
38
34
36
34
28
33
29
22
23
23
23
22
18
17
19
17
16
21
15
15
13
11
7
8
7
6
7
3
3
4
2
2
2
2
2
3
1
0
0
0
0
0
0
0
0
0
0
0
0
0
0
0
0
0
0
0
0
0
0
0
0
0
0
0
0
0
0
0
0
0
0
0
0
0
0
0
0
0
0
0
0
0
0
0
0
0
0
0
0
0
0
0
0
0
0
0
0
0
0
0
0
0
0
0
0
0
0
0
0
0
0
0
0
0
0
0
0
0
0
0
0
0
0
0
0
0
