2
26
65
114
191
277
335
428
514
603
691
783
901
991
1106
1216
1300
1403
1491
1595
1672
1779
1871
1963
2041
2135
2229
2325
2417
2499
2573
2644
2708
2785
2861
2923
2990
3060
3130
3186
3234
3299
3359
3418
3473
3521
3585
3636
3683
3726
3759
3798
3834
3882
3928
3957
4008
4034
4051
4092
4117
4138
4145
4168
4185
4204
4217
4218
4233
4234
4238
4245
4239
4234
4245
4247
4255
4257
4257
4253
4251
4241
4238
4232
4231
4238
4239
4231
4228
4220
4217
4209
4196
4189
4179
4164
4156
4141
4134
4129
4121
4109
4088
4077
4065
4053
4037
4026
4014
3994
3970
3950
3941
3927
3915
3902
3891
3868
3846
3828
3812
3801
3786
3774
3759
3749
3737
3721
3702
3685
3669
3654
3643
3629
3606
3593
3579
3558
3544
3525
3514
3501
3477
3465
3453
3432
3417
3409
3396
3378
3359
3346
3335
3327
3312
3301
3288
3276
3260
3247
3237
3226
3213
3201
3184
3177
3166
3156
3147
3134
3123
3113
3105
3093
3083
3073
3066
3049
3037
3024
3003
2992
2981
2972
2966
2953
2937
2924
2914
2903
2892
2879
2868
2850
2839
2825
2817
2807
2789
2772
2765
2747
2735
2720
2711
2699
2690
2673
2661
2649
2635
2626
2619
2604
2591
2579
2567
2556
2545
2533
2523
2512
2505
2495
2491
2483
2480
2468
2459
2443
2432
2426
2413
2408
2395
2385
2375
2368
2361
2348
2340
2332
2320
2309
2302
2293
2280
2272
2264
2253
2241
2232
2228
2218
2210
2203
2203
2192
2185
2180
2174
2165
2151
2146
2140
2134
2123
2116
2108
2099
2090
2082
2075
2070
2065
2060
2049
2043
2036
2026
2019
2012
2003
1996
1993
1985
1978
1968
1962
1954
1948
1939
1930
1924
1919
1912
1897
1887
1880
1872
1868
1858
1848
1841
1838
1829
1824
1822
1810
1806
1795
1787
1780
1773
1766
1760
1752
1742
1736
1726
1719
1714
1704
1694
1689
1679
1674
1667
1663
1660
1649
1644
1636
1633
1629
1622
1619
1609
1604
1598
1595
1587
1574
1566
1558
1555
1551
1548
1544
1537
1531
1525
1517
1513
1508
1502
1498
1493
1484
1473
1462
1456
1450
1444
1434
1431
1427
1422
1415
1407
1400
1395
1393
1387
1381
1375
1372
1366
1357
1352
1347
1344
1337
1328
1317
1309
1308
1301
1294
1289
1280
1277
1274
1267
1262
1257
1253
1248
1242
1239
