3
18
54
95
154
224
301
391
474
575
663
763
859
947
1043
1123
1216
1307
1410
1518
1605
1702
1782
1882
1965
2064
2145
2232
2329
2401
2472
2559
2623
2697
2759
2823
2897
2950
3015
3078
3142
3208
3259
3315
3365
3420
3456
3520
3559
3598
3635
3678
3728
3765
3799
3826
3850
3861
3885
3903
3930
3963
3989
4011
4041
4053
4070
4071
4074
4073
4080
4092
4104
4109
4119
4128
4136
4134
4131
4131
4131
4120
4109
4112
4115
4108
4107
4105
4103
4099
4097
4088
4076
4071
4052
4038
4030
4015
4005
3984
3967
3955
3936
3923
3912
3898
3883
3867
3854
3843
3831
3816
3803
3781
3763
3752
3736
3725
3711
3693
3680
3665
3646
3623
3606
3598
3585
3572
3550
3531
3516
3498
3485
3466
3455
3443
3431
3414
3403
3391
3375
3360
3345
3328
3318
3306
3290
3280
3267
3252
3239
3228
3212
3200
3184
3173
3166
3152
3143
3134
3121
3109
3095
3089
3067
3056
3042
3032
3011
3004
2986
2975
2961
2947
2937
2922
2911
2900
2886
2879
2853
2843
2833
2819
2804
2794
2783
2772
2764
2749
2742
2732
2715
2706
2696
2691
2681
2673
2662
2654
2646
2629
2609
2597
2586
2580
2566
2557
2547
2532
2522
2515
2502
2496
2489
2474
2459
2448
2436
2427
2417
2409
2397
2389
2379
2373
2367
2356
2344
2333
2329
2318
2314
2305
2296
2281
2273
2265
2258
2249
2238
2226
2219
2206
2199
2194
2185
2179
2167
2157
2148
2140
2133
2121
2113
2107
2099
2094
2081
2078
2069
2060
2054
2049
2046
2038
2027
2017
2009
2006
1999
1989
1978
1968
1958
1952
1942
1930
1920
1913
1906
1898
1889
1882
1876
1874
1866
1859
1856
1851
1842
1838
1828
1823
1813
1807
1799
1791
1785
1782
1775
1768
1755
1750
1744
1736
1731
1723
1713
1707
1698
1693
1685
1677
1672
1667
1660
1654
1646
1641
1639
1635
1629
1623
1620
1614
1610
1604
1594
1588
1586
1583
1574
1573
1569
1565
1563
1557
1553
1545
1533
1529
1523
1519
1511
1504
1498
1493
1491
1489
1483
1480
1477
1473
1468
1459
1458
1455
1452
1447
1443
1437
1426
1421
1413
1410
1401
1395
1394
1386
1378
1376
1372
1369
1362
1355
1348
1338
1331
1324
1318
1314
1309
1303
1298
1292
1284
1277
1271
1265
1263
1255
1248
1243
1237
1233
1229
1223
1218
1214
