960211
921557
883783
847411
812193
778109
745437
714341
684454
655832
627840
601247
575849
551503
528317
505924
484486
464151
444655
425732
407848
390653
374209
358296
343300
328683
314721
301702
289053
276873
265037
253977
243342
233197
223470
214393
205533
197062
189101
181413
174065
167008
160265
153763
147788
142081
136653
131267
126308
121601
117174
112862
109002
105223
101692
98368
95148
92093
89128
86548
84211
81926
79796
77831
75967
74255
72663
71143
69742
68312
67025
65782
64528
63356
62131
61112
60138
59289
58469
57689
56883
56272
55682
55258
54826
54429
54120
53682
53137
52658
52283
51810
51394
51039
50760
50695
50669
50605
50522
50389
50349
50332
50373
50402
50435
50520
50658
50820
50979
51106
51195
51325
51516
51704
51939
52184
52453
52697
52944
53176
53434
53686
53918
54155
54379
54625
54835
55083
55315
55560
55811
56041
56265
56498
56715
56944
57189
57434
57687
57931
58169
58402
58641
58866
59110
59357
59592
59859
60096
60317
60517
60786
61030
61269
61493
61710
61948
62160
62400
62633
62881
63131
63384
63609
63844
64082
64303
64524
64788
65007
65227
65455
65694
65934
66169
66423
66672
66907
67152
67385
67601
67846
68101
68337
68587
68813
69037
69275
69510
69751
69975
70186
70425
70663
70895
71120
71350
71565
71793
72032
72259
72481
72714
72932
73203
73443
73677
73916
74157
74404
74638
74868
75112
75330
75578
75796
76038
76285
76528
76751
76999
77233
77461
77687
77922
78124
78337
78574
78817
79029
79258
79482
79710
79952
80196
80437
80656
80888
81113
81333
81557
81801
82008
82224
82455
82695
82898
83117
83357
83601
83814
84034
84258
84482
84708
84965
85225
85438
85676
85910
86133
86346
86559
86788
87032
87261
87494
87719
87942
88198
88425
88635
88886
89095
89318
89533
89773
90014
90242
90474
90702
90940
91202
91444
91668
91889
92109
92339
92593
92797
93019
93246
93490
93716
93958
94183
94421
94644
94854
95073
95302
95534
95776
95982
96220
96418
96644
96863
97133
97368
97593
97822
98052
98287
98492
98706
98932
99177
99409
99676
99896
100116
100332
100534
100765
100973
101206
101437
101650
101891
102117
102318
102560
102780
102997
103216
103443
103666
103898
104099
104323
104535
104753
104989
105206
105416
105611
105823
106030
106255
106488
106715
106948
107177
107409
107661
107907
108155
108366
108618
108849
109075
109299
109513
109758
109976
110183
110411
110619
110834
111071
111290
111532
111736
111971
112180
112411
112627
112852
113066
113278
113501
113723
113942
114133
114356
114561
114812
115037
115244
115483
115699
115932
116146
116361
116601
116822
117038
117262
117500
