24728
32239
34076
33712
32793
31859
30983
29598
28221
27110
25964
25068
24159
23025
22394
21347
20260
19386
18620
17993
17137
16522
15688
14993
14393
13693
13356
12869
12276
11587
11010
10639
10051
9755
9177
8933
8506
8188
7925
7383
6912
6635
6316
5937
5684
5511
5265
4963
4812
4700
4322
4175
3804
3582
3398
3255
3102
2823
2683
2561
2470
2208
2136
1943
1848
1720
1635
1422
1300
1115
950
947
933
912
778
760
756
753
801
781
746
768
823
882
945
1001
945
857
852
880
786
862
856
858
770
825
801
663
529
484
491
486
412
404
351
305
278
271
219
173
201
193
234
238
186
165
188
192
168
89
64
48
98
82
38
11
4
1
1
0
0
0
0
0
0
0
0
0
0
0
0
0
0
0
0
0
0
0
0
0
0
0
0
0
0
0
0
0
0
0
0
0
0
0
0
0
0
0
0
0
0
0
0
0
0
0
0
0
0
0
0
0
0
0
0
0
0
0
0
0
0
0
0
0
0
0
0
0
0
0
0
0
0
0
0
0
0
0
0
0
0
0
0
0
0
0
0
0
0
0
0
0
0
0
0
0
0
0
0
0
0
0
0
0
0
0
0
0
0
0
0
0
0
0
0
0
0
0
0
0
0
0
0
0
0
0
0
0
0
0
0
0
0
0
0
0
0
0
0
0
0
0
0
0
0
0
0
0
0
0
0
0
0
0
0
0
0
0
0
0
0
0
0
0
0
0
0
0
0
0
0
0
0
0
0
0
0
0
0
0
0
0
0
0
0
0
0
0
0
0
0
0
0
0
0
0
0
0
0
0
0
0
0
0
0
0
0
0
0
0
0
0
0
0
0
0
0
0
0
0
0
0
0
0
0
0
0
0
0
0
0
0
0
0
0
0
0
0
0
0
0
0
0
0
0
0
0
0
0
0
0
0
0
0
0
0
0
0
0
0
0
0
0
0
0
0
0
0
0
0
