66659
57441
52174
52538
53173
53951
55712
57562
59393
60779
63050
65072
66864
68669
70735
72222
74932
77288
80045
81934
83981
86252
88620
91731
94155
96363
98480
101105
103125
106573
109831
111930
114997
117764
120561
123382
125160
127998
130371
132996
137193
140493
143179
146198
149396
152028
154325
157251
159898
162118
164708
167693
171022
175040
177832
180505
182480
185704
189300
191364
193630
196419
198238
200953
203625
206172
208259
211072
214078
216920
220793
223510
224679
225900
227591
228801
229821
230222
229821
229467
230060
230349
229707
229112
228150
226769
226247
226769
227383
227447
228297
228606
228373
228389
228631
228775
228712
229542
231970
234226
235697
236137
236729
237644
238763
239923
241100
241699
242512
243478
244217
244296
244161
243941
244095
244542
244768
244875
244874
245730
246834
247597
247952
247653
247977
248593
249170
249495
249709
249835
249895
249937
249974
249986
249990
249996
249997
250000
250000
250000
250000
250000
250000
250000
250000
250000
250000
250000
250000
250000
250000
250000
250000
250000
250000
250000
250000
250000
250000
250000
250000
250000
250000
250000
250000
250000
250000
250000
250000
250000
250000
250000
250000
250000
250000
250000
250000
250000
250000
250000
250000
250000
250000
250000
250000
250000
250000
250000
250000
250000
250000
250000
250000
250000
250000
250000
250000
250000
250000
250000
250000
250000
250000
250000
250000
250000
250000
250000
250000
250000
250000
250000
250000
250000
250000
250000
250000
250000
250000
250000
250000
250000
250000
250000
250000
250000
250000
250000
250000
250000
250000
250000
250000
250000
250000
250000
250000
250000
250000
250000
250000
250000
250000
250000
250000
250000
250000
250000
250000
250000
250000
250000
250000
250000
250000
250000
250000
250000
250000
250000
250000
250000
250000
250000
250000
250000
250000
250000
250000
250000
250000
250000
250000
250000
250000
250000
250000
250000
250000
250000
250000
250000
250000
250000
250000
250000
250000
250000
250000
250000
250000
250000
250000
250000
250000
250000
250000
250000
250000
250000
250000
250000
250000
250000
250000
250000
250000
250000
250000
250000
250000
250000
250000
250000
250000
250000
250000
250000
250000
250000
250000
250000
250000
250000
250000
250000
250000
250000
250000
250000
250000
250000
250000
250000
250000
250000
250000
250000
250000
250000
250000
250000
250000
250000
250000
250000
250000
250000
250000
250000
250000
250000
250000
250000
250000
250000
250000
250000
250000
250000
250000
250000
250000
250000
250000
250000
250000
250000
250000
250000
250000
250000
250000
250000
250000
250000
250000
250000
250000
250000
250000
250000
250000
250000
250000
250000
250000
250000
250000
250000
250000
250000
250000
250000
250000
250000
250000
250000
250000
250000
