51561
153140
236872
302382
354432
396069
429177
454975
475244
490594
502306
510589
516578
520680
522388
522812
522211
519692
515478
512285
508267
503742
498187
492030
486690
480690
473596
467458
460846
453840
447849
439458
431661
424273
415490
407510
400746
392275
383356
375098
366872
358854
350767
342707
334675
326122
316902
307893
299253
291798
284780
277916
269994
261895
253623
244242
235316
226604
218106
209556
202062
194006
186013
178064
170527
162781
155962
149504
143238
135634
127181
118175
109243
101040
92933
85178
77140
69972
63351
57806
53118
49406
46316
44044
41597
39093
36763
35062
34438
33920
34102
34549
35987
38565
40699
42956
46023
48121
50305
52559
54442
56200
56893
57590
58817
59765
60554
60398
59888
59450
59298
58625
57644
58128
59003
59559
59088
58313
58491
58422
58219
57306
56143
55025
54886
55479
55360
55012
54780
54602
55441
56514
57361
57217
56487
54346
51824
48512
44996
41828
39549
37632
35717
33595
31806
30500
28329
25158
21626
18530
15998
13656
11567
9567
7849
6430
5304
4280
3436
2811
2272
1863
1534
1277
1038
863
723
591
480
405
332
269
226
181
151
125
107
93
79
67
52
44
35
30
26
22
17
14
12
11
8
4
3
3
1
1
1
1
1
1
1
0
0
0
0
0
0
0
0
0
0
0
0
0
0
0
0
0
0
0
0
0
0
0
0
0
0
0
0
0
0
0
0
0
0
0
0
0
0
0
0
0
0
0
0
0
0
0
0
0
0
0
0
0
0
0
0
0
0
0
0
0
0
0
0
0
0
0
0
0
0
0
0
0
0
0
0
0
0
0
0
0
0
0
0
0
0
0
0
0
0
0
0
0
0
0
0
0
0
0
0
0
0
0
0
0
0
0
0
0
0
0
0
0
0
0
0
0
0
0
0
0
0
0
0
0
0
0
0
0
0
0
0
0
0
0
0
0
0
0
0
0
0
0
0
0
0
0
0
0
0
0
0
0
0
0
0
0
0
0
0
0
0
0
0
0
0
0
0
0
0
0
0
0
0
0
0
0
0
0
0
0
0
0
0
0
0
0
0
0
0
0
0
0
0
0
0
0
0
0
