24
53
72
93
114
129
155
182
202
217
242
255
268
289
307
325
343
369
397
423
441
469
484
504
527
548
567
590
604
621
642
677
695
714
735
762
782
801
827
849
873
892
910
930
961
980
1001
1028
1046
1069
1088
1107
1128
1156
1184
1197
1222
1247
1270
1299
1324
1351
1367
1387
1411
1430
1448
1469
1496
1518
1549
1575
1590
1605
1633
1651
1673
1703
1721
1742
1752
1775
1803
1817
1844
1871
1887
1905
1929
1949
1966
1991
2013
2031
2053
2070
2085
2103
2125
2148
2170
2187
2200
2221
2242
2273
2292
2314
2335
2348
2360
2373
2395
2408
2426
2452
2470
2493
2510
2530
2544
2566
2590
2606
2623
2648
2669
2695
2716
2748
2767
2781
2809
2831
2857
2890
2919
2934
2956
2973
3000
3018
3033
3044
3062
3084
3116
3139
3158
3178
3198
3221
3241
3268
3288
3312
3339
3377
3400
3425
3445
3471
3486
3502
3523
3539
3552
3586
3610
3626
3644
3664
3693
3714
3741
3761
3788
3803
3824
3844
3856
3886
3910
3932
3952
3975
3999
4018
4031
4055
4077
4105
4126
4143
4155
4179
4195
4216
4228
4247
4267
4292
4318
4338
4352
4378
4400
4431
4454
4473
4497
4525
4544
4567
4594
4614
4633
4649
4678
4691
4716
4746
4766
4785
4802
4821
4843
4866
4891
4915
4937
4956
4971
4988
5004
5026
5056
5078
5102
5124
5139
5153
5174
5190
5210
5222
5247
5267
5291
5316
5341
5360
5386
5413
5434
5451
5476
5489
5508
5525
5540
5567
5579
5605
5627
5645
5666
5695
5711
5736
5755
5780
5801
5825
5843
5867
5883
5906
5924
5942
5957
5975
5994
6020
6037
6057
6072
6095
6113
6141
6158
6168
6190
6209
6233
6253
6276
6296
6321
6347
6363
6392
6413
6430
6450
6478
6494
6508
6529
6555
6584
6605
6623
6643
6664
6683
6708
6728
6743
6761
6775
6797
6816
6838
6857
6872
6886
6905
6918
6946
6970
6995
7013
7033
7053
7072
7100
7116
7124
7140
7169
7202
7222
7250
7264
7282
7310
7329
7346
7365
7388
7414
7436
7457
7476
7501
7524
7544
7556
7577
7595
7612
7625
7643
7661
7681
7709
7730
7754
7773
7789
7810
7823
7848
7869
7890
7911
7929
7940
7956
7980
7998
8018
8044
8062
8079
8100
8120
8140
8157
8175
8198
8222
8253
8273
8287
8304
8328
8360
8384
