30
49
77
100
120
150
172
191
208
229
243
267
292
323
336
356
373
395
418
440
459
480
502
519
538
558
580
606
619
642
662
691
722
740
764
787
816
840
869
888
911
927
949
974
993
1016
1041
1067
1091
1109
1134
1150
1177
1203
1222
1245
1276
1302
1325
1348
1374
1394
1412
1436
1461
1491
1509
1533
1549
1572
1589
1608
1631
1659
1679
1696
1725
1744
1780
1807
1834
1855
1872
1896
1926
1946
1969
1983
2005
2037
2054
2080
2108
2135
2158
2182
2203
2219
2242
2263
2286
2300
2322
2343
2361
2381
2399
2425
2455
2473
2499
2523
2544
2562
2575
2594
2621
2631
2657
2688
2713
2740
2758
2771
2801
2832
2861
2887
2907
2928
2948
2966
2992
3011
3029
3059
3076
3095
3112
3127
3146
3161
3183
3200
3222
3249
3262
3283
3299
3318
3338
3365
3391
3414
3431
3453
3477
3501
3527
3554
3576
3593
3612
3629
3650
3675
3693
3718
3736
3754
3761
3791
3816
3837
3857
3874
3893
3916
3939
3960
3980
4003
4017
4037
4059
4084
4105
4116
4135
4153
4174
4197
4227
4250
4271
4294
4313
4331
4356
4379
4395
4419
4438
4461
4479
4501
4522
4539
4561
4586
4605
4626
4655
4672
4693
4711
4730
4754
4783
4814
4829
4847
4869
4896
4914
4937
4953
4973
4990
5002
5029
5050
5073
5096
5118
5142
5153
5174
5205
5222
5245
5274
5297
5315
5337
5363
5390
5407
5431
5449
5475
5499
5515
5532
5557
5584
5605
5638
5654
5674
5706
5720
5745
5762
5784
5807
5836
5854
5876
5899
5919
5947
5967
5983
5996
6012
6040
6067
6088
6114
6142
6168
6192
6211
6227
6252
6270
6297
6311
6325
6344
6367
6395
6423
6443
6465
6490
6515
6534
6551
6574
6595
6619
6642
6666
6690
6706
6733
6750
6771
6792
6814
6829
6842
6863
6883
6902
6925
6940
6961
6989
7009
7024
7041
7060
7084
7102
7118
7141
7157
7187
7211
7239
7259
7277
7297
7317
7340
7359
7384
7408
7424
7437
7447
7466
7485
7504
7525
7541
7563
7582
7603
7627
7649
7667
7695
7723
7746
7780
7803
7827
7847
7876
7889
7912
7935
7952
7970
8000
8022
8043
8060
8082
8113
8144
8162
8186
8207
8226
8244
8262
8283
8298
8322
8341
8357
8387
8408
8431
8460
8477
8494
8505
8520
8539
8554
8586
8607
8627
8645
