11
46
108
176
250
325
420
507
603
686
758
858
924
991
1058
1132
1188
1232
1304
1349
1402
1438
1483
1516
1549
1586
1624
1649
1696
1716
1763
1785
1798
1820
1845
1892
1906
1912
1929
1960
1975
2004
2025
2052
2075
2068
2067
2087
2102
2114
2113
2092
2098
2089
2091
2104
2107
2112
2102
2096
2086
2069
2049
2038
2009
1994
1971
1940
1909
1862
1821
1781
1743
1719
1708
1705
1708
1677
1654
1626
1610
1580
1548
1513
1496
1476
1452
1422
1398
1363
1329
1302
1268
1233
1205
1173
1128
1091
1055
1033
1004
977
946
915
889
862
843
825
801
768
736
713
696
683
662
643
619
605
581
570
561
547
529
512
492
479
469
455
443
426
410
402
388
374
368
358
346
330
318
306
298
291
284
273
268
257
247
243
232
222
217
210
203
198
195
193
188
185
180
171
164
159
151
146
142
136
134
129
126
122
118
114
109
105
100
98
94
92
87
84
82
81
79
76
75
72
70
69
67
63
60
58
57
54
53
50
49
47
46
44
44
41
41
40
38
37
36
35
35
34
33
31
31
30
28
28
28
28
26
26
26
24
24
24
24
24
24
24
23
23
21
20
19
18
18
18
18
17
15
15
14
13
13
13
12
12
12
11
10
10
9
9
9
8
8
8
7
6
5
5
5
5
5
5
5
5
5
5
5
5
5
5
5
5
5
5
5
5
5
5
5
5
5
5
5
5
5
5
5
5
5
5
5
5
5
4
4
4
4
4
4
4
4
4
4
4
4
4
4
4
4
4
3
3
3
3
3
3
3
3
3
3
3
3
3
3
3
3
3
3
3
3
3
3
3
3
3
3
3
3
2
2
2
2
2
2
2
2
2
2
2
2
2
2
2
2
2
2
2
2
2
2
2
2
2
2
2
2
2
2
2
2
2
2
2
2
2
2
2
2
2
2
2
2
2
2
2
2
2
2
2
2
2
2
2
2
2
2
2
2
