7
43
117
192
258
334
426
506
598
670
756
831
899
961
1032
1102
1161
1221
1271
1316
1376
1404
1451
1498
1549
1596
1623
1669
1718
1735
1760
1789
1815
1839
1868
1886
1907
1924
1955
1970
1974
1977
1993
2013
2019
2025
2038
2029
2036
2053
2053
2040
2036
2039
2018
1999
1979
1965
1950
1937
1929
1903
1882
1859
1834
1796
1789
1791
1787
1778
1755
1731
1704
1676
1664
1660
1651
1623
1629
1592
1561
1544
1536
1525
1500
1470
1451
1445
1427
1415
1398
1386
1371
1367
1351
1332
1303
1285
1268
1260
1250
1238
1220
1218
1199
1209
1236
1233
1239
1232
1219
1205
1193
1162
1159
1138
1100
1085
1065
1039
1015
981
955
936
914
898
872
836
803
781
754
736
712
691
668
648
622
605
588
570
554
539
524
506
492
481
467
454
441
428
415
406
396
384
371
365
354
344
333
323
310
299
288
276
269
254
246
238
234
224
216
210
205
201
199
192
185
182
177
173
168
164
157
151
145
144
137
133
127
125
124
122
118
115
111
108
104
102
101
99
97
95
92
89
85
83
83
81
80
73
72
72
69
68
66
65
63
62
61
59
57
57
55
55
54
53
53
52
52
51
50
50
49
48
45
43
40
37
37
34
34
33
32
32
32
31
29
29
28
26
24
24
23
22
22
21
20
20
17
17
14
13
13
12
12
12
12
12
11
11
10
10
9
9
9
8
7
7
7
7
7
7
7
7
7
7
7
7
7
7
7
6
6
6
6
6
6
6
6
6
6
6
6
6
6
6
6
6
5
5
5
4
4
3
3
3
3
3
3
3
3
3
2
2
2
2
2
2
2
2
2
2
2
2
2
2
2
2
2
2
2
2
2
2
2
2
2
2
2
2
2
2
2
2
2
2
2
2
2
2
2
2
2
2
2
2
2
2
2
2
2
2
2
2
1
0
0
0
0
0
0
0
0
0
0
0
0
0
0
0
0
0
0
0
0
0
0
0
0
0
