114
199
214
238
248
280
295
309
328
356
352
391
399
393
412
421
428
450
471
505
514
542
572
582
589
612
646
661
670
704
729
770
787
794
815
846
891
930
963
1018
1029
1047
1071
1112
1179
1195
1239
1266
1305
1344
1373
1417
1476
1536
1575
1620
1668
1733
1783
1832
1908
1980
2040
2108
2186
2247
2306
2389
2449
2543
2631
2694
2762
2846
2916
2990
3055
3129
3216
3288
3368
3454
3542
3613
3711
3790
3883
3953
4031
4083
4171
4238
4303
4374
4474
4544
4611
4681
4743
4808
4874
4951
5046
5088
5155
5212
5270
5358
5433
5515
5605
5699
5771
5848
5915
6002
6070
6135
6208
6296
6387
6478
6545
6604
6682
6754
6835
6918
7012
7106
7210
7310
7405
7503
7605
7705
7808
7912
8027
8124
8240
8342
8444
8550
8654
8760
8841
8945
9060
9148
9262
9369
9467
9576
9666
9787
9890
9997
10110
10214
10328
10446
10557
10675
10780
10876
10975
11081
11191
11282
11386
11499
11607
11726
11816
11913
12006
12109
12210
12322
12414
12520
12624
12721
12809
12907
13009
13129
13239
13352
13457
13557
13653
13735
13837
13938
14040
14149
14269
14373
14469
14560
14682
14799
14916
15024
15125
15237
15359
15447
15549
15655
15771
15877
15982
16089
16203
16292
16407
16526
16633
16734
16855
16960
17054
17148
17240
17348
17457
17562
17666
17777
17868
17948
18053
18164
18248
18365
18471
18575
18684
18774
18888
18989
19089
19190
19289
19393
19517
19623
19744
19836
19944
20060
20177
20286
20397
20482
20602
20717
20823
20918
21012
21121
21222
21321
21435
21535
21620
21719
21815
21918
22025
22140
22228
22326
22459
22551
22666
22778
22880
22984
23081
23187
23296
23409
23529
23641
23757
23858
23965
24054
24143
24251
24369
24463
24577
24693
24800
24913
25029
25139
25244
25340
25437
25537
25629
25734
25839
25926
26022
26144
26249
26366
26471
26585
26693
26803
26911
27015
27116
27217
27314
27413
27499
27603
27691
27792
27904
28011
28117
28203
28301
28395
28491
28597
28685
28793
28911
29009
29108
29211
29300
29386
29498
29611
29728
29820
29929
30045
30150
30268
30378
30464
30553
30658
30747
30865
30967
31078
31167
31275
31371
31473
31573
31685
31773
31887
31987
32103
32194
32298
32413
32505
32609
32697
32812
32918
33009
33099
33199
33315
33424
33519
33623
33710
33810
33921
34030
34138
34242
34348
34444
34525
34643
34771
34866
34963
35059
35165
