103
184
216
250
270
293
293
322
349
363
367
385
406
431
430
443
470
493
512
514
525
541
558
591
620
629
650
691
700
730
772
796
810
835
874
899
934
976
995
1033
1065
1102
1149
1186
1208
1231
1259
1285
1341
1370
1402
1457
1555
1585
1642
1709
1758
1815
1872
1929
2017
2081
2130
2201
2261
2340
2411
2500
2557
2636
2710
2772
2856
2934
3012
3098
3149
3241
3319
3384
3480
3557
3636
3723
3804
3880
3967
4040
4128
4221
4316
4417
4537
4627
4728
4831
4941
5037
5138
5241
5346
5453
5559
5668
5771
5896
6015
6123
6225
6340
6448
6548
6641
6746
6855
6962
7063
7181
7275
7392
7501
7617
7710
7803
7907
8007
8105
8215
8316
8437
8542
8653
8752
8867
8976
9082
9195
9299
9401
9516
9631
9735
9847
9947
10054
10160
10255
10351
10446
10556
10663
10756
10867
10965
11078
11168
11275
11388
11478
11565
11661
11763
11874
11962
12082
12196
12307
12437
12551
12641
12744
12826
12942
13046
13145
13257
13349
13461
13582
13680
13791
13905
13996
14103
14217
14337
14433
14551
14659
14757
14856
14964
15067
15168
15271
15361
15456
15564
15661
15750
15842
15961
16076
16188
16296
16397
16520
16620
16737
16842
16947
17043
17149
17240
17353
17457
17559
17686
17788
17883
17978
18085
18191
18294
18398
18499
18609
18721
18830
18930
19040
19146
19240
19326
19434
19540
19635
19730
19837
19942
20030
20144
20255
20360
20460
20569
20687
20791
20917
21030
21167
21268
21364
21479
21581
21688
21790
21888
21987
22103
22208
22316
22406
22505
22612
22716
22809
22910
23004
23110
23228
23349
23449
23543
23641
23787
23891
23997
24103
24199
24296
24414
24515
24621
24710
24818
24920
25009
25112
25226
25338
25436
25538
25652
25750
25841
25934
26057
26145
26252
26354
26462
26550
26655
26747
26843
26947
27040
27147
27256
27346
27466
27571
27668
27774
27874
27989
28078
28196
28286
28377
28482
28601
28707
28825
28936
29060
29150
29274
29363
29462
29576
29673
29775
29904
30008
30115
30203
30297
30378
30499
30580
30689
30783
30889
30998
31076
31183
31282
31376
31486
31617
31721
31828
31912
32027
32122
32215
32321
32420
32520
32614
32718
32833
32923
33032
33132
33228
33300
33394
33497
33597
33687
33793
33890
33995
34079
34172
34266
34352
34455
34553
34642
34754
34842
34937
35043
35152
35252
35350
35428
35523
35619
35710
35806
35912
36020
36131
36236
36329
