110
173
213
241
257
267
319
331
320
338
360
384
408
401
426
424
450
442
454
476
490
506
530
567
606
632
667
685
706
732
757
770
793
810
842
854
879
907
965
990
1022
1079
1113
1141
1187
1186
1234
1278
1303
1368
1425
1457
1530
1566
1604
1651
1729
1793
1865
1947
1985
2072
2118
2199
2272
2360
2430
2495
2578
2676
2775
2855
2929
3019
3119
3204
3299
3396
3500
3594
3672
3774
3862
3963
4062
4162
4253
4346
4444
4546
4633
4714
4784
4852
4910
4987
5067
5130
5199
5277
5353
5429
5473
5543
5590
5649
5689
5757
5797
5829
5897
5961
6012
6045
6103
6159
6234
6293
6352
6418
6471
6546
6614
6687
6759
6827
6911
6983
7075
7135
7210
7282
7372
7479
7567
7665
7769
7881
7994
8108
8211
8335
8424
8525
8641
8741
8862
8964
9066
9175
9266
9373
9475
9574
9675
9763
9873
9987
10098
10211
10322
10437
10538
10638
10735
10859
10987
11092
11208
11320
11434
11561
11663
11753
11873
11998
12102
12210
12310
12409
12491
12595
12700
12791
12902
12993
13087
13202
13311
13444
13526
13619
13709
13800
13908
14018
14107
14207
14306
14423
14543
14649
14774
14877
14978
15075
15169
15271
15370
15491
15584
15708
15807
15909
16021
16111
16201
16300
16398
16501
16603
16714
16812
16921
17039
17152
17273
17371
17468
17548
17660
17781
17877
17980
18095
18185
18292
18410
18509
18604
18711
18833
18954
19053
19162
19263
19375
19486
19601
19697
19795
19910
19986
20096
20180
20276
20378
20487
20577
20670
20775
20884
21006
21112
21210
21311
21429
21524
21618
21731
21838
21928
22043
22160
22254
22348
22452
22565
22676
22801
22921
23024
23135
23245
23356
23467
23581
23682
23798
23895
23992
24103
24196
24294
24392
24493
24588
24698
24819
24906
25006
25097
25213
25304
25413
25517
25620
25730
25832
25933
26035
26150
26250
26364
26483
26579
26675
26764
26884
26991
27097
27208
27299
27393
27489
27588
27680
27782
27872
27976
28080
28191
28274
28363
28468
28563
28648
28733
28834
28924
29031
29150
29241
29333
29442
29542
29649
29734
29825
29924
30025
30126
30224
30327
30418
30512
30601
30693
30771
30881
30977
31063
31139
31252
31370
31467
31553
31660
31745
31851
31953
32054
32149
32243
32332
32446
32568
32670
32755
32862
32953
33059
33164
33288
33394
33487
33581
33694
33807
33925
34022
34117
34222
34333
34438
34556
34664
34750
34871
34963
