604
706
850
1009
1224
1399
1629
1878
2131
2322
2548
2739
2959
3113
3305
3448
3591
3625
3649
3651
3600
3552
3506
3307
3198
3086
2932
2799
2632
2390
2251
2098
1917
1761
1640
1485
1350
1216
1084
972
854
755
680
597
577
505
452
415
370
357
306
264
225
187
180
147
127
106
94
80
67
63
58
54
39
32
31
34
36
37
33
29
24
22
20
20
21
19
16
15
19
20
18
14
13
15
11
9
10
10
10
13
11
7
7
6
7
8
9
9
10
10
6
4
4
5
9
8
10
8
9
11
15
16
18
17
17
15
13
12
11
14
15
13
18
24
23
22
25
23
28
26
23
21
22
22
14
13
8
6
5
4
5
7
6
7
6
6
8
6
6
6
8
7
4
5
6
6
7
7
7
6
7
8
8
8
5
4
3
2
1
1
1
2
1
0
0
0
0
0
0
0
0
0
0
0
0
0
0
0
0
0
0
0
0
0
0
0
0
0
0
0
0
0
0
0
0
0
0
0
0
0
0
0
0
0
0
0
0
0
0
0
0
0
0
0
0
0
0
0
0
0
0
0
0
0
0
0
0
0
0
0
0
0
0
0
0
0
0
0
0
0
0
0
0
0
0
0
0
0
0
0
0
0
0
0
0
0
0
0
0
0
0
0
0
0
0
0
0
0
0
0
0
0
0
0
0
0
0
0
0
0
0
0
0
0
0
0
0
0
0
0
0
0
0
0
0
0
0
0
0
0
0
0
0
0
0
0
0
0
0
0
0
0
0
0
0
0
0
0
0
0
0
0
0
0
0
0
0
0
0
0
0
0
0
0
0
0
0
0
0
0
0
0
0
0
0
0
0
0
0
0
0
0
0
0
0
0
0
0
0
0
0
0
0
0
0
0
0
0
0
0
0
0
0
0
0
0
0
0
0
0
0
0
0
0
0
0
0
0
