0
5
12
18
30
36
48
66
79
91
107
126
139
156
172
186
195
213
227
241
252
266
276
287
302
317
324
331
340
359
378
388
399
417
429
447
455
469
483
502
509
521
534
558
568
573
583
593
605
622
646
653
664
676
695
707
719
732
742
753
760
778
783
793
794
807
816
834
846
860
870
883
899
910
918
924
933
934
954
966
974
982
993
1001
1014
1021
1034
1049
1062
1071
1077
1085
1112
1123
1136
1149
1149
1152
1166
1172
1181
1196
1206
1218
1228
1230
1242
1248
1253
1262
1261
1270
1274
1287
1296
1300
1304
1315
1324
1336
1349
1364
1367
1375
1386
1395
1401
1399
1407
1405
1412
1421
1421
1429
1432
1439
1445
1452
1461
1470
1478
1479
1479
1484
1493
1501
1505
1505
1515
1514
1518
1528
1537
1541
1549
1556
1569
1571
1576
1586
1587
1593
1597
1600
1609
1608
1620
1632
1640
1643
1660
1660
1663
1671
1673
1680
1678
1681
1688
1689
1701
1711
1713
1713
1708
1715
1721
1719
1724
1736
1739
1747
1748
1752
1759
1768
1772
1779
1788
1786
1793
1802
1807
1811
1817
1820
1819
1819
1828
1834
1835
1834
1837
1832
1828
1836
1842
1844
1845
1842
1844
1848
1850
1861
1864
1867
1871
1871
1875
1883
1890
1892
1898
1902
1898
1900
1898
1903
1909
1920
1921
1932
1935
1940
1940
1938
1940
1945
1949
1953
1958
1958
1962
1969
1971
1977
1978
1981
1976
1985
1984
1991
1994
1998
1999
2010
2012
2015
2019
2018
2020
2027
2032
2034
2031
2036
2040
2034
2039
2051
2054
2054
2060
2063
2060
2064
2066
2066
2067
2068
2059
2060
2061
2066
2067
2077
2075
2084
2084
2087
2091
2097
2096
2100
2100
2103
2110
2119
2124
2129
2124
2129
2135
2133
2136
2141
2146
2151
2156
2164
2164
2157
2156
2167
2172
2174
2172
2171
2170
2177
2180
2186
2188
2196
2201
2199
2199
2199
2192
2196
2198
2203
2217
2222
2215
2210
2220
2221
2220
2223
2222
2222
2230
2233
2232
2235
2236
2243
2246
2247
2245
2251
2253
2253
2254
2262
2252
2254
2253
2251
2249
2264
2263
2265
2268
2263
2264
2260
2264
2264
2262
2256
2248
2247
2250
2252
2251
2250
2245
2244
2245
2244
2249
2251
2256
2261
2259
2264
2266
2274
2275
2276
2282
2286
2283
2286
2296
2305
2307
2302
2297
2299
2302
2296
2300
2301
2301
2298
2297
2295
2289
2286
2284
2301
2301
2308
2310
2312
2312
2303
2306
2298
2296
2299
2296
2305
2305
2309
2311
2306
2304
2296
2294
2289
2287
2289
2284
2284
2292
2294
2297
2295
2297
2309
2306
2317
2321
2322
2326
2331
2336
2339
2338
2340
2336
2330
2330
2335
2340
2335
2334
2335
2326
2323
2321
2325
2325
2335
2339
2342
2336
2333
2339
2341
2346
2340
2332
2327
2330
2330
2324
2321
2323
2319
2314
2302
2299
2294
2282
2283
2274
2272
2267
2266
2260
2250
2243
2235
2230
2227
2223
2216
2209
2202
2188
2182
2172
2169
2159
2144
2137
2130
2128
2123
2114
2109
2100
2092
2089
2085
2078
2073
2063
2059
2055
2047
2036
2028
2015
2004
1990
1984
1975
1965
1962
1958
1951
1943
1935
1927
1921
1912
1905
1893
1882
1876
1867
1861
1852
1848
1841
1832
1826
1821
1812
1804
1797
1792
1786
1774
1770
1766
1755
1746
1738
1732
1719
1707
1700
1693
1686
1679
1670
1659
1653
1648
1641
1631
1624
1617
1613
1605
1598
1587
1585
1582
1578
1574
1566
1557
