959915
921157
883775
847950
813204
779963
747622
716805
687108
658671
631183
604649
579398
555166
531956
509434
488178
467700
447983
429214
411191
393815
377269
361291
345867
331310
317399
304210
291490
279360
267795
256585
245833
235486
225481
215958
207027
198277
189955
181939
174333
167130
160436
153778
147360
141199
135357
129749
124468
119380
114447
109743
105225
100947
96799
92799
89019
85493
81980
78664
75464
72369
69461
66802
64225
61707
59375
57089
54891
52810
50788
48899
47066
45290
43601
41992
40430
38922
37462
36066
34736
33487
32266
31064
29980
28964
27939
26991
26066
25191
24344
23536
22788
22082
21367
20730
20035
19370
18769
18272
17747
17244
16741
16311
15894
15439
15035
14623
14248
13853
13563
13196
12910
12606
12277
12012
11718
11452
11178
10936
10678
10427
10236
10037
9858
9654
9476
9315
9154
8950
8845
8730
8606
8460
8315
8239
8126
8030
7920
7803
7685
7599
7537
7432
7380
7292
7233
7138
7073
6968
6936
6880
6867
6804
6744
6704
6660
6580
6572
6553
6505
6453
6438
6420
6397
6348
6324
6296
6251
6226
6229
6227
6185
6180
6190
6152
6148
6127
6080
6026
6008
5994
6014
5958
5937
5945
5953
5953
5949
5934
5929
5941
5854
5851
5804
5814
5857
5898
5879
5836
5801
5801
5797
5749
5751
5735
5739
5752
5744
5776
5762
5770
5741
5796
5820
5834
5812
5801
5763
5735
5723
5698
5668
5671
5635
5688
5681
5674
5735
5759
5771
5751
5750
5758
5766
5753
5740
5718
5687
5693
5681
5678
5633
5656
5663
5659
5607
5601
5615
5617
5633
5643
5662
5668
5656
5676
5701
5669
5688
5651
5682
5671
5634
5671
5662
5649
5630
5642
5644
5629
5637
5631
5624
5616
5623
5670
5677
5655
5603
5605
5644
5666
5696
5725
5711
5734
5775
5800
5843
5828
5840
5872
5863
5885
5884
5880
5860
5875
5861
5885
5899
5892
5874
5912
5924
5978
5988
6005
5989
5997
6002
6023
6039
6068
6108
6155
6177
6178
6212
6235
6256
6279
6301
6365
6410
6432
6435
6450
6493
6488
6573
6657
6695
6720
6746
6793
6825
6852
6875
6949
7025
7047
7102
7179
7211
7299
7361
7432
7473
7570
7667
7760
7888
8013
8106
8216
8375
8476
8609
8717
8834
8947
9100
9238
9403
9533
9676
9807
9983
10136
10326
10518
10742
10947
11186
11427
11688
11949
12190
12438
12683
12930
13136
13364
13620
13891
14155
14395
14640
14896
15128
15375
15626
15859
16093
16318
16582
16851
17094
17352
17596
17845
18104
18357
18597
18875
19122
19343
19582
19820
20071
20322
20566
20798
21040
21288
21525
21782
22053
22283
22503
22742
22988
23193
23443
23684
23918
24162
24379
24626
24849
25106
25352
25631
25887
26120
26329
26563
26789
27031
27274
27514
27779
28013
28263
28517
28758
29023
29257
29472
29691
29952
30213
30457
30707
30934
31167
31392
31656
31925
32152
32401
32638
32890
33167
33387
33633
33850
34121
34361
34586
34815
35058
35286
35499
35735
35962
36217
36454
36707
36951
37217
37456
37668
37943
38171
38425
38669
38916
39166
39418
39666
39908
40162
40416
40644
40861
41102
41328
41559
41799
42024
42290
42510
42778
43025
43236
43489
43713
43957
44197
44446
44703
44929
45193
45439
45686
45903
46120
46343
46583
46827
47064
47330
47552
47784
48014
48262
48501
48705
48940
49184
49405
49665
49905
50140
50369
50604
50843
51062
51299
51526
51785
52040
52262
52483
52707
52922
53136
53371
53614
53862
54091
54345
54588
54807
55039
55256
55493
55743
55983
56218
56477
56701
56938
57174
57400
57660
57892
58121
58348
58598
58840
59076
59305
59509
59761
59978
60204
60451
60675
60928
61130
61360
61584
61845
62064
62286
62518
62753
62969
63172
63407
63669
63910
64157
64417
64655
64870
65082
