960268
921743
884268
848317
813304
780109
747778
716987
687119
658314
631032
604541
579076
554489
531329
508991
487689
467023
447359
428493
410514
393048
376197
360113
344915
330489
316540
302998
290112
277789
266064
254760
244247
234087
224184
214818
205779
197105
188988
181034
173499
166219
159179
152502
146175
140070
134283
128680
123420
118320
113490
108811
104399
100144
96119
92238
88383
84770
81390
78171
75048
72073
69229
66523
63919
61426
59046
56829
54588
52485
50471
48531
46649
44892
43130
41515
39946
38416
36976
35642
34398
33169
32036
30825
29656
28658
27614
26639
25713
24874
24033
23253
22442
21686
21016
20336
19712
19119
18526
17974
17417
16898
16393
15888
15495
15067
14634
14206
13854
13490
13142
12824
12470
12158
11857
11588
11339
11111
10884
10664
10450
10248
10078
9908
9748
9568
9365
9232
9073
8924
8778
8646
8527
8411
8314
8198
8083
8006
7899
7826
7698
7582
7515
7403
7296
7268
7172
7078
7014
6939
6878
6828
6750
6662
6619
6557
6513
6439
6429
6390
6353
6329
6290
6277
6249
6265
6211
6179
6134
6108
6086
6066
6038
5997
5981
5986
5953
5970
5929
5945
5907
5874
5876
5838
5827
5819
5790
5770
5735
5724
5712
5734
5709
5732
5732
5731
5741
5763
5757
5740
5694
5713
5671
5708
5723
5732
5736
5718
5729
5739
5765
5736
5737
5755
5718
5723
5698
5674
5663
5693
5665
5682
5713
5702
5740
5737
5752
5734
5727
5728
5720
5735
5792
5751
5713
5716
5746
5759
5693
5691
5696
5689
5682
5655
5669
5672
5637
5632
5590
5606
5610
5624
5642
5615
5632
5644
5632
5607
5607
5639
5628
5645
5644
5691
5679
5695
5676
5680
5672
5717
5705
5697
5663
5703
5716
5707
5683
5704
5693
5705
5734
5737
5760
5751
5772
5745
5717
5713
5700
5730
5717
5705
5700
5685
5633
5586
5572
5591
5602
5620
5651
5607
5630
5623
5645
5676
5682
5680
5665
5658
5661
5648
5670
5663
5681
5664
5677
5684
5689
5705
5657
5683
5717
5731
5731
5733
5702
5710
5739
5758
5772
5778
5767
5779
5746
5746
5753
5719
5733
5724
5715
5716
5735
5744
5739
5732
5710
5741
5741
5769
5783
5805
5823
5830
5809
5790
5794
5796
5770
5765
5755
5747
5712
5689
5708
5694
5670
5635
5674
5675
5647
5637
5660
5671
5671
5686
5690
5685
5699
5701
5717
5714
5686
5696
5692
5719
5688
5661
5663
5661
5650
5681
5702
5696
5682
5715
5776
5790
5788
5804
5791
5778
5784
5787
5794
5805
5819
5804
5798
5843
5858
5852
5837
5822
5776
5782
5832
5857
5870
5881
5895
5865
5820
5841
5843
5840
5829
5859
5858
5810
5832
5823
5823
5814
5814
5843
5812
5834
5815
5790
5814
5821
5817
5817
5832
5828
5847
5861
5890
5900
5928
5925
5930
5954
5952
5962
5973
6008
6054
6086
6086
6124
6164
6173
6192
6180
6259
6270
6273
6286
6325
6355
6395
6448
6512
6534
6566
6589
6651
6713
6784
6842
6909
6975
7051
7153
7215
7249
7322
7415
7436
7498
7606
7678
7774
7872
7939
8042
8175
8289
8409
8541
8686
8824
8939
9044
9121
9242
9339
9424
9531
9671
9782
9910
10074
10210
10370
10558
10763
10977
11186
11396
11628
11846
12041
12221
12368
12557
12730
12891
13078
13298
13514
13742
13958
14171
14405
14635
14875
15108
15351
15579
15844
16070
16300
16547
16796
17042
17311
17533
17770
18017
18234
18497
18760
19019
19270
19512
19751
19985
20226
20465
20727
20951
21194
21447
21701
21960
22201
22445
22664
22925
23174
23444
23692
23930
24174
24418
24678
24921
25148
25390
25607
25867
26102
26355
26599
26878
27112
27370
27577
27806
28047
28294
28531
28758
29006
29250
29510
29746
