0	0
0.1	959962
0.2	921221
0.3	883904
0.4	847855
0.5	812969
0.6	779533
0.7	747327
0.8	716412
0.9	686658
1	658059
1.1	630636
1.2	604218
1.3	578851
1.4	554582
1.5	531286
1.6	508950
1.7	487522
1.8	467013
1.9	447319
2	428384
2.1	410318
2.2	393037
2.3	376376
2.4	360436
2.5	345217
2.6	330612
2.7	316662
2.8	303267
2.9	290508
3	278297
3.1	266578
3.2	255401
3.3	244732
3.4	234480
3.5	224568
3.6	215151
3.7	206143
3.8	197542
3.9	189303
4	181398
4.1	173800
4.2	166574
4.3	159584
4.4	152937
4.5	146582
4.6	140511
4.7	134673
4.8	129083
4.9	123743
5	118659
5.1	113817
5.2	109128
5.3	104677
5.4	100410
5.5	96344.4
5.6	92423.2
5.7	88635.6
5.8	85054.5
5.9	81629.7
6	78372.7
6.1	75225.2
6.2	72220.7
6.3	69363.6
6.4	66613.1
6.5	63984.9
6.6	61484.4
6.7	59055.5
6.8	56776.1
6.9	54577.3
7	52464.3
7.1	50449.2
7.2	48511.3
7.3	46631.3
7.4	44869.1
7.5	43178.5
7.6	41541
7.7	39992.6
7.8	38519.9
7.9	37082.7
8	35744.8
8.1	34439.8
8.2	33202.2
8.3	32026.7
8.4	30885.6
8.5	29795.2
8.6	28760.1
8.7	27763.8
8.8	26802.8
8.9	25871.4
9	24985.9
9.1	24129.4
9.2	23340.8
9.3	22566.2
9.4	21834.4
9.5	21127
9.6	20460
9.7	19808.3
9.8	19210.2
9.9	18616.4
10	18063.5
10.1	17517.7
10.2	17012.1
10.3	16515
10.4	16048.4
10.5	15604.4
10.6	15151.6
10.7	14754.3
10.8	14357.3
10.9	13986.4
11	13620.3
11.1	13270.7
11.2	12931.4
11.3	12604.2
11.4	12305.3
11.5	12007.5
11.6	11712.6
11.7	11443.8
11.8	11188.1
11.9	10953.9
12	10729.3
12.1	10499.1
12.2	10290.3
12.3	10091.5
12.4	9907.3
12.5	9726.7
12.6	9549.7
12.7	9377.8
12.8	9212.2
12.9	9053.9
13	8907.1
13.1	8768
13.2	8636
13.3	8512.9
13.4	8383.9
13.5	8264.8
13.6	8159.9
13.7	8070.6
13.8	7973.3
13.9	7881.1
14	7772.6
14.1	7684.9
14.2	7574.5
14.3	7491.2
14.4	7404
14.5	7323.6
14.6	7255.7
14.7	7181.4
14.8	7116.6
14.9	7060.2
15	6991.6
15.1	6941.9
15.2	6876.8
15.3	6819
15.4	6767
15.5	6716.4
15.6	6667.6
15.7	6606.7
15.8	6562.6
15.9	6520
16	6489.2
16.1	6449.2
16.2	6422
16.3	6390.5
16.4	6355.1
16.5	6323.5
16.6	6297.5
16.7	6259.3
16.8	6237.1
16.9	6209
17	6185.4
17.1	6153.7
17.2	6138.1
17.3	6116.8
17.4	6095.5
17.5	6080.9
17.6	6066.5
17.7	6041.5
17.8	6028.5
17.9	6004.6
18	5999.7
18.1	5984.5
18.2	5968.7
18.3	5963.1
18.4	5965.1
18.5	5966.6
18.6	5951.1
18.7	5932.2
18.8	5926
18.9	5903.5
19	5901.4
19.1	5890.2
19.2	5877.6
19.3	5858.1
19.4	5851.3
19.5	5833.9
19.6	5826.9
19.7	5823.7
19.8	5819.6
19.9	5806.3
20	5798.5
20.1	5780
20.2	5772.9
20.3	5784.4
20.4	5789.7
20.5	5781.8
20.6	5777.4
20.7	5776
20.8	5765.1
20.9	5768.3
21	5756.6
21.1	5742.7
21.2	5722.5
21.3	5728.6
21.4	5733.3
21.5	5714.8
21.6	5723.9
21.7	5725.8
21.8	5725.1
21.9	5715.5
22	5710.5
22.1	5699.8
22.2	5695.8
22.3	5696.3
22.4	5696.3
22.5	5696
22.6	5696.6
22.7	5706.7
22.8	5710
22.9	5703.5
23	5711.6
23.1	5697.9
23.2	5685.5
23.3	5686
23.4	5680.1
23.5	5674.6
23.6	5677.8
23.7	5684.1
23.8	5692.5
23.9	5682.5
24	5667.8
24.1	5661.5
24.2	5645
24.3	5634.5
24.4	5634
24.5	5633.4
24.6	5637
24.7	5641.2
24.8	5634.7
24.9	5628.9
25	5624
25.1	5620.3
25.2	5647.4
25.3	5654.4
25.4	5654.8
25.5	5649.9
25.6	5649.3
25.7	5638.4
25.8	5628.1
25.9	5633.2
26	5642.1
26.1	5638.6
26.2	5640.3
26.3	5636.8
26.4	5633.6
26.5	5627
26.6	5626
26.7	5615
26.8	5623.6
26.9	5627.4
27	5619
27.1	5615.8
27.2	5622.6
27.3	5628.7
27.4	5634.6
27.5	5651.8
27.6	5646.6
27.7	5645.3
27.8	5643.2
27.9	5634.4
28	5635.1
28.1	5649.5
28.2	5652.6
28.3	5653
28.4	5652.6
28.5	5654.7
28.6	5655.7
28.7	5654.8
28.8	5656.5
28.9	5651
29	5658
29.1	5652
29.2	5654.4
29.3	5658.3
29.4	5662.7
29.5	5657.2
29.6	5650.1
29.7	5645.6
29.8	5644.4
29.9	5648.1
30	5654
30.1	5658.8
30.2	5657.9
30.3	5659.2
30.4	5670.6
30.5	5671.2
30.6	5682.5
30.7	5679.4
30.8	5678.3
30.9	5667.4
31	5666.7
31.1	5667.8
31.2	5667
31.3	5676.5
31.4	5676.4
31.5	5683.8
31.6	5672.4
31.7	5675
31.8	5670.2
31.9	5663
32	5668.5
32.1	5660.2
32.2	5661.4
32.3	5661.4
32.4	5678.2
32.5	5686.9
32.6	5683.7
32.7	5673.1
32.8	5666.2
32.9	5670
33	5666.9
33.1	5671.1
33.2	5671.9
33.3	5666.7
33.4	5668.1
33.5	5664.6
33.6	5670.4
33.7	5670.9
33.8	5664.3
33.9	5668.4
34	5658.3
34.1	5656.6
34.2	5658.9
34.3	5660.3
34.4	5654.9
34.5	5665.3
34.6	5673.6
34.7	5675.4
34.8	5673.7
34.9	5685.1
35	5703.8
35.1	5696.1
35.2	5698.5
35.3	5700.1
35.4	5701.7
35.5	5688.5
35.6	5695.2
35.7	5696
35.8	5691.6
35.9	5674.3
36	5680.2
36.1	5685.8
36.2	5680.1
36.3	5675.2
36.4	5673
36.5	5682.4
36.6	5672.6
36.7	5669.2
36.8	5668.6
36.9	5679.4
37	5669.4
37.1	5660.1
37.2	5664.2
37.3	5664.8
37.4	5659.7
37.5	5651.2
37.6	5660.8
37.7	5664.5
37.8	5661.8
37.9	5671.2
38	5675.7
38.1	5679.1
38.2	5674.5
38.3	5673.9
38.4	5670.2
38.5	5668.6
38.6	5673
38.7	5694.3
38.8	5685.8
38.9	5692.3
39	5694.5
39.1	5691.7
39.2	5689.9
39.3	5700.9
39.4	5697.7
39.5	5706.3
39.6	5718.5
39.7	5724.4
39.8	5740.7
39.9	5739.4
40	5743.7
40.1	5744.1
40.2	5747.6
40.3	5760.5
40.4	5773.8
40.5	5777.1
40.6	5796.6
40.7	5796.9
40.8	5802.9
40.9	5801.7
41	5801
41.1	5810
41.2	5818.9
41.3	5820
41.4	5832.1
41.5	5832
41.6	5833.5
41.7	5845.6
41.8	5856.9
41.9	5866.9
42	5874.4
42.1	5889.3
42.2	5902.4
42.3	5920.2
42.4	5929.9
42.5	5941.4
42.6	5953.7
42.7	5958
42.8	5974.5
42.9	5980.4
43	5971.8
43.1	5986.7
43.2	5997.1
43.3	6011.7
43.4	6021.1
43.5	6052.9
43.6	6061.7
43.7	6081.6
43.8	6087.3
43.9	6092
44	6109.3
44.1	6122.5
44.2	6139
44.3	6151.7
44.4	6158.2
44.5	6179.2
44.6	6196.6
44.7	6215.7
44.8	6250.8
44.9	6267.4
45	6298.4
45.1	6328.3
45.2	6361.6
45.3	6385.4
45.4	6416.5
45.5	6447
45.6	6484.8
45.7	6519.9
45.8	6560.8
45.9	6585.4
46	6624.8
46.1	6672.1
46.2	6716.7
46.3	6756.5
46.4	6803.2
46.5	6840.8
46.6	6873.6
46.7	6928.8
46.8	6965.8
46.9	7008.3
47	7051.8
47.1	7102.8
47.2	7151.3
47.3	7215.5
47.4	7272.3
47.5	7339
47.6	7389.1
47.7	7442
47.8	7512.5
47.9	7595
48	7663.5
48.1	7746.4
48.2	7826.5
48.3	7922.8
48.4	8010
48.5	8092.5
48.6	8183.8
48.7	8276
48.8	8362.8
48.9	8466.5
49	8558.5
49.1	8659.1
49.2	8750.8
49.3	8854.9
49.4	8957.4
49.5	9062.8
49.6	9188
49.7	9291.9
49.8	9413.3
49.9	9536.2
50	9650.7
50.1	9767.4
50.2	9892
50.3	10011.1
50.4	10127.9
50.5	10251.1
50.6	10381.2
50.7	10507.1
50.8	10635.5
50.9	10770.7
51	10898.4
51.1	11030.4
51.2	11172.3
51.3	11298.4
51.4	11428.3
51.5	11573.1
51.6	11713.4
51.7	11862.3
51.8	12012.3
51.9	12173.4
52	12332.2
52.1	12485.5
52.2	12650.4
52.3	12817.4
52.4	12985.8
52.5	13152.6
52.6	13328.4
52.7	13507.5
52.8	13686.4
52.9	13864.1
53	14036.4
53.1	14220.6
53.2	14408.9
53.3	14595.5
53.4	14775.2
53.5	14960.2
53.6	15147.2
53.7	15338
53.8	15530.8
53.9	15725.4
54	15925
54.1	16124.6
54.2	16321.4
54.3	16533.4
54.4	16735.8
54.5	16938.3
54.6	17139.1
54.7	17353.2
54.8	17549.3
54.9	17748.7
55	17941.1
55.1	18139.4
55.2	18340.3
55.3	18534.6
55.4	18745.2
55.5	18953
55.6	19144.2
55.7	19358.2
55.8	19552.5
55.9	19757.1
56	19960.2
56.1	20148.3
56.2	20342.8
56.3	20553.8
56.4	20752.7
56.5	20958.4
56.6	21170.2
56.7	21374.9
56.8	21586.8
56.9	21806.5
57	22027
57.1	22242.4
57.2	22469.1
57.3	22706.1
57.4	22937
57.5	23163.6
57.6	23387.2
57.7	23611.7
57.8	23838.9
57.9	24059.8
58	24274
58.1	24501.4
58.2	24722.5
58.3	24935.7
58.4	25163.8
58.5	25387.9
58.6	25609.3
58.7	25839.7
58.8	26063.9
58.9	26286
59	26507.6
59.1	26737.2
59.2	26971.4
59.3	27198.2
59.4	27426.1
59.5	27655.6
59.6	27889.8
59.7	28115.4
59.8	28356.6
59.9	28588
60	28827.8
