38981
74879
107144
136600
163317
187159
208883
228392
245334
260499
273815
285046
294765
303000
310405
315961
320701
323647
325866
327182
327878
327446
326358
324979
322816
320082
317233
313715
309966
305525
301172
296510
291863
286603
281548
276425
271144
265802
260169
254511
248802
242955
236936
230978
225174
219364
213600
208246
202789
197328
191801
186612
181461
176611
171628
166673
161835
157178
152287
147711
143021
138721
134378
130190
126239
122327
118572
114882
111152
107636
104324
101011
97787
94752
91650
88645
85763
83049
80210
77595
74976
72658
70292
68015
65784
63640
61517
59380
57368
55399
53592
51801
50116
48504
46931
45347
43904
42469
41033
39660
38395
37176
35882
34651
33477
32409
31312
30347
29359
28476
27589
26700
25870
25019
24248
23557
22834
22182
21481
20790
20164
19489
19015
18455
17947
17450
16984
16467
15985
15544
15107
14655
14274
13897
13518
13180
12802
12456
12147
11841
11572
11283
11023
10713
10411
10177
9945
9746
9505
9310
9113
8982
8826
8624
8430
8264
8146
7989
7813
7673
7536
7429
7321
7176
6990
6879
6826
6754
6691
6628
6507
6456
6391
6287
6252
6190
6110
6072
6032
6041
5954
5923
5827
5778
5746
5658
5629
5644
5570
5523
5464
5454
5411
5364
5316
5292
5276
5219
5202
5139
5136
5112
5118
5074
5077
5022
5008
5020
5026
5037
5046
5043
5006
5017
5016
4953
4923
4947
4912
4878
4869
4914
4933
4895
4860
4869
4827
4795
4812
4815
4782
4753
4742
4759
4761
4735
4723
4692
4721
4706
4697
4717
4695
4686
4708
4724
4744
4735
4751
4724
4748
4773
4771
4756
4715
4703
4700
4671
4657
4642
4678
4630
4616
4590
4598
4613
4590
4589
4580
4602
4573
4612
4617
4603
4591
4593
4579
4577
4565
4624
4644
4637
4602
4561
4532
4535
4526
4531
4561
4538
4561
4548
4518
4498
4461
4477
4503
4489
4482
4496
4492
4490
4489
4457
4444
4420
4405
4419
4422
4408
4389
4386
4396
4397
4407
4374
4391
4352
4313
4297
4296
4299
4271
4247
4232
4182
4172
4151
4117
4079
4075
4018
3986
3942
3904
3876
3870
3840
3814
3754
3715
3677
3637
3603
3586
3552
3539
3539
3483
3441
3431
3409
3403
3378
3309
3275
3247
3241
3221
3165
3139
3110
3094
3070
3042
3011
2962
2876
2792
2731
2658
2581
2537
2493
2452
2455
2443
2422
2378
2356
2351
2319
2298
2273
2275
2211
2186
2142
2123
2075
2044
1991
1915
1859
1819
1751
1660
1575
1491
1411
1336
1269
1196
1129
1070
1013
960
909
861
813
767
721
683
637
598
582
552
519
488
458
435
412
396
373
360
338
317
303
285
268
256
247
237
223
212
203
196
188
171
164
155
143
136
127
126
119
109
100
95
87
86
83
82
79
76
73
69
63
56
54
52
49
41
38
37
35
33
30
28
27
27
26
23
20
18
17
16
16
16
16
15
13
11
9
9
9
8
7
6
6
5
5
5
4
4
4
4
3
3
3
3
2
2
2
2
2
1
1
1
1
1
1
1
1
1
1
1
1
1
1
1
1
1
1
1
1
1
1
1
1
1
1
0
0
0
0
0
0
0
0
0
0
0
0
0
0
0
0
0
0
0
0
0
0
0
0
0
0
0
0
0
0
0
0
0
0
0
0
0
0
0
0
0
0
0
0
0
0
0
0
0
0
0
0
0
0
0
0
0
0
0
0
0
0
0
0
0
0
0
0
