6598
3409
2216
1718
1369
1158
1098
960
879
864
870
740
737
683
704
772
677
722
658
645
705
682
675
668
697
650
679
710
704
737
736
775
804
779
769
781
810
818
851
860
869
892
964
994
992
993
1061
1027
1104
1121
1071
1194
1205
1279
1314
1332
1398
1389
1443
1525
1539
1582
1609
1674
1754
1810
1758
1898
2037
1983
2103
2167
2285
2278
2369
2409
2578
2686
2806
2881
2943
3001
3213
3116
3339
3410
3493
3733
3766
3938
4012
4101
4213
4537
4537
4849
4811
5141
5201
5361
5674
5789
6079
6187
6246
6500
6798
6961
7232
7569
7933
7993
8355
8580
8734
8996
9236
9498
10007
10242
10546
10831
11030
11418
11636
12023
12389
12669
12969
13152
13732
13971
14388
14798
15157
15534
15908
16189
16727
17171
17304
17656
18111
18572
18988
19618
19927
20427
20790
20938
21356
21702
21962
22494
22952
23272
23729
24138
24897
25388
25888
26139
26445
26762
27175
27575
27745
28445
28951
28882
29542
29815
30033
30341
30514
31072
31673
31860
32232
32495
32614
33032
33091
33012
33028
33625
33821
34188
34516
34479
34312
34474
34603
34847
35032
35330
35431
35962
35959
36037
36160
36002
36224
36608
36476
36689
37130
37449
37789
37793
37623
37643
37609
37626
37412
37201
36891
37069
37350
37466
37641
37944
37901
37941
38018
38176
38525
38703
38768
38808
38849
38893
39056
39188
38964
38977
38942
38921
39171
39150
39156
39043
39129
39087
39100
39396
39154
39423
39535
39667
39653
39914
40165
40347
40394
40532
40599
40618
40656
40517
40469
40273
40369
40105
40314
40390
40442
40504
40963
41023
41000
41027
40800
40728
40796
40780
40869
41274
41321
41118
40961
40745
40458
40568
40551
40548
40590
40800
40798
40908
41423
41173
41097
40896
40886
41093
40884
41063
40908
40933
40940
40858
40926
40685
40799
40868
40740
40843
40879
40844
40793
40913
40876
40981
41305
41540
41689
41810
41877
41884
41726
41688
41777
41806
41842
41947
42068
42337
42213
42024
41898
41902
41913
41999
42049
42141
42189
42427
42670
42991
43336
43645
43848
43941
44188
44351
44229
44377
44515
44582
45066
45219
45510
46065
46323
46348
46582
46806
46921
47147
47445
47747
48119
48134
48722
49258
49806
50465
51146
51704
51988
52376
52745
53144
53686
54305
55089
55847
56372
57087
57763
58670
59631
60626
61858
63204
64904
66424
68188
69866
71652
73439
75434
77564
79508
81634
83732
86135
88387
90544
92996
95211
97613
100146
102513
105254
107703
110463
112986
115566
118397
121133
123873
126517
129070
131648
134217
136638
139205
141609
144109
146708
149234
151787
154382
156966
159586
162148
164545
166754
169002
171104
173286
175495
177634
179833
182074
184137
186206
188126
190063
192036
194008
195815
197762
199388
200989
202637
204194
205669
207150
208651
210051
211514
212841
214248
215595
216901
218164
219280
220506
221585
222704
223699
224806
225772
226769
227736
228640
229458
230206
231001
231695
232462
233074
233740
234364
234892
235440
236025
236439
236958
237408
237900
238364
238750
239128
239515
239917
240270
240625
240943
241259
241622
241896
242189
242492
242751
243040
243333
243574
243831
244050
244245
244447
244664
244897
245085
245331
245543
245748
246015
246201
246404
246593
246763
246911
247079
247211
247340
247466
247584
247688
247802
247925
248013
248093
248167
248235
248297
248366
248416
248477
248547
248574
248631
248680
248719
248789
248862
248936
249003
249057
249113
249170
249211
249261
249306
249354
249403
249432
249476
249506
249523
249548
249575
249604
249628
249648
249670
249693
249717
249737
249761
249773
249784
249800
249805
249814
249822
249829
249840
249847
249853
249861
249868
249876
249884
249888
249893
249900
249907
249914
249918
249922
249925
249929
249932
249935
249940
249941
249942
249945
249948
249953
249956
249959
249961
249963
249967
