6717
3643
2436
1767
1544
1413
1315
1143
1084
1103
1024
1035
1082
1014
1029
1079
1109
1061
1095
1083
1091
1094
1191
1198
1187
1234
1237
1343
1258
1378
1447
1389
1547
1560
1598
1672
1676
1791
1807
1883
2010
2077
2193
2317
2327
2431
2504
2681
2775
2889
2930
3210
3243
3314
3511
3517
3806
3976
4226
4360
4495
4652
4854
5020
5314
5491
5531
5711
6016
6445
6536
6790
7145
7319
7664
7842
8297
8603
8894
9178
9370
9993
10211
10588
11019
11501
12004
12270
12610
13204
13552
13977
14611
15131
15536
16227
16662
17166
17765
18437
18957
19505
19965
20697
21526
22244
22921
23371
23995
24583
25206
25921
26612
27392
28095
28886
29700
30299
30932
31757
32661
33565
34441
35076
35702
36606
37242
37956
38326
39154
40123
40727
41617
42235
42735
43325
44188
45115
45641
46472
47243
47920
48548
48968
49369
50100
51018
51859
52276
52900
53563
54179
54419
54911
55367
55799
55932
56087
55961
56171
56157
56495
56998
57167
57482
57890
58185
58757
59436
59871
60327
60735
61088
61320
61675
61916
61979
62429
62733
62847
63064
63406
63531
63694
63974
64418
64801
64927
65290
65128
65530
65502
65724
65806
65967
65781
65751
65319
65426
65647
65739
65537
65602
65673
66097
66457
66926
67065
67210
67761
67850
68060
67682
67475
67372
67239
67632
68041
67939
68125
68186
68144
68209
68555
68566
68755
68821
68802
68974
68900
68827
68791
68787
68429
68560
68642
68721
68761
68711
68639
68421
68337
68276
67912
67957
68072
68318
68219
68102
67782
67759
67942
68449
68441
68529
68555
68701
68453
68594
68732
68997
69066
69041
68954
68916
69028
69067
69528
69681
69832
69862
69615
69750
69765
69548
69687
69669
69684
69686
69433
69436
69443
69471
69515
69723
69989
70131
70096
70493
70567
70723
70727
70715
70568
70631
70454
70352
70152
70212
70105
69873
69716
69767
69875
69818
69925
69915
69844
69861
69694
69387
69537
69444
69615
69678
69869
70129
70036
70127
70318
70097
69864
69862
69517
69379
69300
69282
68740
68889
68675
68446
68175
68300
68259
68156
68031
68261
68769
68967
68844
68614
68663
68545
68321
68316
68342
68211
67974
67967
68172
68235
68282
68454
68557
68585
68425
68681
69127
69418
69080
68956
68706
68584
68753
68767
68862
68880
68800
68811
68861
68592
68884
69061
69104
69640
69743
69547
69399
69379
69608
69467
69455
69184
69213
69094
69123
69115
69093
69452
69651
69848
70133
70300
70331
70162
70044
69739
69965
70099
70248
70089
70094
69935
70230
70288
70751
71045
71195
71297
71321
71405
71708
71577
71591
71758
71773
71682
71948
71971
71647
71527
71475
71195
71039
71066
71155
71430
71433
71346
71307
71556
71708
71836
71754
71792
71775
71931
72140
72202
72581
73023
72858
73210
73478
73752
73714
73749
73503
73735
73807
73765
73771
73699
73815
74161
74612
74674
74917
74946
75153
75102
75487
75681
75842
76140
76404
77320
77816
78501
78768
79193
79442
79854
79947
80208
80785
81051
81597
81984
82625
83173
83897
84842
85495
86552
87610
88769
89781
90903
92144
93285
94533
96057
97672
99246
100571
101920
103109
104339
105652
107129
108565
110266
112065
113793
115444
117431
119430
121606
123946
126429
129181
131660
134010
136707
139328
142214
145121
148138
151318
154498
157680
161061
164208
167460
170577
173534
176609
179465
182312
185138
187910
190466
193057
195544
197967
200322
202612
204820
206958
208952
210865
212743
214584
216349
218080
219717
221284
222833
224284
225713
227036
228329
229445
230537
231610
232627
233586
234471
235321
236135
236880
237634
238305
238934
239528
240076
240613
241134
241645
242089
242549
242981
243390
243707
244073
244364
244671
244965
245255
245535
245783
245998
246202
246419
246625
246829
247028
247198
247358
247508
247647
247785
247907
248026
248143
248253
248362
248461
248545
