6544
3495
2229
1805
1578
1437
1273
1186
1082
1065
1045
1025
1053
1023
1047
1014
1032
1088
1133
1105
1087
1199
1143
1147
1246
1295
1263
1367
1393
1424
1421
1450
1534
1640
1577
1726
1729
1780
1830
1902
1997
2100
2179
2373
2276
2498
2493
2620
2737
2890
2985
3165
3307
3317
3564
3545
3787
3887
4154
4280
4454
4594
4656
4948
5154
5464
5531
5739
6183
6311
6556
6892
7155
7367
7470
7974
8136
8405
8647
8997
9319
9688
10338
10691
10936
11433
11683
12094
12656
13110
13551
14037
14593
15110
15605
16087
16586
16996
17480
18071
18691
19507
20147
20735
21345
21697
22536
23287
24169
24901
25360
25866
26595
27392
28042
28678
29350
30084
30953
31543
31991
32533
33426
34252
34861
35792
36285
37136
37786
38741
39771
40607
41470
42269
42706
43412
43699
44494
45045
45650
46346
47062
47745
48596
49133
49996
50862
51547
52155
52434
53303
53764
54124
54774
55312
55964
56836
57257
57412
57920
58562
59014
59768
60208
60451
60649
60718
61085
61050
61319
61421
61604
62097
62406
62668
63197
63237
63479
63915
64063
64264
64491
64786
65228
65447
65817
65665
65832
65688
65438
65738
65778
65601
65693
65632
65758
65921
66227
66234
66263
66529
66733
66896
67116
67450
67520
67969
68290
68354
68484
68439
68429
68446
68639
68610
68611
68441
68166
67971
67691
67584
67435
67092
66707
66778
66593
66768
66835
67221
67826
68155
68498
68673
68945
69179
69358
69430
69471
69591
69350
69427
69403
69429
69421
69420
69446
69935
70228
70229
70238
70110
70100
70069
69884
69714
69737
69371
69315
69538
69492
69177
69123
69230
69076
68728
68627
68762
68799
68996
69433
69524
69490
69519
69731
70074
70226
70319
70506
70578
70629
70543
70263
70184
70210
70268
70414
70386
70359
70172
70214
70451
70567
71245
71385
71604
71861
71879
71998
71776
71475
71067
70894
70767
70557
70050
69838
69814
69915
69962
70058
70097
70043
69909
70005
69811
70000
69701
69453
69465
69111
69101
68707
68568
68419
68399
68628
68546
68305
68254
68494
68479
68325
68556
68503
68788
69271
69399
69645
69899
70126
70326
70400
70441
70622
70800
70698
70506
70447
70378
70414
70589
70581
70218
69998
69879
70169
70280
70561
70728
70624
70317
70197
70253
70185
70063
70070
70371
70076
69965
69916
69606
69797
69796
69757
69858
69767
69852
69839
69799
69765
69600
69292
69339
69162
69318
69160
69199
69096
69053
69026
68765
68856
69093
69251
69170
69311
69429
69621
69942
70041
69967
69952
70151
70173
70145
69846
69674
69508
69816
69708
69576
69623
69670
69350
69269
69759
70008
70185
70381
70500
70292
70144
70551
70619
70762
71118
71327
71252
71212
71100
71041
71249
71349
71583
71558
71300
71318
71452
71387
71403
71417
71500
71482
71552
71476
71714
71744
71752
71554
71757
71743
72127
72276
72196
72185
72131
72123
72169
72073
71980
72016
72340
72584
72599
72889
73254
73193
73308
73293
73237
73395
73528
73654
73953
74281
74626
74785
75484
75728
75953
76289
76626
77039
77217
77493
77932
78219
78369
78898
79225
79604
80083
80329
80955
81700
82322
82849
83573
83849
84164
84534
84811
85109
85688
85893
86414
87396
88292
89155
90142
91087
92265
93368
94675
95936
97486
99082
100745
102340
103987
105864
107958
110061
112172
114222
116139
118122
120268
122359
124545
126713
128988
131161
133507
135777
138372
141094
143715
146724
149867
152774
155833
158858
161871
164929
168168
171226
174288
177322
180175
182997
185807
188716
191603
194250
196897
199327
201813
204045
206247
208434
210424
212365
214206
216009
217744
219392
220974
222417
223787
225116
226402
227593
228752
229821
230800
231772
232670
233547
234330
235093
235862
236576
237270
237886
238472
239057
239652
240164
240707
241218
241703
242145
242545
242953
243356
243716
244046
244400
244691
