0
0
0
0
0
0
2
3
3
5
5
5
5
6
7
7
9
10
12
13
15
15
17
19
18
18
21
25
29
29
31
30
33
35
38
38
40
39
39
39
41
43
47
49
50
50
51
50
50
51
52
53
53
56
55
53
51
52
53
53
52
52
53
52
55
55
52
52
50
50
54
52
54
52
54
54
55
57
58
58
57
58
58
58
57
56
54
51
51
49
50
51
51
54
54
55
54
55
55
54
54
55
54
55
56
57
55
55
53
53
53
50
50
49
46
46
46
46
46
46
46
46
45
44
44
41
41
41
42
42
42
40
39
39
38
37
35
35
35
35
35
32
30
30
29
28
29
29
28
26
26
25
24
22
24
23
23
24
23
24
24
24
22
21
22
22
21
21
21
22
21
21
20
19
19
19
19
19
19
19
19
19
19
19
20
20
20
20
21
21
21
21
21
21
21
21
21
20
20
21
21
21
21
20
20
20
20
19
18
18
16
16
17
16
14
14
14
14
16
16
16
15
14
14
14
13
12
12
11
11
11
11
11
11
10
10
10
10
10
10
11
11
11
11
11
11
10
11
11
11
11
11
11
11
10
10
11
11
10
10
10
10
12
12
12
13
13
13
13
13
14
15
15
18
18
17
17
17
17
15
15
14
12
12
11
11
11
11
10
10
10
10
10
11
10
9
8
10
10
10
9
11
11
11
11
11
11
11
11
10
10
11
11
11
11
10
10
9
10
10
10
10
10
10
10
10
8
8
11
11
11
11
11
11
11
11
10
10
10
10
10
10
10
10
10
10
10
10
11
11
11
11
11
12
10
10
10
9
9
9
9
9
9
9
9
9
9
9
9
9
10
9
9
9
10
11
11
12
12
12
11
10
9
9
9
9
9
9
9
10
11
12
12
12
11
9
9
11
11
11
11
11
11
11
10
11
12
13
13
13
12
11
11
12
11
11
11
11
11
10
10
10
10
9
9
9
9
9
9
9
9
8
8
8
8
8
8
8
8
8
8
8
8
8
8
8
8
8
8
8
8
8
8
8
8
8
8
8
8
7
7
7
7
7
6
6
6
6
6
6
6
6
6
6
6
6
6
6
6
6
6
6
6
5
5
5
6
6
6
6
6
6
6
6
6
5
5
5
5
5
5
5
5
5
5
5
5
5
4
4
4
4
4
4
4
4
4
4
4
4
4
4
4
4
4
4
4
3
3
3
3
3
3
3
2
2
2
2
2
2
2
2
2
2
2
2
2
2
2
1
1
1
0
0
0
0
0
0
0
0
0
0
0
0
0
0
0
0
0
0
0
0
0
0
0
0
0
0
0
0
0
0
0
0
0
0
0
0
0
0
0
0
0
0
0
0
0
0
0
0
