25
57
76
100
119
143
164
187
214
229
260
281
307
326
359
379
408
427
452
479
499
523
543
557
575
600
616
635
650
669
678
701
733
758
782
800
823
860
875
890
907
931
956
985
1000
1011
1029
1048
1067
1092
1121
1139
1157
1177
1194
1217
1235
1259
1276
1302
1324
1346
1365
1382
1405
1424
1448
1481
1505
1529
1550
1565
1587
1611
1643
1666
1681
1696
1717
1733
1758
1778
1810
1830
1856
1876
1893
1914
1945
1964
1987
2013
2032
2062
2084
2103
2130
2154
2178
2193
2215
2239
2263
2285
2309
2325
2345
2363
2385
2408
2441
2465
2484
2503
2526
2545
2571
2592
2606
2628
2650
2681
2704
2721
2735
2753
2775
2792
2817
2837
2861
2882
2905
2928
2950
2971
2989
3015
3031
3051
3081
3106
3128
3154
3171
3199
3224
3243
3266
3286
3306
3325
3342
3368
3393
3410
3430
3457
3472
3489
3513
3537
3567
3586
3603
3628
3648
3675
3697
3725
3745
3762
3781
3800
3822
3837
3853
3873
3890
3909
3941
3965
3984
4003
4016
4030
4051
4062
4083
4099
4123
4144
4166
4181
4206
4235
4255
4274
4289
4317
4337
4352
4379
4396
4416
4441
4462
4489
4508
4528
4551
4566
4586
4613
4638
4663
4677
4703
4721
4743
4772
4791
4813
4832
4853
4874
4893
4910
4932
4957
4975
5006
5020
5043
5059
5088
5105
5126
5146
5168
5188
5204
5225
5242
5268
5292
5314
5334
5351
5376
5397
5420
5450
5480
5501
5518
5534
5551
5572
5588
5607
5639
5656
5681
5695
5719
5745
5764
5789
5814
5842
5861
5881
5895
5921
5942
5964
5983
6008
6030
6049
6076
6100
6114
6140
6161
6182
6197
6212
6236
6258
6277
6299
6324
6345
6366
6394
6405
6434
6456
6479
6496
6514
6539
6563
6581
6602
6617
6639
6662
6689
6705
6721
6732
6754
6775
6790
6814
6837
6851
6873
6894
6910
6933
6951
6980
7002
7019
7042
7058
7075
7092
7109
7127
7154
7174
7192
7214
7236
7258
7279
7303
7321
7344
7365
7378
7394
7419
7441
7460
7481
7498
7515
7541
7562
7574
7591
7611
7626
7642
7657
7679
7698
7718
7740
7768
7778
7815
7829
7857
7876
7896
7923
7951
7975
7993
8013
8032
8060
8083
8105
8127
8142
8161
8187
8207
8235
8250
8271
8299
8325
8345
8381
8401
8416
8433
8446
8462
8480
8504
8525
8544
8573
8594
8614
8631
8651
8668
8689
8703
8723
8748
8774
8794
8808
8836
8856
8879
8900
8916
8937
8959
8976
8997
9017
9029
9050
9068
9089
9120
9136
9149
9174
9191
9218
9242
9260
9278
9299
9319
9344
9362
9392
9412
9443
9464
9486
9501
9520
9538
9553
9573
9586
9612
9634
9658
9673
9699
9727
9747
9769
9784
9811
9825
9852
9873
9888
9910
9927
9950
9969
9990
10011
10036
10066
10086
10111
10127
10146
10165
10184
10205
10235
10258
10271
10296
10318
10341
10373
10397
10410
10427
10443
10463
10484
10512
10531
10554
10572
10594
10612
10646
10656
10675
10690
10704
10718
10739
10770
10796
10811
10829
10847
10865
10890
10915
10938
10962
10984
11012
11029
11053
11073
11094
11120
11138
11158
11182
11204
11221
11252
11274
11294
11317
11339
11364
11382
11407
11427
11454
11481
11506
11530
11550
11575
11600
11615
11640
11661
11684
11697
11718
11743
11764
11789
11807
11819
11837
11854
11876
11903
11922
11950
11974
11991
12016
12036
12058
12074
12095
12114
12135
12155
12171
12203
12219
12244
12267
12291
12316
12334
12352
12373
12393
12418
12441
12455
12475
12497
12515
12532
12552
12572
12591
12611
12633
12654
12682
12701
12727
