16
40
59
79
105
127
152
173
189
206
234
260
275
293
313
333
353
382
402
435
458
485
500
518
544
559
570
595
615
645
670
703
717
741
760
777
791
808
828
846
871
897
921
940
960
983
1005
1030
1055
1081
1109
1139
1163
1177
1195
1217
1237
1265
1287
1302
1320
1348
1367
1388
1398
1422
1440
1466
1483
1494
1516
1537
1555
1569
1587
1615
1630
1651
1682
1696
1714
1731
1749
1771
1786
1808
1832
1855
1873
1900
1926
1939
1961
1978
2002
2024
2048
2074
2094
2111
2134
2155
2170
2191
2210
2227
2242
2273
2294
2316
2334
2360
2383
2397
2419
2440
2454
2478
2496
2510
2535
2555
2583
2603
2622
2641
2661
2682
2701
2721
2748
2772
2786
2810
2828
2850
2870
2889
2904
2929
2947
2964
2984
3008
3033
3055
3074
3102
3128
3154
3173
3194
3213
3239
3262
3280
3309
3328
3352
3377
3404
3425
3447
3460
3478
3498
3531
3553
3582
3602
3619
3656
3672
3692
3718
3740
3760
3782
3802
3821
3834
3862
3886
3911
3931
3955
3979
4006
4018
4042
4060
4077
4097
4117
4133
4157
4173
4202
4226
4245
4264
4278
4301
4326
4347
4381
4408
4422
4444
4462
4483
4501
4522
4544
4563
4587
4608
4630
4653
4669
4694
4715
4736
4757
4785
4803
4827
4848
4870
4893
4912
4931
4951
4973
4992
5013
5035
5058
5076
5099
5129
5147
5171
5195
5215
5235
5252
5264
5281
5299
5323
5343
5360
5374
5391
5414
5444
5457
5479
5499
5513
5536
5553
5570
5594
5622
5644
5666
5692
5710
5733
5763
5786
5807
5830
5854
5875
5901
5925
5942
5959
5986
5998
6012
6037
6056
6085
6102
6123
6143
6167
6187
6205
6226
6240
6268
6289
6310
6330
6349
6360
6381
6410
6433
6452
6475
6496
6515
6532
6558
6587
6618
6639
6663
6689
6709
6733
6750
6770
6797
6815
6839
6862
6879
6903
6924
6952
6972
7002
7033
7046
7079
7102
7120
7148
7168
7191
7218
7239
7255
7270
7289
7306
7328
7347
7364
7396
7412
7431
7451
7478
7502
7524
7545
7569
7583
7599
7616
7634
7656
7684
7708
7729
7754
7773
7788
7803
7825
7850
7878
7895
7914
7930
7955
7972
7994
8011
8026
8038
8057
8075
8099
8122
8148
8169
8185
8201
8227
8247
8272
8291
8321
8343
8357
8375
8400
8419
8441
8468
8490
8509
8521
8547
8564
8580
8598
8613
8636
8659
8678
8696
8726
8749
8774
8800
8821
8835
8857
8883
8906
8931
8954
8974
8996
9015
9039
9058
9073
9092
9115
9143
9172
9201
9217
9245
9268
9282
9301
9319
9347
9373
9390
9414
9441
9459
9480
9495
9507
9534
9552
9574
9588
9602
9623
9644
9661
9682
9705
9722
9745
9772
9797
9811
9833
9848
9871
9890
9910
9932
9952
9976
9993
10017
10035
10060
10074
10098
10118
10142
10160
10182
10202
10230
10252
10274
10296
10322
10352
10371
10397
10427
10450
10466
10493
10523
10540
10563
10581
10596
10620
10639
10658
10681
10702
10721
10743
10762
10782
10800
10824
10846
10865
10890
10917
10947
10970
10988
11002
11023
11048
11068
11093
11114
11131
11146
11172
11196
11219
11245
11265
11291
11313
11326
11344
11362
11388
11407
11428
11445
11465
11483
11503
11529
11550
11574
11593
11618
11641
11669
11687
11708
11734
11755
11769
11799
11821
11836
11854
11870
11899
11919
11937
11958
11986
12018
12037
12055
12076
12099
12118
12134
12150
12162
12182
12204
12223
12239
12260
12269
12284
12301
12323
12335
12358
12382
12401
12430
12448
12465
12485
12511
12529
12542
12569
12586
12607
12625
12649
12671
12685
