0
0
1
3
9
13
24
35
43
51
54
66
82
86
94
105
107
116
124
126
130
134
146
151
164
172
172
175
179
187
193
196
201
202
205
209
209
211
216
220
228
225
224
223
224
223
219
225
233
232
232
226
226
227
229
233
230
229
236
234
233
230
229
225
226
231
232
232
232
234
234
240
234
227
225
226
225
229
228
230
229
229
222
220
210
211
210
206
205
205
206
210
210
209
212
210
207
199
200
198
201
201
203
200
198
192
189
184
178
179
178
178
176
174
172
172
170
169
163
167
165
153
146
143
144
143
143
143
147
148
147
144
142
141
139
142
144
143
142
141
145
143
137
135
132
130
128
126
125
124
121
121
122
122
119
120
118
114
109
110
109
107
106
106
101
97
98
94
92
93
95
91
90
88
94
96
94
92
91
89
88
88
89
84
83
84
78
79
82
81
84
86
86
85
89
91
91
89
85
88
90
89
88
85
84
84
86
87
86
83
82
80
81
81
81
79
80
82
83
83
84
86
84
81
81
83
82
82
80
83
84
87
87
87
94
98
91
93
90
92
90
88
87
89
93
94
94
96
96
94
97
98
97
100
103
108
111
113
114
107
109
108
110
108
110
113
111
110
109
113
115
112
109
110
113
118
120
121
121
119
118
122
119
122
122
122
120
122
124
125
126
129
126
121
125
125
122
124
129
127
126
125
125
124
129
127
126
124
123
124
125
125
132
136
135
132
136
138
145
145
145
142
147
144
141
141
142
143
146
145
146
149
143
146
151
152
152
151
151
148
149
155
153
159
161
166
166
160
163
167
162
167
169
171
170
165
172
178
178
175
173
175
171
168
166
165
167
167
163
164
162
162
165
163
166
164
168
174
172
173
171
171
172
168
167
173
171
172
171
173
179
174
176
176
181
179
176
171
172
169
176
181
182
181
183
181
185
185
181
184
189
190
196
201
201
198
201
203
195
192
189
195
195
202
202
200
204
204
203
209
205
204
207
203
202
207
215
214
214
217
217
220
223
219
219
218
217
215
221
222
221
220
217
215
213
214
211
213
212
211
212
209
207
206
206
206
204
201
203
201
197
201
196
193
191
183
187
187
180
180
180
180
178
180
181
185
190
192
192
189
183
188
192
190
187
188
189
184
181
181
174
173
171
166
167
169
167
166
164
161
156
150
150
153
151
150
151
151
150
146
143
142
141
140
138
134
134
129
127
127
126
123
118
114
112
106
104
101
100
99
96
91
88
83
80
80
79
77
75
73
70
67
67
63
60
57
53
53
52
52
51
51
47
46
44
43
42
39
36
35
32
31
31
31
30
30
29
28
28
28
27
27
27
26
24
24
24
23
23
23
22
22
22
22
22
21
20
18
17
17
