16
29
34
39
43
50
51
51
41
37
36
34
37
40
36
37
35
32
32
37
43
38
36
28
33
34
34
32
26
26
27
32
30
30
33
32
31
39
41
38
37
47
48
44
43
47
50
55
53
57
65
60
62
71
69
73
73
75
67
71
65
65
64
73
79
80
76
72
75
78
79
72
73
72
81
73
75
83
89
87
94
88
88
99
101
108
115
114
117
129
129
130
137
136
138
140
139
143
154
156
159
167
176
180
184
188
202
210
210
221
223
230
234
229
240
247
253
257
259
273
276
270
282
283
295
303
320
324
336
340
342
346
351
353
362
366
373
382
384
388
399
404
409
413
422
426
442
448
453
466
481
490
496
499
498
502
507
511
519
522
530
539
548
554
565
572
580
589
596
607
614
629
638
641
649
657
665
664
666
670
678
683
689
698
701
705
714
713
723
725
731
742
749
755
762
769
772
784
789
794
802
803
804
810
816
820
828
834
847
857
866
869
874
882
889
897
905
910
915
920
925
930
935
942
944
951
957
964
967
973
987
996
1003
1011
1018
1033
1047
1050
1056
1060
1066
1071
1072
1076
1086
1093
1096
1097
1101
1108
1110
1119
1122
1128
1132
1134
1141
1153
1159
1165
1170
1177
1175
1176
1177
1186
1189
1195
1200
1205
1213
1215
1217
1229
1232
1242
1245
1256
1263
1272
1277
1291
1295
1305
1311
1315
1321
1321
1316
1318
1323
1335
1350
1355
1361
1363
1378
1382
1382
1385
1388
1385
1384
1391
1400
1404
1413
1418
1418
1415
1419
1431
1437
1438
1438
1453
1461
1472
1475
1479
1484
1493
1498
1496
1500
1499
1500
1509
1515
1518
1526
1532
1532
1534
1541
1547
1549
1561
1573
1580
1582
1581
1583
1585
1585
1595
1598
1602
1600
1602
1604
1612
1615
1620
1622
1626
1631
1637
1642
1646
1648
1658
1667
1673
1677
1680
1687
1688
1694
1699
1703
1706
1715
1721
1723
1726
1728
1739
1745
1750
1755
1757
1765
1770
1777
1786
1802
1814
1823
1824
1826
1827
1833
1842
1845
1854
1860
1864
1870
1877
1883
1892
1901
1914
1918
1923
1932
1940
1957
1972
1980
1987
1998
2006
2013
2027
2034
2043
2051
2055
2064
2068
2070
2083
2091
2102
2106
2118
2132
2138
2151
2158
2164
2171
2175
2184
2195
2204
2212
2220
2231
2240
2245
2251
2261
2276
2280
2289
2292
2301
2315
2319
2327
2334
2351
2367
2379
2391
2405
2412
2424
2432
2448
2457
2474
2485
2498
2509
2519
2532
2543
2557
2570
2576
2584
2593
2607
2623
2634
2646
2656
2668
2675
2686
2696
2711
2729
2739
2754
2761
2773
2783
2792
2806
2817
2826
2832
2840
2854
2864
2872
2882
2886
2898
2907
2914
2924
2935
2942
2949
2962
2971
2983
2993
3004
3021
3029
3041
3051
3059
3072
3079
3087
3103
3119
3130
3141
3153
3160
3173
3182
3192
3199
3206
3216
3229
3242
3250
3262
3270
3281
3292
3301
3309
3319
3334
3353
3364
3375
3382
3394
3403
3410
3422
3431
3439
3449
3462
3472
3483
3496
3509
3517
3526
3536
3545
3553
3561
3575
3584
3601
3611
3618
3631
3643
3656
3672
3682
3689
3698
3708
3719
3727
3739
3753
3763
3772
3781
3788
3804
3822
3834
3847
3857
3870
3881
3895
3902
3917
3924
