13
29
35
48
56
53
54
54
50
43
45
46
48
46
48
43
45
44
45
49
47
45
44
46
43
42
54
61
66
66
77
78
82
86
75
80
93
87
85
76
78
81
83
87
93
101
100
101
96
104
111
109
115
114
119
132
133
141
141
144
153
144
150
154
159
164
171
181
189
192
197
195
195
196
203
206
216
223
230
233
243
250
253
258
271
282
287
297
293
300
309
317
321
330
341
350
361
366
372
383
385
387
398
407
411
417
427
435
443
453
457
469
482
500
509
512
515
522
531
533
542
554
556
563
569
576
588
594
599
604
617
621
629
642
640
645
661
670
677
687
697
710
715
719
729
736
738
746
753
761
764
772
784
787
789
795
800
804
812
814
823
833
843
857
866
879
885
890
898
910
920
927
936
938
948
950
954
960
973
981
989
1002
1009
1017
1024
1030
1039
1047
1061
1069
1080
1085
1094
1104
1108
1120
1131
1144
1153
1156
1159
1173
1182
1196
1201
1208
1212
1216
1227
1235
1250
1256
1258
1263
1270
1279
1291
1302
1309
1309
1320
1330
1337
1343
1349
1356
1367
1375
1385
1396
1400
1409
1419
1423
1432
1436
1442
1443
1447
1462
1470
1472
1472
1486
1490
1497
1503
1515
1523
1527
1531
1539
1543
1545
1554
1562
1573
1580
1586
1594
1601
1608
1624
1631
1638
1643
1650
1660
1664
1664
1670
1679
1688
1691
1700
1709
1714
1720
1726
1735
1740
1748
1750
1749
1754
1760
1769
1774
1783
1798
1805
1805
1810
1820
1824
1828
1827
1829
1837
1842
1852
1862
1874
1877
1880
1880
1881
1891
1898
1903
1910
1910
1915
1920
1924
1930
1936
1950
1950
1951
1957
1968
1979
1986
1994
1994
2003
2016
2028
2036
2044
2048
2059
2065
2068
2077
2088
2092
2094
2098
2107
2116
2127
2129
2125
2136
2148
2160
2165
2165
2171
2180
2186
2188
2201
2214
2213
2219
2227
2231
2233
2247
2254
2261
2262
2266
2277
2279
2280
2285
2298
2304
2307
2312
2313
2323
2328
2329
2332
2339
2348
2351
2354
2360
2365
2366
2374
2376
2376
2388
2396
2401
2405
2413
2424
2437
2442
2450
2462
2471
2484
2489
2502
2504
2508
2516
2518
2519
2524
2529
2531
2540
2545
2562
2567
2568
2575
2573
2581
2585
2595
2598
2605
2615
2611
2619
2625
2627
2638
2644
2648
2661
2665
2667
2668
2680
2681
2682
2683
2685
2689
2694
2703
2708
2707
2712
2712
2717
2735
2731
2733
2745
2747
2751
2759
2765
2770
2772
2777
2785
2791
2793
2802
2812
2810
2819
2823
2826
2827
2829
2834
2839
2845
2844
2848
2851
2854
2857
2860
2868
2876
2884
2887
2885
2889
2895
2902
2905
2910
2919
2924
2930
2931
2938
2947
2949
2962
2960
2964
2967
2976
2988
2991
2992
2995
3005
3004
3010
3023
3027
3029
3037
3036
3042
3041
3046
3052
3052
3060
3066
3073
3080
3088
3098
3112
3123
3124
3133
3139
3144
3148
3163
3167
3171
3175
3180
3187
3191
3198
3207
3216
3229
3234
3243
3247
3255
3265
3278
3286
3296
3297
3300
3309
3314
3321
3331
3332
3342
3350
3349
3352
3355
3357
3367
3370
3378
3386
3395
3406
3418
3426
3434
3440
3452
3460
3467
3470
3474
3489
3496
3514
3518
3532
3543
3555
3561
3573
3583
3595
3605
3613
3624
3636
3645
3657
3666
3674
3684
3705
3712
