9
15
26
33
40
39
48
50
52
49
51
54
57
54
52
48
40
39
42
45
43
43
45
49
52
50
57
58
54
57
60
67
68
67
69
75
72
69
70
73
74
78
80
80
80
84
85
81
87
95
106
111
112
118
121
121
125
125
131
131
138
144
148
154
151
149
153
162
164
172
176
189
192
198
214
223
232
239
237
244
249
261
271
274
274
279
285
291
288
292
294
294
297
301
302
312
319
326
344
347
351
353
358
369
377
382
391
398
403
413
415
431
437
447
460
466
474
487
495
502
506
510
512
515
526
540
549
552
563
576
583
595
599
612
623
630
639
644
652
660
666
677
683
693
699
706
709
721
730
733
733
742
746
756
767
771
776
789
799
808
819
823
835
843
851
861
874
884
888
892
903
913
923
938
952
962
970
973
976
980
986
988
989
995
998
997
1002
1015
1020
1024
1041
1053
1064
1074
1083
1088
1098
1100
1109
1124
1139
1150
1159
1164
1173
1176
1183
1192
1202
1216
1221
1227
1231
1234
1243
1250
1259
1270
1273
1275
1287
1299
1306
1308
1316
1331
1336
1346
1355
1358
1365
1374
1380
1396
1403
1402
1408
1421
1430
1436
1440
1445
1453
1466
1475
1484
1486
1491
1498
1511
1520
1529
1535
1537
1542
1554
1572
1578
1587
1587
1599
1604
1613
1624
1632
1644
1647
1668
1676
1682
1694
1693
1700
1707
1716
1719
1726
1730
1738
1748
1755
1760
1771
1776
1787
1793
1793
1796
1811
1813
1817
1823
1832
1844
1851
1856
1855
1858
1862
1867
1880
1887
1898
1901
1912
1924
1926
1928
1938
1946
1953
1965
1974
1982
1989
2002
2016
2020
2029
2034
2045
2048
2055
2067
2069
2074
2081
2093
2096
2102
2109
2114
2117
2122
2132
2145
2148
2152
2154
2162
2168
2176
2180
2177
2176
2184
2190
2197
2207
2213
2216
2229
2232
2238
2241
2252
2259
2268
2279
2278
2288
2296
2300
2307
2315
2318
2323
2324
2330
2335
2333
2327
2335
2347
2355
2356
2360
2371
2379
2379
2387
2396
2398
2405
2408
2404
2407
2413
2421
2425
2428
2434
2435
2436
2438
2441
2447
2458
2459
2458
2468
2475
2478
2489
2494
2499
2507
2515
2516
2524
2530
2534
2538
2544
2556
2553
2551
2556
2568
2571
2573
2579
2584
2588
2597
2612
2614
2619
2628
2626
2633
2641
2644
2635
2647
2653
2658
2660
2664
2666
2671
2687
2691
2699
2703
2704
2703
2717
2723
2733
2734
2733
2735
2736
2744
2745
2746
2745
2755
2762
2768
2776
2785
2796
2795
2796
2797
2799
2807
2820
2822
2831
2839
2855
2855
2857
2860
2863
2870
2880
2887
2896
2896
2897
2908
2917
2920
2918
2921
2928
2930
2940
2946
2946
2950
2958
2965
2969
2966
2976
2977
2978
2988
2987
2995
3004
3008
3015
3018
3022
3029
3029
3033
3039
3044
3052
3051
3057
3060
3063
3068
3075
3077
3087
3094
3102
3100
3100
3106
3112
3117
3125
3132
3148
3158
3164
3168
3175
3179
3187
3193
3205
3219
3233
3243
3252
3258
3263
3278
3283
3283
3290
3293
3296
3311
3313
3321
3328
3336
3345
3357
3373
3381
3395
3400
3400
3413
3416
3428
3427
3430
3433
3443
3450
3454
3460
3468
3482
3490
3497
3504
3515
3525
3529
3535
3544
3561
3571
3584
3598
3612
3620
3624
3633
3644
3655
3667
3676
3693
3703
