554
609
666
729
802
891
982
1091
1157
1297
1424
1548
1685
1788
1923
2099
2252
2416
2613
2838
3010
3217
3437
3664
3832
4031
4234
4486
4747
4975
5243
5475
5677
5917
6235
6504
6802
7084
7366
7738
8049
8307
8556
8822
9107
9408
9653
10009
10371
10705
11079
11329
11606
11966
12312
12629
12895
13166
13449
13678
13963
14227
14511
14808
15099
15309
15579
15701
15907
16153
16293
16525
16637
16748
16894
17097
17362
17527
17733
18014
18203
18483
18711
18822
19034
19281
19547
19677
19739
19954
20146
20158
20120
20257
20302
20373
20294
20310
20307
20248
20366
20486
20485
20545
20528
20479
20475
20515
20451
20464
20452
20361
20373
20330
20252
20184
20221
20114
20153
20261
20163
20070
20069
19883
19783
19600
19417
19364
19353
19259
19067
18958
18794
18588
18484
18336
18108
18041
17905
17716
17591
17394
17297
17251
17123
16913
16757
16530
16330
16142
16070
15889
15804
15607
15479
15380
15205
15067
14941
14723
14572
14424
14268
14109
13982
13794
13546
13471
13290
13187
13029
12944
12852
12754
12660
12538
12337
12205
12033
11853
11632
11528
11402
11258
11145
11002
10863
10724
10619
10450
10294
10177
10063
9854
9764
9644
9511
9476
9294
9214
9032
8892
8740
8626
8494
8450
8234
8212
8100
7987
7865
7778
7644
7575
7419
7283
7151
7080
6981
6811
6713
6569
6442
6338
6203
6051
5923
5824
5749
5676
5591
5428
5330
5270
5175
5038
4952
4802
4661
4539
4449
4403
4311
4236
4137
4077
3992
3879
3809
3711
3642
3507
3407
3334
3295
3193
3122
3012
2897
2832
2770
2710
2618
2529
2481
2404
2388
2318
2245
2202
2180
2151
2113
2051
1967
1877
1890
1848
1803
1756
1687
1642
1585
1479
1429
1419
1365
1325
1257
1195
1135
1081
1025
988
962
935
880
811
787
755
727
692
661
634
613
601
579
575
548
517
506
494
461
446
428
410
408
386
374
356
345
309
298
296
282
264
262
241
221
203
195
191
179
176
170
154
141
128
124
109
108
103
96
93
89
92
79
80
77
74
74
74
80
72
67
61
56
46
44
46
50
48
44
45
39
38
30
27
31
28
29
33
31
29
31
33
29
26
22
21
18
15
12
15
16
16
12
11
11
12
8
8
8
6
4
4
4
3
1
2
1
1
1
1
1
2
3
3
3
3
2
2
2
3
3
3
5
7
6
7
7
6
6
4
4
3
3
4
4
3
2
2
2
2
2
1
1
1
1
1
0
0
0
0
0
0
0
0
0
0
0
0
0
0
0
0
0
0
0
0
0
0
0
0
0
0
0
0
0
0
0
0
0
0
0
0
0
0
0
0
0
0
0
0
0
0
0
0
0
0
0
0
0
0
0
0
0
0
0
0
0
0
0
0
0
0
0
0
0
0
0
0
0
0
0
0
0
0
0
0
0
0
0
0
0
0
0
0
0
0
0
0
0
0
0
0
0
0
0
0
0
0
0
0
0
0
0
0
0
0
0
0
0
0
0
0
0
0
0
0
0
0
0
0
0
0
0
0
0
0
0
0
0
0
0
0
0
0
0
0
0
0
0
0
0
0
0
0
0
0
0
0
0
0
0
0
0
0
0
0
