546
608
674
750
812
879
965
1030
1134
1231
1342
1461
1557
1706
1810
1966
2090
2284
2439
2591
2732
2943
3115
3325
3517
3728
3979
4230
4467
4670
4893
5173
5452
5794
6091
6399
6731
7058
7415
7711
8089
8407
8767
9069
9494
9874
10306
10607
10971
11369
11848
12273
12704
13077
13485
13954
14367
14828
15285
15732
16236
16724
17330
17826
18470
19089
19402
19842
20323
20841
21402
21950
22529
22991
23457
24041
24675
25235
25937
26408
27115
27710
28200
28820
29337
29991
30761
31342
31870
32313
32829
33323
33842
34505
34971
35546
36155
36599
37120
37652
38265
38944
39430
40037
40582
41473
42169
42873
43648
44460
45037
45759
46691
47459
48211
48788
49560
50275
51173
51887
52632
53328
54038
54691
55387
56254
56840
57486
58182
58830
59514
60217
60720
61649
62466
63222
63950
64459
65325
65978
66819
67869
68852
69728
70414
71309
72084
72993
73777
74739
75642
76310
77552
78425
79306
80512
81657
82909
83802
84751
85701
86678
87551
88495
89344
90468
91298
91848
92718
93736
94537
95506
96686
97450
98253
99010
99584
100468
101092
101808
102520
103247
103883
104264
104650
104975
105233
105632
105865
106423
106564
106763
107226
107227
107601
107902
108278
108792
109252
109455
109670
110289
110607
110673
110955
111182
111180
111453
111449
111380
111253
111264
111301
111107
111022
111084
110908
110735
110213
110039
109848
109561
109322
108921
108388
107876
107523
107021
106636
105874
105289
104686
104236
103583
103261
102850
102488
102029
101558
101099
100596
100109
99546
98864
98044
97301
96584
96220
95450
94874
94257
93464
92680
91811
90972
90203
89441
88596
87895
87032
86364
85397
84603
83747
83200
82621
81855
80920
80129
79353
78435
77624
76898
76004
75380
74504
73696
72902
71992
71263
70325
69390
68372
67286
66211
65175
64387
63614
62741
61577
60480
59223
58342
57181
56284
55319
54712
53792
52776
52035
51263
50240
49448
48822
47871
46853
46002
45242
44317
43386
42414
41537
40820
40040
39353
38671
37953
37316
36634
36106
35342
34670
33832
33079
32440
31885
31109
30322
29767
29286
28738
28165
27526
26867
26324
25755
25147
24436
23886
23297
22773
22111
21573
21034
20609
19990
19466
18927
18439
17920
17429
16894
16491
16005
15631
15186
14882
14547
14037
13721
13235
12882
12543
12099
11774
11495
11223
10979
10652
10367
10082
9744
9428
9131
8803
8553
8228
8035
7797
7604
7317
7119
6908
6644
6428
6207
6049
5805
5620
5407
5204
5028
4841
4684
4486
4294
4145
4040
3895
3785
3621
3505
3395
3296
3170
3071
2998
2894
2795
2724
2607
2515
2445
2364
2274
2201
2117
2067
1985
1916
1865
1796
1750
1692
1635
1545
1499
1433
1405
1339
1286
1220
1178
1159
1130
1103
1061
999
964
942
920
872
862
845
818
778
774
709
661
626
599
577
579
534
509
502
493
465
467
437
414
399
389
376
356
337
314
297
283
277
278
265
249
241
232
212
205
203
194
188
187
183
172
156
152
140
137
127
124
131
134
134
133
128
124
123
115
109
97
90
86
77
66
71
71
64
60
56
52
49
40
36
32
31
27
24
25
25
24
22
24
24
23
21
23
21
19
14
14
14
12
11
11
10
8
8
7
7
4
5
5
5
4
6
7
6
6
7
9
11
12
11
12
10
10
12
13
16
13
14
15
15
11
12
12
13
12
10
10
7
7
6
6
6
4
2
2
2
1
1
1
0
0
0
0
0
0
0
0
0
0
0
0
0
0
0
0
0
0
0
