2
27
61
113
196
261
327
387
481
571
667
758
854
965
1063
1165
1270
1372
1476
1577
1673
1754
1847
1941
2026
2114
2199
2271
2355
2425
2503
2582
2654
2736
2813
2883
2975
3049
3123
3177
3238
3296
3351
3406
3454
3497
3539
3595
3633
3692
3735
3761
3796
3822
3858
3889
3926
3959
3981
4017
4033
4065
4083
4109
4130
4146
4157
4165
4177
4176
4184
4185
4188
4189
4188
4181
4171
4171
4165
4166
4170
4168
4168
4157
4155
4159
4156
4160
4157
4152
4152
4152
4148
4153
4147
4145
4149
4155
4156
4148
4140
4137
4131
4130
4110
4094
4077
4065
4048
4039
4028
4019
4005
3998
3993
3983
3968
3965
3953
3942
3934
3915
3904
3889
3880
3865
3852
3838
3829
3805
3791
3782
3772
3759
3742
3729
3713
3703
3691
3675
3659
3650
3633
3618
3601
3585
3571
3561
3548
3534
3523
3506
3495
3475
3470
3455
3438
3427
3418
3408
3399
3389
3378
3364
3349
3333
3322
3310
3301
3286
3272
3256
3245
3222
3212
3196
3183
3174
3161
3143
3130
3120
3112
3097
3089
3081
3063
3048
3034
3020
3012
3004
2995
2981
2973
2964
2948
2935
2923
2904
2890
2877
2872
2859
2845
2831
2821
2812
2801
2784
2773
2765
2753
2737
2728
2719
2711
2702
2693
2682
2669
2653
2643
2630
2620
2612
2600
2590
2581
2573
2557
2544
2530
2520
2504
2491
2482
2470
2458
2447
2438
2431
2424
2411
2404
2392
2379
2368
2358
2350
2342
2332
2320
2307
2299
2284
2277
2270
2260
2249
2240
2231
2223
2214
2204
2198
2187
2179
2169
2158
2149
2141
2135
2128
2118
2109
2104
2094
2087
2080
2075
2067
2056
2046
2040
2035
2028
2021
2019
2012
2008
1997
1991
1978
1974
1966
1952
1942
1930
1921
1913
1904
1893
1886
1875
1871
1863
1856
1850
1842
1835
1827
1818
1814
1809
1805
1795
1790
1783
1776
1769
1757
1751
1747
1741
1738
1730
1719
1713
1703
1699
1691
1686
1682
1676
1670
1668
1664
1661
1654
1651
1645
1641
1633
1626
1619
1614
1612
1607
1603
1600
1594
1587
1580
1576
1569
1562
1555
1550
1543
1537
1535
1530
1523
1515
1510
1508
1499
1494
1480
1470
1464
1459
1455
1452
1448
1442
1437
1428
1422
1413
1407
1405
1397
1392
1388
1383
1380
1376
1369
1367
1358
1354
1347
1335
1334
1326
1319
1311
1306
