66685
57304
52593
51811
52469
54414
55311
57019
58753
60970
62663
64909
66997
68761
70287
72929
75309
77314
79667
81879
84163
86167
88378
91339
93776
96197
98829
101588
103480
106507
108719
111687
113731
117084
119815
122835
125564
128225
131186
134753
137446
140214
142503
145420
147296
150138
152952
155547
158466
161457
163260
165496
168428
170840
173725
176837
180279
183683
186398
189690
193255
196259
199394
202003
205166
208260
211292
213910
214902
215652
216277
217308
218676
220402
222169
224268
225739
226311
227137
228807
230126
230165
229491
230040
230784
232042
232752
233662
234623
235324
235863
235976
235457
236038
237147
238292
239346
240101
240363
239412
238760
238280
238813
239654
241122
242371
242340
241469
240278
239661
239658
239544
238945
237684
236014
234458
233570
232940
233183
234194
235000
236056
236427
236342
236159
235302
233584
232430
232073
231920
231195
230421
230247
230867
231942
232548
232751
234065
236286
238698
240761
242576
244083
244663
244607
244361
243907
243756
243455
242954
242981
243175
243138
242790
243090
243743
244346
244262
243881
243528
243605
243267
243266
242884
242654
242400
242748
243306
243942
244737
245705
246826
247688
247948
247824
248036
248527
249090
249448
249668
249810
249908
249946
249973
249983
249990
249992
249997
249998
249999
250000
250000
250000
250000
250000
250000
250000
250000
250000
250000
250000
250000
250000
250000
250000
250000
250000
250000
250000
250000
250000
250000
250000
250000
250000
250000
250000
250000
250000
250000
250000
250000
250000
250000
250000
250000
250000
250000
250000
250000
250000
250000
250000
250000
250000
250000
250000
250000
250000
250000
250000
250000
250000
250000
250000
250000
250000
250000
250000
250000
250000
250000
250000
250000
250000
250000
250000
250000
250000
250000
250000
250000
250000
250000
250000
250000
250000
250000
250000
250000
250000
250000
250000
250000
250000
250000
250000
250000
250000
250000
250000
250000
250000
250000
250000
250000
250000
250000
250000
250000
250000
250000
250000
250000
250000
250000
250000
250000
250000
250000
250000
250000
250000
250000
250000
250000
250000
250000
250000
250000
250000
250000
250000
250000
250000
250000
250000
250000
250000
250000
250000
250000
250000
250000
250000
250000
250000
250000
250000
250000
250000
250000
250000
250000
250000
250000
250000
250000
250000
250000
250000
250000
250000
250000
250000
250000
250000
250000
250000
250000
250000
250000
250000
250000
250000
250000
250000
250000
250000
250000
250000
250000
250000
250000
250000
250000
250000
250000
250000
250000
250000
250000
250000
250000
250000
250000
250000
250000
250000
250000
250000
250000
250000
250000
250000
250000
250000
250000
250000
250000
250000
250000
250000
250000
250000
250000
250000
250000
250000
250000
