66457
57122
52199
52082
52556
53804
55445
57042
58689
60648
62888
64068
66089
68633
71037
73210
75185
77308
79232
81440
83777
86570
88987
91448
94278
96623
99093
101626
103827
106730
108815
111662
114337
117398
120268
123352
126478
128754
131311
133651
135517
138662
141747
144403
147373
149934
152189
154581
157550
160498
163672
166020
169357
172310
174251
177650
179421
182506
184406
187079
190324
192704
194385
195007
196588
198723
200786
202089
203664
205124
207365
209512
211133
212690
213483
214525
217134
220093
222498
224406
226046
226701
227343
228036
228419
228689
228929
228936
228498
228836
229708
229937
230616
230927
230786
229882
229405
228811
228663
229451
230765
232846
234477
235896
236568
237479
238516
238954
239153
238937
239418
240028
239804
239432
238918
238303
237892
237501
236931
236756
237258
237202
237064
236955
236952
237235
237449
237252
237034
237000
237144
237173
237185
236926
236712
237048
236798
236508
235815
235296
235509
236512
236909
236530
236312
237240
237675
238173
238564
238689
238375
237772
237788
237732
237783
237934
238311
238838
239462
239698
239975
240080
239679
239200
239244
239458
239771
240261
240738
241469
242483
243202
243235
243187
243644
243397
243010
242971
243491
243667
243446
242741
242212
241899
241862
241562
241397
242159
242587
242744
243032
243290
243598
243802
243997
243492
243274
242630
242068
241467
241170
240567
240161
239977
239888
239783
239798
239707
239942
240054
240090
239495
239191
239161
239122
239260
239471
240047
239874
240359
240755
241146
241121
240672
240698
241049
241074
240620
240488
240424
239849
239541
239807
240131
240239
240276
240633
240580
240374
240520
240759
240716
240944
241245
241726
242002
242145
241841
241743
242306
242809
243297
243854
244543
245203
245524
245226
244747
244141
243789
243412
243431
243165
243384
243342
243475
243711
243980
244068
244179
244110
243649
243439
243466
242954
242532
242365
242398
242652
242853
243185
243212
243397
243615
243594
243750
243504
243266
242765
242337
242131
242221
242288
242551
242693
242908
242959
243343
243612
244079
244733
245293
245549
245376
245347
244951
244633
244644
244798
244804
245088
245178
245074
245061
245173
245177
245160
245071
244873
244386
244201
244375
244523
244637
244770
244778
244709
244734
244591
244658
244858
245097
244987
245273
245473
245480
245852
246173
246259
246189
246246
246512
246902
247394
247720
247947
248087
248191
248324
248693
249123
249476
249683
249826
249899
249947
249976
249987
249991
249998
249998
250000
250000
250000
250000
250000
250000
250000
250000
250000
250000
250000
250000
250000
250000
250000
250000
250000
250000
250000
250000
250000
250000
250000
250000
250000
250000
250000
250000
250000
250000
250000
250000
250000
250000
250000
250000
250000
250000
250000
