66860
57048
53151
52466
53181
53969
55763
57565
59282
60661
62240
64426
66173
68751
70987
72845
75177
76919
79092
81155
83602
87067
89721
91842
94563
96501
99145
101694
104581
106395
109484
112373
115382
117907
120267
123265
126164
128795
131329
133816
136849
140381
142908
145487
147969
150275
153537
156223
158962
162258
165677
168690
171819
175420
178654
181646
184740
187700
189685
192089
194435
197817
200821
202186
204635
207465
210878
215065
218922
221507
224260
227843
230418
231962
233169
234945
236649
237910
238116
238225
238559
237957
237262
237092
237770
238405
238787
238775
238358
237692
236625
234921
232614
231063
229914
228954
228448
228431
229806
231556
232434
231661
230425
229081
227567
226901
226565
226190
225773
225733
226100
226933
227406
227773
228702
230804
232207
232218
231786
231716
231062
231188
231200
231266
231978
232968
234053
234924
236050
237086
238037
239127
240043
241111
243250
245563
247355
248476
249133
249502
249732
249857
249917
249958
249976
249991
249996
249998
249999
250000
250000
250000
250000
250000
250000
250000
250000
250000
250000
250000
250000
250000
250000
250000
250000
250000
250000
250000
250000
250000
250000
250000
250000
250000
250000
250000
250000
250000
250000
250000
250000
250000
250000
250000
250000
250000
250000
250000
250000
250000
250000
250000
250000
250000
250000
250000
250000
250000
250000
250000
250000
250000
250000
250000
250000
250000
250000
250000
250000
250000
250000
250000
250000
250000
250000
250000
250000
250000
250000
250000
250000
250000
250000
250000
250000
250000
250000
250000
250000
250000
250000
250000
250000
250000
250000
250000
250000
250000
250000
250000
250000
250000
250000
250000
250000
250000
250000
250000
250000
250000
250000
250000
250000
250000
250000
250000
250000
250000
250000
250000
250000
250000
250000
250000
250000
250000
250000
250000
250000
250000
250000
250000
250000
250000
250000
250000
250000
250000
250000
250000
250000
250000
250000
250000
250000
250000
250000
250000
250000
250000
250000
250000
250000
250000
250000
250000
250000
250000
250000
250000
250000
250000
250000
250000
250000
250000
250000
250000
250000
250000
250000
250000
250000
250000
250000
250000
250000
250000
250000
250000
250000
250000
250000
250000
250000
250000
250000
250000
250000
250000
250000
250000
250000
250000
250000
250000
250000
250000
250000
250000
250000
250000
250000
250000
250000
250000
250000
250000
250000
250000
250000
250000
250000
250000
250000
250000
250000
250000
250000
250000
250000
250000
250000
250000
250000
250000
250000
250000
250000
250000
250000
250000
250000
250000
250000
250000
250000
250000
250000
250000
250000
250000
250000
250000
250000
250000
250000
250000
250000
250000
250000
250000
250000
250000
250000
250000
250000
250000
250000
250000
