51588
152839
235970
300850
352828
393939
427340
453714
474859
490574
501803
511439
517230
520486
522068
522359
521268
519545
517037
513310
509248
504888
499591
494160
487983
481301
473975
466718
459267
452691
444546
436872
429547
422767
416406
408469
399833
391514
383767
375996
367979
360417
351948
342935
334008
324953
316757
309200
300741
291806
282869
274152
264865
255238
245287
235167
224707
215721
206362
197925
188379
179067
170228
161751
153932
147232
142194
138513
134903
130192
124281
118284
111205
104390
100132
98231
96761
94577
91694
87954
83799
79928
76737
73724
69943
67007
64754
63204
61725
59259
55952
53337
51386
49517
48334
47598
46950
46913
46218
45347
44339
42950
41743
41411
42755
44438
46761
48418
48879
48925
48326
45995
42349
38158
33970
30429
27514
24398
21721
19032
16472
14265
12100
9969
8164
6676
5479
4495
3695
3027
2480
2044
1676
1371
1111
905
747
601
478
398
331
272
226
187
154
130
103
77
66
53
42
38
33
28
24
20
13
8
7
6
5
5
4
3
3
2
1
0
0
0
0
0
0
0
0
0
0
0
0
0
0
0
0
0
0
0
0
0
0
0
0
0
0
0
0
0
0
0
0
0
0
0
0
0
0
0
0
0
0
0
0
0
0
0
0
0
0
0
0
0
0
0
0
0
0
0
0
0
0
0
0
0
0
0
0
0
0
0
0
0
0
0
0
0
0
0
0
0
0
0
0
0
0
0
0
0
0
0
0
0
0
0
0
0
0
0
0
0
0
0
0
0
0
0
0
0
0
0
0
0
0
0
0
0
0
0
0
0
0
0
0
0
0
0
0
0
0
0
0
0
0
0
0
0
0
0
0
0
0
0
0
0
0
0
0
0
0
0
0
0
0
0
0
0
0
0
0
0
0
0
0
0
0
0
0
0
0
0
0
0
0
0
0
0
0
0
0
0
0
0
0
0
0
0
0
0
0
0
0
0
0
0
0
0
0
0
0
0
0
0
0
0
0
0
0
0
0
0
0
0
0
0
0
0
0
0
0
0
0
0
0
0
0
0
0
0
0
0
0
0
