51641
152536
235821
302170
354808
396149
428170
454777
474897
491214
503074
510985
517034
520808
523204
524117
522582
519786
516346
512919
508624
503784
498590
492621
486659
480909
474780
467856
460458
452590
445001
437157
429862
422449
414840
408357
400233
391205
382407
374209
366140
358082
350207
341878
332631
324526
316266
308293
299942
290282
281379
272271
263095
254806
245551
235809
225977
217106
209781
201723
194286
186824
178628
170773
162309
153719
146335
138991
133556
129099
124794
119712
114106
107685
101970
96456
90986
87329
84813
81438
76821
73050
70425
69259
68742
66761
64362
62520
60431
57655
54018
50179
47021
43626
40122
36361
31832
27374
22775
18849
15555
12824
10530
8636
7074
5779
4766
3875
3147
2627
2150
1774
1471
1172
958
800
646
521
419
344
279
236
193
156
121
103
83
65
54
42
39
32
27
24
18
17
12
11
11
8
6
5
4
3
3
2
1
1
1
1
1
1
0
0
0
0
0
0
0
0
0
0
0
0
0
0
0
0
0
0
0
0
0
0
0
0
0
0
0
0
0
0
0
0
0
0
0
0
0
0
0
0
0
0
0
0
0
0
0
0
0
0
0
0
0
0
0
0
0
0
0
0
0
0
0
0
0
0
0
0
0
0
0
0
0
0
0
0
0
0
0
0
0
0
0
0
0
0
0
0
0
0
0
0
0
0
0
0
0
0
0
0
0
0
0
0
0
0
0
0
0
0
0
0
0
0
0
0
0
0
0
0
0
0
0
0
0
0
0
0
0
0
0
0
0
0
0
0
0
0
0
0
0
0
0
0
0
0
0
0
0
0
0
0
0
0
0
0
0
0
0
0
0
0
0
0
0
0
0
0
0
0
0
0
0
0
0
0
0
0
0
0
0
0
0
0
0
0
0
0
0
0
0
0
0
0
0
0
0
0
0
0
0
0
0
0
0
0
0
0
0
0
0
0
0
0
0
0
0
0
0
0
0
0
0
0
0
0
0
0
0
0
0
0
0
0
0
0
0
0
0
0
0
0
0
0
0
0
0
0
