21
45
71
91
107
124
149
170
191
217
243
265
280
305
324
340
362
383
412
432
451
472
490
518
536
564
583
608
630
662
683
704
719
737
749
768
790
811
844
863
887
906
932
952
975
999
1023
1038
1055
1076
1091
1125
1142
1160
1178
1211
1234
1250
1266
1285
1302
1318
1350
1367
1390
1409
1427
1448
1458
1478
1493
1506
1520
1533
1553
1565
1582
1599
1617
1644
1671
1696
1723
1746
1768
1793
1808
1833
1852
1867
1887
1906
1927
1944
1971
1988
2010
2031
2048
2071
2088
2104
2124
2144
2165
2189
2205
2226
2238
2262
2279
2301
2313
2328
2350
2376
2401
2423
2448
2475
2499
2520
2543
2574
2591
2616
2645
2672
2693
2713
2745
2770
2791
2818
2842
2858
2880
2908
2923
2946
2967
2991
3020
3042
3065
3083
3105
3122
3137
3163
3183
3195
3227
3253
3277
3295
3317
3338
3356
3378
3399
3418
3448
3472
3491
3513
3545
3562
3578
3605
3628
3646
3666
3689
3697
3722
3746
3765
3779
3804
3826
3846
3870
3896
3923
3941
3962
3985
4007
4028
4045
4067
4091
4111
4133
4166
4188
4214
4231
4244
4269
4293
4316
4337
4354
4373
4395
4413
4429
4448
4467
4489
4507
4531
4551
4573
4594
4618
4644
4664
4690
4702
4727
4750
4770
4792
4809
4837
4857
4885
4906
4922
4943
4965
4985
5001
5026
5050
5072
5089
5105
5130
5152
5171
5193
5209
5240
5259
5287
5317
5335
5358
5383
5407
5428
5446
5472
5490
5511
5531
5549
5564
5579
5599
5614
5635
5660
5696
5711
5731
5757
5774
5796
5819
5845
5862
5880
5895
5910
5931
5960
5990
6025
6048
6072
6084
6108
6135
6155
6178
6188
6201
6222
6237
6262
6285
6301
6328
6350
6371
6394
6415
6433
6457
6488
6518
6540
6550
6571
6588
6612
6646
6670
6687
6715
6741
6757
6782
6803
6827
6848
6868
6895
6915
6947
6980
7008
7026
7043
7063
7092
7118
7143
7160
7181
7199
7228
7257
7273
7291
7317
7339
7374
7391
7414
7428
7444
7464
7479
7505
7521
7540
7560
7573
7596
7614
7632
7658
7681
7702
7725
7753
7776
7794
7819
7840
7865
7883
7905
7929
7951
7967
7998
8015
8039
8067
8086
8109
8126
8153
8185
8202
8225
8252
8272
8301
8330
8356
8374
8395
8430
8455
8482
8510
8532
8558
8569
8587
8606
8629
