8
42
114
178
275
346
417
487
570
635
723
793
869
947
1008
1061
1137
1192
1234
1274
1335
1378
1419
1478
1527
1560
1602
1621
1666
1679
1721
1763
1791
1800
1825
1856
1856
1870
1894
1908
1911
1937
1963
1977
1961
1989
2009
2013
2010
2012
2015
2000
1987
1979
1990
1998
2009
2003
1985
1972
1969
1952
1942
1924
1912
1894
1885
1849
1831
1802
1791
1774
1764
1749
1741
1717
1716
1700
1673
1665
1640
1627
1610
1594
1583
1566
1541
1528
1512
1511
1480
1471
1458
1427
1410
1397
1379
1377
1376
1373
1373
1368
1364
1374
1365
1361
1358
1351
1329
1325
1328
1316
1325
1326
1325
1323
1333
1326
1303
1297
1280
1264
1261
1246
1251
1253
1241
1247
1229
1203
1173
1148
1126
1103
1063
1027
994
966
941
910
886
850
831
803
776
753
736
722
699
678
655
640
622
599
579
556
541
530
521
509
488
472
459
447
434
422
410
399
388
375
366
357
345
333
323
316
298
287
278
268
262
256
247
241
228
223
214
206
201
196
188
184
175
172
161
156
155
147
144
138
135
131
129
125
123
118
115
109
107
104
97
92
90
88
85
81
78
75
71
67
64
63
61
58
57
56
54
52
49
46
44
43
42
42
42
40
40
39
39
38
37
36
35
35
34
34
34
32
32
31
31
27
27
26
26
26
26
26
26
24
24
23
23
22
19
18
18
18
18
16
15
15
14
13
13
12
10
9
7
7
7
7
7
7
7
6
6
6
6
6
6
5
5
5
5
4
4
4
4
4
4
4
4
3
3
3
3
3
3
2
2
2
2
2
2
2
1
1
1
1
1
1
1
1
0
0
0
0
0
0
0
0
0
0
0
0
0
0
0
0
0
0
0
0
0
0
0
0
0
0
0
0
0
0
0
0
0
0
0
0
0
0
0
0
0
0
0
0
0
0
0
0
0
0
0
0
0
0
0
0
0
0
0
0
0
0
0
0
0
0
0
0
0
0
0
0
0
0
0
0
