114
196
262
272
269
290
307
324
355
360
370
393
384
401
412
434
458
484
484
488
506
531
559
574
603
623
657
681
702
700
740
778
802
824
846
857
881
925
970
997
1052
1089
1113
1161
1205
1233
1252
1280
1335
1372
1417
1469
1524
1585
1627
1687
1740
1781
1834
1892
1960
2023
2103
2170
2249
2318
2411
2492
2570
2647
2728
2797
2880
2987
3063
3141
3210
3291
3366
3456
3525
3597
3681
3754
3839
3897
3960
4026
4081
4151
4231
4289
4367
4459
4527
4607
4661
4733
4814
4892
4971
5052
5129
5206
5282
5362
5451
5550
5652
5745
5846
5919
6004
6097
6196
6272
6374
6470
6547
6634
6753
6848
6939
7051
7150
7255
7375
7461
7564
7667
7763
7869
7977
8097
8214
8321
8433
8538
8660
8767
8898
9005
9117
9223
9335
9435
9534
9640
9751
9850
9952
10063
10166
10281
10400
10514
10620
10736
10830
10937
11061
11175
11270
11403
11509
11590
11702
11815
11918
12024
12121
12234
12343
12440
12546
12662
12770
12866
12959
13080
13186
13290
13412
13507
13623
13731
13837
13920
14041
14160
14251
14352
14459
14571
14666
14774
14896
15003
15090
15194
15306
15424
15524
15640
15739
15832
15956
16053
16162
16281
16386
16491
16577
16678
16787
16895
17003
17096
17202
17316
17419
17537
17641
17767
17872
17988
18088
18191
18285
18389
18491
18594
18712
18820
18905
19017
19119
19210
19316
19425
19507
19607
19714
19801
19910
20017
20131
20257
20361
20486
20608
20712
20823
20931
21031
21142
21256
21369
21484
21585
21678
21793
21904
22014
22112
22227
22346
22468
22571
22666
22772
22858
22981
23090
23172
23264
23398
23497
23601
23714
23800
23888
24018
24121
24240
24336
24436
24543
24650
24750
24849
24943
25049
25152
25246
25325
25432
25539
25642
25756
25868
25968
26069
26189
26295
26401
26486
26598
26684
26781
26889
26982
27082
27184
27272
27365
27460
27564
27654
27760
27876
27984
28080
28177
28298
28404
28506
28602
28709
28807
28897
29002
29099
29216
29340
29431
29521
29632
29735
29847
29947
30064
30168
30265
30365
30446
30554
30667
30782
30865
30954
31055
31145
31237
31345
31438
31543
31635
31745
31844
31923
32001
32095
32199
32303
32413
32502
32601
32709
32802
32901
33023
33111
33187
33287
33384
33505
33608
33716
33831
33929
34033
34150
34259
34382
34488
34606
34718
34816
34924
35038
35136
35235
35329
35440
35542
35660
35754
35851
35942
