104
173
215
240
245
258
290
299
303
317
335
366
398
391
397
413
431
425
457
474
486
504
527
556
560
600
635
659
682
694
714
760
780
813
831
866
914
946
994
1030
1050
1095
1128
1151
1184
1229
1262
1271
1313
1355
1423
1476
1520
1551
1594
1642
1711
1780
1827
1874
1931
1979
2047
2123
2188
2248
2312
2395
2479
2531
2606
2664
2751
2797
2882
2960
3029
3106
3181
3265
3334
3398
3490
3590
3681
3778
3863
3981
4049
4130
4221
4300
4367
4437
4518
4607
4726
4808
4892
4984
5065
5169
5254
5348
5443
5537
5655
5754
5855
5940
6043
6147
6248
6377
6466
6572
6683
6764
6856
6961
7075
7194
7296
7415
7518
7644
7754
7835
7958
8072
8188
8291
8404
8503
8620
8717
8820
8938
9048
9152
9238
9331
9429
9525
9624
9734
9847
9955
10051
10170
10272
10377
10496
10631
10717
10805
10929
11037
11140
11239
11354
11463
11563
11668
11775
11887
12027
12123
12246
12334
12435
12548
12655
12762
12873
12979
13099
13213
13300
13432
13535
13644
13764
13868
13969
14070
14187
14291
14401
14497
14594
14689
14797
14898
15028
15154
15269
15370
15460
15561
15654
15766
15871
15964
16072
16171
16276
16386
16517
16632
16747
16848
16965
17084
17195
17277
17383
17491
17599
17711
17822
17939
18051
18162
18259
18367
18466
18558
18640
18755
18850
18953
19061
19160
19265
19385
19498
19597
19695
19783
19873
19983
20115
20225
20330
20427
20538
20631
20713
20819
20915
21039
21153
21246
21369
21474
21583
21702
21817
21915
22017
22116
22217
22322
22415
22517
22608
22726
22841
22954
23061
23174
23283
23396
23495
23590
23703
23805
23910
24020
24133
24257
24371
24494
24595
24713
24798
24905
25015
25101
25230
25324
25451
25562
25662
25771
25873
25987
26094
26204
26277
26388
26488
26573
26671
26788
26883
26982
27085
27194
27304
27398
27500
27592
27693
27802
27921
28030
28129
28241
28350
28451
28565
28661
28776
28878
28976
29078
29184
29305
29414
29508
29587
29678
29761
29864
29974
30074
30181
30281
30376
30488
30593
30701
30799
30891
30984
31076
31171
31261
31359
31452
31553
31655
31766
31877
31978
32082
32180
32270
32389
32487
32586
32706
32814
32916
33020
33127
33225
33326
33423
33544
33653
33748
33845
33970
34068
34171
34279
34374
34455
34576
34668
34768
34875
34983
35103
35204
35304
35400
35505
35599
35681
35786
35899
36000
36110
36204
36312
36432
