606
728
881
1060
1258
1439
1680
1878
2079
2262
2450
2598
2768
2942
3120
3200
3325
3414
3464
3475
3456
3410
3305
3244
3206
3112
3014
2853
2719
2530
2413
2217
2061
1901
1726
1602
1509
1410
1259
1161
1042
935
839
771
690
623
551
486
459
417
362
308
275
243
211
168
154
140
126
119
120
115
111
96
96
94
87
93
89
74
69
59
58
63
49
35
30
30
22
27
29
29
27
27
28
27
31
39
32
29
28
26
30
30
35
37
35
35
28
25
22
20
17
14
16
14
11
13
15
13
11
15
14
17
19
18
20
22
22
21
19
23
22
22
19
20
23
25
22
23
22
23
27
23
21
24
28
32
31
32
27
31
30
30
22
19
21
18
22
27
32
32
29
30
28
27
21
23
23
22
23
24
27
23
23
20
19
18
13
12
11
13
16
13
14
16
13
12
12
16
18
21
22
22
21
20
15
14
14
13
14
12
13
13
16
16
21
23
21
23
27
30
31
28
27
29
28
30
30
35
31
35
36
33
31
26
31
31
28
25
27
27
33
29
28
28
29
34
37
38
40
42
39
35
35
34
41
34
38
39
35
29
34
34
31
29
27
31
25
20
17
17
14
13
10
18
25
26
26
20
27
23
23
23
23
17
19
23
19
19
25
27
25
27
31
24
22
25
25
23
23
21
15
19
24
26
30
33
32
36
29
28
28
19
24
21
22
20
16
16
12
13
14
13
15
21
15
17
17
17
13
17
17
14
16
15
14
16
20
21
17
14
14
16
13
14
17
20
19
14
13
12
13
11
8
10
6
9
10
9
7
4
4
4
3
3
3
3
1
0
0
0
0
0
0
0
0
0
0
0
0
0
0
0
0
0
0
0
0
0
0
0
0
0
0
0
0
0
0
0
0
0
0
0
0
0
0
0
0
0
0
0
0
0
0
0
0
0
0
0
